,x_start,y_start,x_stop,y_stop,z,0,1,2,3,positive_ground_truth,negative_ground_truth
0,2927,1408,3183,1664,0,0,0,0,0,False,False
1,3874,2156,4130,2412,0,0,0,0,0,False,False
2,1779,897,2035,1153,0,0,0,0,0,False,False
3,3228,1020,3484,1276,0,0,0,0,0,False,False
4,2388,1173,2644,1429,0,0,0,0,0,False,False
5,3133,1632,3389,1888,0,0,0,0,0,False,False
6,2761,2234,3017,2490,0,0,0,0,0,False,False
7,3106,938,3362,1194,0,0,0,0,0,False,False
8,2972,1049,3228,1305,0,0,0,0,0,False,False
9,2062,2286,2318,2542,0,0,0,0,0,False,False
10,3702,1516,3958,1772,2,65536,0,0,0,False,False
11,3785,866,4041,1122,2,65536,0,0,0,False,False
12,2889,2086,3145,2342,2,65536,0,0,0,False,False
13,3359,2117,3615,2373,2,65536,0,0,0,False,False
14,2937,2054,3193,2310,2,65536,0,0,0,False,False
15,3507,1056,3763,1312,2,65536,0,0,0,False,False
16,3702,1716,3958,1972,2,65536,0,0,0,False,False
17,3898,2297,4154,2553,2,65536,0,0,0,False,False
18,2455,2281,2711,2537,2,65536,0,0,0,False,False
19,2839,2331,3095,2587,2,65536,0,0,0,False,False
20,1432,1131,1688,1387,17,65536,0,0,0,False,False
21,3430,1403,3686,1659,17,65536,0,0,0,False,False
22,3554,1327,3810,1583,17,65536,0,0,0,False,False
23,2266,1995,2522,2251,17,65536,0,0,0,False,False
24,1203,1252,1459,1508,17,65536,0,0,0,False,False
25,1890,1915,2146,2171,17,65536,0,0,0,False,False
26,2143,1453,2399,1709,17,65536,0,0,0,False,False
27,3442,1977,3698,2233,17,65536,0,0,0,False,False
28,2742,2213,2998,2469,17,65536,0,0,0,False,False
29,1215,1360,1471,1616,17,65536,0,0,0,False,False
30,1390,2415,1646,2671,20,65536,0,0,0,False,False
31,3977,2268,4233,2524,20,65536,0,0,0,False,False
32,2886,1535,3142,1791,20,65536,0,0,0,False,False
33,3377,846,3633,1102,20,65536,0,0,0,False,False
34,2053,1434,2309,1690,20,65536,0,0,0,False,False
35,1129,2500,1385,2756,20,65536,0,0,0,False,False
36,3444,1136,3700,1392,20,65536,0,0,0,False,False
37,1609,2168,1865,2424,20,65536,0,0,0,False,False
38,1676,1197,1932,1453,20,65536,0,0,0,False,False
39,2608,1000,2864,1256,20,65536,0,0,0,False,False
40,2864,2395,3120,2651,21,65536,0,0,0,False,False
41,3750,1689,4006,1945,21,65536,0,0,0,False,False
42,3593,1046,3849,1302,21,65536,0,0,0,False,False
43,2131,955,2387,1211,21,65401,135,0,0,True,False
44,2921,853,3177,1109,21,65536,0,0,0,False,False
45,1250,1090,1506,1346,21,65536,0,0,0,False,False
46,1693,2289,1949,2545,21,65536,0,0,0,False,False
47,2402,2467,2658,2723,21,65536,0,0,0,False,False
48,2569,1582,2825,1838,21,65536,0,0,0,False,False
49,2279,1286,2535,1542,21,64455,1081,0,0,True,False
50,3542,1473,3798,1729,25,65536,0,0,0,False,False
51,3535,2094,3791,2350,25,65536,0,0,0,False,False
52,3550,1079,3806,1335,25,65536,0,0,0,False,False
53,3657,1782,3913,2038,25,65536,0,0,0,False,False
54,3720,1601,3976,1857,25,65536,0,0,0,False,False
55,2020,2139,2276,2395,25,65536,0,0,0,False,False
56,1834,978,2090,1234,25,65536,0,0,0,False,False
57,1814,2352,2070,2608,25,65536,0,0,0,False,False
58,3528,1183,3784,1439,25,65536,0,0,0,False,False
59,3431,919,3687,1175,25,65536,0,0,0,False,False
60,3748,2512,4004,2768,27,65536,0,0,0,False,False
61,2956,1507,3212,1763,27,65536,0,0,0,False,False
62,3943,1355,4199,1611,27,65536,0,0,0,False,False
63,1518,2265,1774,2521,27,65536,0,0,0,False,False
64,2517,1418,2773,1674,27,65536,0,0,0,False,False
65,2504,1827,2760,2083,27,65536,0,0,0,False,False
66,2626,2060,2882,2316,27,65536,0,0,0,False,False
67,3370,2389,3626,2645,27,65536,0,0,0,False,False
68,2136,2520,2392,2776,27,65536,0,0,0,False,True
69,3524,1032,3780,1288,27,65536,0,0,0,False,False
70,2563,1749,2819,2005,29,65536,0,0,0,False,False
71,2956,2226,3212,2482,29,65536,0,0,0,False,False
72,2966,1842,3222,2098,29,65536,0,0,0,False,False
73,3729,1925,3985,2181,29,65536,0,0,0,False,False
74,3016,1656,3272,1912,29,65536,0,0,0,False,False
75,1856,2195,2112,2451,29,65536,0,0,0,False,False
76,3705,1093,3961,1349,29,65536,0,0,0,False,False
77,3363,2517,3619,2773,29,65536,0,0,0,False,False
78,1712,2245,1968,2501,29,65536,0,0,0,False,False
79,1714,2065,1970,2321,29,65536,0,0,0,False,False
80,2392,1839,2648,2095,33,65536,0,0,0,False,False
81,3400,2097,3656,2353,33,65536,0,0,0,False,False
82,3765,1005,4021,1261,33,65536,0,0,0,False,False
83,2079,2075,2335,2331,33,65536,0,0,0,False,False
84,2747,1356,3003,1612,33,65536,0,0,0,False,False
85,1759,2450,2015,2706,33,65536,0,0,0,False,False
86,2447,944,2703,1200,33,65536,0,0,0,False,False
87,3319,2306,3575,2562,33,65536,0,0,0,False,False
88,3769,1099,4025,1355,33,65536,0,0,0,False,False
89,2232,2252,2488,2508,33,65536,0,0,0,False,False
90,1392,1634,1648,1890,73,65536,0,0,0,False,False
91,3090,1502,3346,1758,73,65536,0,0,0,False,False
92,3688,1166,3944,1422,73,65536,0,0,0,False,False
93,3274,1109,3530,1365,73,65536,0,0,0,False,False
94,1143,2424,1399,2680,73,65536,0,0,0,False,False
95,1392,2038,1648,2294,73,65536,0,0,0,False,False
96,1983,1198,2239,1454,73,65536,0,0,0,False,False
97,1452,2312,1708,2568,73,65536,0,0,0,False,False
98,2740,1914,2996,2170,73,65536,0,0,0,False,False
99,1651,1245,1907,1501,73,65536,0,0,0,False,False
100,1330,1365,1586,1621,74,65504,32,0,0,True,False
101,2644,1568,2900,1824,74,65536,0,0,0,False,False
102,2327,1899,2583,2155,74,65536,0,0,0,False,False
103,2134,2524,2390,2780,74,65536,0,0,0,False,False
104,2721,2262,2977,2518,74,65536,0,0,0,False,False
105,2474,2422,2730,2678,74,65536,0,0,0,False,False
106,2571,1384,2827,1640,74,65536,0,0,0,False,False
107,1184,1300,1440,1556,74,65536,0,0,0,False,False
108,2902,1468,3158,1724,74,65536,0,0,0,False,False
109,2018,1416,2274,1672,74,65440,96,0,0,True,False
110,3548,1882,3804,2138,81,65536,0,0,0,False,False
111,2669,1968,2925,2224,81,65536,0,0,0,False,False
112,1586,931,1842,1187,81,65536,0,0,0,False,False
113,1422,2447,1678,2703,81,65536,0,0,0,False,False
114,2464,1894,2720,2150,81,65536,0,0,0,False,False
115,3182,2216,3438,2472,81,65536,0,0,0,False,False
116,3187,2206,3443,2462,81,65536,0,0,0,False,False
117,2098,920,2354,1176,81,65536,0,0,0,False,False
118,1462,2516,1718,2772,81,65536,0,0,0,False,False
119,3833,963,4089,1219,81,65536,0,0,0,False,False
120,3474,2303,3730,2559,89,65536,0,0,0,False,False
121,1121,2311,1377,2567,89,65536,0,0,0,False,False
122,2177,1239,2433,1495,89,65536,0,0,0,False,False
123,2364,2246,2620,2502,89,65536,0,0,0,False,True
124,2214,1271,2470,1527,89,65536,0,0,0,False,False
125,1555,1505,1811,1761,89,65536,0,0,0,False,False
126,1411,855,1667,1111,89,65536,0,0,0,False,False
127,1545,1628,1801,1884,89,65536,0,0,0,False,False
128,1655,890,1911,1146,89,65536,0,0,0,False,False
129,1730,2413,1986,2669,89,65536,0,0,0,False,False
130,2069,2358,2325,2614,96,65536,0,0,0,False,False
131,2398,1721,2654,1977,96,65536,0,0,0,False,False
132,1374,1020,1630,1276,96,65536,0,0,0,False,False
133,3459,1094,3715,1350,96,65536,0,0,0,False,False
134,1520,1965,1776,2221,96,65536,0,0,0,False,False
135,3399,1965,3655,2221,96,65536,0,0,0,False,False
136,3520,1096,3776,1352,96,65536,0,0,0,False,False
137,1452,1545,1708,1801,96,65536,0,0,0,False,False
138,1460,878,1716,1134,96,65536,0,0,0,False,False
139,2403,2029,2659,2285,96,65536,0,0,0,False,False
140,3467,1253,3723,1509,99,65536,0,0,0,False,False
141,3684,878,3940,1134,99,65536,0,0,0,False,False
142,3219,943,3475,1199,99,65536,0,0,0,False,False
143,1853,888,2109,1144,99,65536,0,0,0,False,False
144,3195,2313,3451,2569,99,65536,0,0,0,False,False
145,3387,1765,3643,2021,99,65536,0,0,0,False,True
146,1396,2366,1652,2622,99,65536,0,0,0,False,False
147,3139,1151,3395,1407,99,65536,0,0,0,False,False
148,2931,2334,3187,2590,99,65536,0,0,0,False,False
149,1400,2423,1656,2679,99,65536,0,0,0,False,False
150,3445,1699,3701,1955,100,64182,1354,0,0,True,False
151,2951,2276,3207,2532,100,65536,0,0,0,False,False
152,3359,1509,3615,1765,100,63185,2351,0,0,True,False
153,3525,1124,3781,1380,100,65536,0,0,0,False,False
154,2509,1199,2765,1455,100,65536,0,0,0,False,False
155,2338,1937,2594,2193,100,61932,3604,0,0,True,False
156,2310,2190,2566,2446,100,65536,0,0,0,False,False
157,3514,2157,3770,2413,100,65536,0,0,0,False,False
158,2973,1638,3229,1894,100,62164,3372,0,0,True,False
159,2343,1657,2599,1913,100,65536,0,0,0,False,False
160,2280,1298,2536,1554,107,65536,0,0,0,False,False
161,2885,1322,3141,1578,107,65536,0,0,0,False,False
162,3624,1333,3880,1589,107,65536,0,0,0,False,False
163,3655,1285,3911,1541,107,65536,0,0,0,False,False
164,1916,2184,2172,2440,107,65536,0,0,0,False,False
165,3630,977,3886,1233,107,65536,0,0,0,False,False
166,1479,1105,1735,1361,107,65536,0,0,0,False,False
167,2442,1683,2698,1939,107,65536,0,0,0,False,False
168,1179,2047,1435,2303,107,65536,0,0,0,False,False
169,1166,1262,1422,1518,107,65536,0,0,0,False,False
170,3515,1931,3771,2187,117,65536,0,0,0,False,False
171,2443,1001,2699,1257,117,65536,0,0,0,False,False
172,1731,1695,1987,1951,117,65536,0,0,0,False,False
173,1204,1565,1460,1821,117,65536,0,0,0,False,False
174,2267,1603,2523,1859,117,65536,0,0,0,False,False
175,1849,1286,2105,1542,117,65536,0,0,0,False,False
176,1338,893,1594,1149,117,65536,0,0,0,False,False
177,1520,1077,1776,1333,117,65536,0,0,0,False,False
178,3783,2443,4039,2699,117,65536,0,0,0,False,False
179,2288,1157,2544,1413,117,65536,0,0,0,False,False
180,3743,1868,3999,2124,126,65536,0,0,0,False,False
181,2754,1397,3010,1653,126,65536,0,0,0,False,False
182,3424,2528,3680,2784,126,65536,0,0,0,False,False
183,2747,1557,3003,1813,126,65536,0,0,0,False,False
184,3252,1848,3508,2104,126,65536,0,0,0,False,False
185,1687,1425,1943,1681,126,65536,0,0,0,False,False
186,1762,1778,2018,2034,126,65536,0,0,0,False,False
187,2588,1867,2844,2123,126,65536,0,0,0,False,False
188,3397,1714,3653,1970,126,65536,0,0,0,False,False
189,1730,1446,1986,1702,126,65536,0,0,0,False,False
190,2472,1996,2728,2252,127,65536,0,0,0,False,False
191,3576,1284,3832,1540,127,65536,0,0,0,False,False
192,2488,1085,2744,1341,127,65536,0,0,0,False,False
193,2887,866,3143,1122,127,65536,0,0,0,False,False
194,3584,1736,3840,1992,127,65536,0,0,0,False,False
195,3706,1702,3962,1958,127,65536,0,0,0,False,False
196,2665,1209,2921,1465,127,65536,0,0,0,False,False
197,3068,1176,3324,1432,127,65536,0,0,0,False,False
198,1886,1398,2142,1654,127,65536,0,0,0,False,True
199,2147,921,2403,1177,127,65536,0,0,0,False,False
200,1939,2406,2195,2662,164,65536,0,0,0,False,False
201,3516,2372,3772,2628,164,65536,0,0,0,False,False
202,1858,1380,2114,1636,164,65536,0,0,0,False,False
203,3721,2451,3977,2707,164,65536,0,0,0,False,False
204,3735,1710,3991,1966,164,65536,0,0,0,False,False
205,1125,910,1381,1166,164,65536,0,0,0,False,False
206,2249,1523,2505,1779,164,65536,0,0,0,False,False
207,1723,1683,1979,1939,164,65536,0,0,0,False,False
208,1992,1753,2248,2009,164,65536,0,0,0,False,False
209,1800,2099,2056,2355,164,65536,0,0,0,False,False
210,2646,1164,2902,1420,171,65536,0,0,0,False,False
211,2855,920,3111,1176,171,65536,0,0,0,False,False
212,3260,2029,3516,2285,171,65536,0,0,0,False,False
213,1933,943,2189,1199,171,65536,0,0,0,False,False
214,1591,1812,1847,2068,171,65536,0,0,0,False,False
215,1619,2318,1875,2574,171,65536,0,0,0,False,False
216,2162,2435,2418,2691,171,65536,0,0,0,False,False
217,1258,1038,1514,1294,171,65536,0,0,0,False,False
218,1862,1960,2118,2216,171,65536,0,0,0,False,False
219,2078,1914,2334,2170,171,65536,0,0,0,False,False
220,3838,1330,4094,1586,173,65536,0,0,0,False,False
221,1916,846,2172,1102,173,65536,0,0,0,False,False
222,2126,1721,2382,1977,173,65536,0,0,0,False,False
223,2929,1768,3185,2024,173,65536,0,0,0,False,False
224,3230,1675,3486,1931,173,65536,0,0,0,False,False
225,1437,847,1693,1103,173,65536,0,0,0,False,False
226,1793,964,2049,1220,173,65536,0,0,0,False,False
227,3126,1423,3382,1679,173,65536,0,0,0,False,False
228,2688,1926,2944,2182,173,65536,0,0,0,False,False
229,2410,1191,2666,1447,173,65536,0,0,0,False,False
230,2403,2516,2659,2772,175,65536,0,0,0,False,False
231,3247,1440,3503,1696,175,65536,0,0,0,False,False
232,2180,1950,2436,2206,175,65536,0,0,0,False,False
233,1270,1677,1526,1933,175,65536,0,0,0,False,False
234,2411,1064,2667,1320,175,65536,0,0,0,False,False
235,2706,1238,2962,1494,175,65536,0,0,0,False,False
236,3488,2122,3744,2378,175,65536,0,0,0,False,False
237,3946,916,4202,1172,175,65536,0,0,0,False,False
238,3079,1600,3335,1856,175,65536,0,0,0,False,False
239,1527,835,1783,1091,175,65536,0,0,0,False,False
240,2324,982,2580,1238,184,65536,0,0,0,False,False
241,3612,1960,3868,2216,184,65536,0,0,0,False,False
242,2547,2112,2803,2368,184,65536,0,0,0,False,False
243,2032,1802,2288,2058,184,65536,0,0,0,False,False
244,3533,2157,3789,2413,184,65536,0,0,0,False,False
245,1272,1666,1528,1922,184,65536,0,0,0,False,False
246,2629,2175,2885,2431,184,65536,0,0,0,False,False
247,2472,2025,2728,2281,184,65536,0,0,0,False,False
248,3211,1237,3467,1493,184,65536,0,0,0,False,False
249,1780,1989,2036,2245,184,65536,0,0,0,False,False
250,2086,1209,2342,1465,187,65536,0,0,0,False,False
251,3836,1770,4092,2026,187,65536,0,0,0,False,False
252,1959,1540,2215,1796,187,65536,0,0,0,False,False
253,3495,2488,3751,2744,187,65536,0,0,0,False,False
254,3093,844,3349,1100,187,65536,0,0,0,False,False
255,1232,2278,1488,2534,187,65536,0,0,0,False,False
256,2470,1408,2726,1664,187,65536,0,0,0,False,False
257,3330,2267,3586,2523,187,65536,0,0,0,False,False
258,3693,1271,3949,1527,187,65536,0,0,0,False,False
259,3379,2475,3635,2731,187,65536,0,0,0,False,False
260,2422,1997,2678,2253,195,65536,0,0,0,False,False
261,3293,1683,3549,1939,195,65536,0,0,0,False,False
262,1906,2244,2162,2500,195,65536,0,0,0,False,False
263,2008,1634,2264,1890,195,65536,0,0,0,False,False
264,1476,1078,1732,1334,195,65536,0,0,0,False,False
265,1209,2046,1465,2302,195,65536,0,0,0,False,False
266,1256,1153,1512,1409,195,65536,0,0,0,False,False
267,2799,2089,3055,2345,195,65536,0,0,0,False,False
268,2909,2260,3165,2516,195,65536,0,0,0,False,False
269,2386,1197,2642,1453,195,65536,0,0,0,False,False
270,3097,1963,3353,2219,196,65536,0,0,0,False,False
271,3132,1763,3388,2019,196,65536,0,0,0,False,False
272,2664,1020,2920,1276,196,65536,0,0,0,False,False
273,1712,1432,1968,1688,196,63068,2468,0,0,True,False
274,3988,1325,4244,1581,196,65536,0,0,0,False,False
275,3915,1820,4171,2076,196,65536,0,0,0,False,False
276,1439,1380,1695,1636,196,65536,0,0,0,False,False
277,3132,1787,3388,2043,196,65536,0,0,0,False,False
278,2037,1164,2293,1420,196,63664,1872,0,0,True,False
279,3523,930,3779,1186,196,65536,0,0,0,False,False
280,1497,1080,1753,1336,198,65536,0,0,0,False,False
281,3923,1949,4179,2205,198,65536,0,0,0,False,False
282,3769,1699,4025,1955,198,65536,0,0,0,False,False
283,2162,1736,2418,1992,198,65536,0,0,0,False,False
284,3404,1148,3660,1404,198,65536,0,0,0,False,False
285,2747,2506,3003,2762,198,65536,0,0,0,False,True
286,1770,1403,2026,1659,198,65536,0,0,0,False,False
287,1650,2442,1906,2698,198,65536,0,0,0,False,False
288,2106,2389,2362,2645,198,65536,0,0,0,False,False
289,2363,2171,2619,2427,198,65536,0,0,0,False,False
290,2383,1326,2639,1582,199,60632,4904,0,0,True,False
291,1909,2384,2165,2640,199,65536,0,0,0,False,False
292,1616,2208,1872,2464,199,65536,0,0,0,False,False
293,3705,1806,3961,2062,199,65536,0,0,0,False,False
294,2871,2431,3127,2687,199,65536,0,0,0,False,False
295,2637,1593,2893,1849,199,65536,0,0,0,False,False
296,2096,2030,2352,2286,199,65536,0,0,0,False,False
297,1307,2004,1563,2260,199,65274,262,0,0,True,False
298,3185,2064,3441,2320,199,65536,0,0,0,False,False
299,3674,1209,3930,1465,199,65536,0,0,0,False,False
300,3929,1785,4185,2041,236,65536,0,0,0,False,False
301,2141,2263,2397,2519,236,63906,0,1630,0,False,True
302,1214,1957,1470,2213,236,61636,0,3900,0,False,True
303,1313,1071,1569,1327,236,65536,0,0,0,False,False
304,3814,939,4070,1195,236,65536,0,0,0,False,False
305,2063,1596,2319,1852,236,65536,0,0,0,False,True
306,2830,2213,3086,2469,236,65536,0,0,0,False,False
307,3811,1451,4067,1707,236,65536,0,0,0,False,False
308,1486,2351,1742,2607,236,65420,0,116,0,False,False
309,2038,2369,2294,2625,236,65524,0,12,0,False,True
310,2568,2253,2824,2509,237,64116,0,1420,0,False,False
311,2698,1650,2954,1906,237,65536,0,0,0,False,False
312,3590,1485,3846,1741,237,65536,0,0,0,False,False
313,1347,1323,1603,1579,237,65536,0,0,0,False,False
314,3341,1071,3597,1327,237,65536,0,0,0,False,False
315,2168,1817,2424,2073,237,65536,0,0,0,False,False
316,3966,1540,4222,1796,237,65536,0,0,0,False,False
317,2117,2371,2373,2627,237,64700,0,836,0,False,False
318,3254,1897,3510,2153,237,65536,0,0,0,False,False
319,1678,2097,1934,2353,237,65052,0,484,0,False,True
320,2538,2327,2794,2583,239,65536,0,0,0,False,False
321,1231,1440,1487,1696,239,65536,0,0,0,False,False
322,1532,1891,1788,2147,239,65536,0,0,0,False,False
323,1884,1009,2140,1265,239,65536,0,0,0,False,False
324,3102,2179,3358,2435,239,65536,0,0,0,False,False
325,2694,1489,2950,1745,239,65536,0,0,0,False,False
326,3208,2078,3464,2334,239,65536,0,0,0,False,False
327,1421,1405,1677,1661,239,65536,0,0,0,False,False
328,2469,1874,2725,2130,239,65536,0,0,0,False,False
329,3570,2397,3826,2653,239,65536,0,0,0,False,False
330,3179,1485,3435,1741,241,65536,0,0,0,False,False
331,1215,2023,1471,2279,241,65536,0,0,0,False,False
332,3412,861,3668,1117,241,65536,0,0,0,False,False
333,2019,2339,2275,2595,241,65536,0,0,0,False,False
334,1442,1966,1698,2222,241,65536,0,0,0,False,False
335,2179,1170,2435,1426,241,65536,0,0,0,False,False
336,3246,2203,3502,2459,241,65536,0,0,0,False,False
337,3389,1597,3645,1853,241,65536,0,0,0,False,False
338,3030,1536,3286,1792,241,65536,0,0,0,False,False
339,1399,1927,1655,2183,241,65536,0,0,0,False,False
340,1561,1920,1817,2176,243,65536,0,0,0,False,False
341,2706,1149,2962,1405,243,65536,0,0,0,False,False
342,3398,1070,3654,1326,243,65536,0,0,0,False,False
343,3258,1420,3514,1676,243,65536,0,0,0,False,False
344,3301,1429,3557,1685,243,65536,0,0,0,False,False
345,1333,2086,1589,2342,243,65536,0,0,0,False,False
346,3895,1890,4151,2146,243,65536,0,0,0,False,True
347,3382,1201,3638,1457,243,65536,0,0,0,False,False
348,1290,997,1546,1253,243,65536,0,0,0,False,False
349,3623,2004,3879,2260,243,65536,0,0,0,False,False
350,2189,2515,2445,2771,247,65536,0,0,0,False,False
351,1735,2212,1991,2468,247,65536,0,0,0,False,False
352,2270,2325,2526,2581,247,65536,0,0,0,False,False
353,3603,2195,3859,2451,247,65536,0,0,0,False,False
354,3477,1518,3733,1774,247,65536,0,0,0,False,False
355,1469,2408,1725,2664,247,65536,0,0,0,False,False
356,2080,2175,2336,2431,247,65536,0,0,0,False,False
357,1150,1217,1406,1473,247,65536,0,0,0,False,False
358,1927,1170,2183,1426,247,65536,0,0,0,False,False
359,3081,1632,3337,1888,247,65536,0,0,0,False,False
360,1659,2085,1915,2341,260,65536,0,0,0,False,False
361,2445,1751,2701,2007,260,65536,0,0,0,False,False
362,2080,914,2336,1170,260,65536,0,0,0,False,False
363,3692,2012,3948,2268,260,65536,0,0,0,False,False
364,3113,934,3369,1190,260,65536,0,0,0,False,False
365,3245,1477,3501,1733,260,65536,0,0,0,False,False
366,3393,1021,3649,1277,260,65536,0,0,0,False,False
367,3368,1702,3624,1958,260,65536,0,0,0,False,False
368,1127,2500,1383,2756,260,65536,0,0,0,False,False
369,3668,1859,3924,2115,260,65536,0,0,0,False,False
370,3718,1464,3974,1720,261,65536,0,0,0,False,False
371,3861,1087,4117,1343,261,65536,0,0,0,False,False
372,2749,1898,3005,2154,261,65536,0,0,0,False,False
373,2106,2265,2362,2521,261,65536,0,0,0,False,False
374,1647,2134,1903,2390,261,64146,0,1390,0,False,True
375,1986,918,2242,1174,261,65536,0,0,0,False,False
376,3626,2187,3882,2443,261,65536,0,0,0,False,False
377,3039,1278,3295,1534,261,65192,0,344,0,False,True
378,2803,1537,3059,1793,261,62726,0,2810,0,False,True
379,1666,1502,1922,1758,261,65536,0,0,0,False,False
380,3697,841,3953,1097,263,65536,0,0,0,False,False
381,3732,2296,3988,2552,263,65536,0,0,0,False,False
382,3404,2507,3660,2763,263,65536,0,0,0,False,False
383,1619,1144,1875,1400,263,65536,0,0,0,False,False
384,1323,2323,1579,2579,263,65536,0,0,0,False,False
385,1941,1040,2197,1296,263,65536,0,0,0,False,False
386,2992,2198,3248,2454,263,65536,0,0,0,False,False
387,2036,1990,2292,2246,263,65536,0,0,0,False,False
388,2431,1157,2687,1413,263,65536,0,0,0,False,False
389,3144,1923,3400,2179,263,65536,0,0,0,False,False
390,2210,852,2466,1108,266,65536,0,0,0,False,False
391,3884,1110,4140,1366,266,65536,0,0,0,False,False
392,3728,1768,3984,2024,266,65536,0,0,0,False,False
393,3930,2134,4186,2390,266,65536,0,0,0,False,False
394,1311,1215,1567,1471,266,65536,0,0,0,False,False
395,2733,1772,2989,2028,266,65536,0,0,0,False,False
396,3002,2295,3258,2551,266,65536,0,0,0,False,False
397,2338,1040,2594,1296,266,65536,0,0,0,False,False
398,1426,2401,1682,2657,266,65536,0,0,0,False,False
399,1204,1240,1460,1496,266,65536,0,0,0,False,False
400,1120,885,1376,1141,282,65536,0,0,0,False,False
401,2431,1102,2687,1358,282,65536,0,0,0,False,False
402,1957,2104,2213,2360,282,65536,0,0,0,False,False
403,3852,2296,4108,2552,282,65536,0,0,0,False,False
404,3145,1676,3401,1932,282,65536,0,0,0,False,False
405,3416,2443,3672,2699,282,65536,0,0,0,False,False
406,2594,2298,2850,2554,282,65536,0,0,0,False,False
407,2367,936,2623,1192,282,65536,0,0,0,False,False
408,1686,1241,1942,1497,282,65536,0,0,0,False,False
409,3748,2378,4004,2634,282,65536,0,0,0,False,False
410,2066,2036,2322,2292,283,65536,0,0,0,False,False
411,2323,2190,2579,2446,283,65536,0,0,0,False,True
412,3721,1993,3977,2249,283,65536,0,0,0,False,False
413,3554,974,3810,1230,283,65536,0,0,0,False,False
414,1667,1425,1923,1681,283,65536,0,0,0,False,False
415,1743,2421,1999,2677,283,65536,0,0,0,False,False
416,2468,1551,2724,1807,283,62540,2996,0,0,True,False
417,1964,891,2220,1147,283,65536,0,0,0,False,False
418,2175,856,2431,1112,283,65536,0,0,0,False,False
419,1187,2122,1443,2378,283,65536,0,0,0,False,False
420,3810,1257,4066,1513,284,65536,0,0,0,False,False
421,2875,1798,3131,2054,284,65536,0,0,0,False,False
422,3273,990,3529,1246,284,65536,0,0,0,False,False
423,1926,2080,2182,2336,284,65468,68,0,0,True,False
424,2516,1574,2772,1830,284,65536,0,0,0,False,False
425,3908,1943,4164,2199,284,65536,0,0,0,False,False
426,3732,964,3988,1220,284,65536,0,0,0,False,False
427,2530,1792,2786,2048,284,65536,0,0,0,False,False
428,3961,986,4217,1242,284,65536,0,0,0,False,False
429,1872,1007,2128,1263,284,65536,0,0,0,False,False
430,1518,2462,1774,2718,288,65536,0,0,0,False,False
431,3317,2316,3573,2572,288,65536,0,0,0,False,True
432,3686,1120,3942,1376,288,65536,0,0,0,False,False
433,3663,2513,3919,2769,288,65536,0,0,0,False,False
434,1957,1690,2213,1946,288,65516,0,20,0,False,False
435,1556,2472,1812,2728,288,65536,0,0,0,False,False
436,1806,1626,2062,1882,288,65536,0,0,0,False,False
437,3426,1210,3682,1466,288,65536,0,0,0,False,False
438,2661,1558,2917,1814,288,64584,0,952,0,False,False
439,3140,1108,3396,1364,288,65536,0,0,0,False,False
440,1956,1566,2212,1822,289,65536,0,0,0,False,False
441,1749,1412,2005,1668,289,65536,0,0,0,False,False
442,3954,1967,4210,2223,289,65536,0,0,0,False,False
443,2660,1059,2916,1315,289,65536,0,0,0,False,False
444,2711,1216,2967,1472,289,65536,0,0,0,False,False
445,3068,1215,3324,1471,289,63134,0,2402,0,False,True
446,3092,2215,3348,2471,289,65536,0,0,0,False,False
447,2004,2135,2260,2391,289,63498,0,2038,0,False,True
448,3184,2117,3440,2373,289,65536,0,0,0,False,False
449,2764,2260,3020,2516,289,65536,0,0,0,False,True
450,1378,2256,1634,2512,290,65536,0,0,0,False,True
451,1599,858,1855,1114,290,65536,0,0,0,False,False
452,2376,854,2632,1110,290,65536,0,0,0,False,False
453,3455,1230,3711,1486,290,65536,0,0,0,False,False
454,1227,1278,1483,1534,290,65536,0,0,0,False,False
455,3534,2166,3790,2422,290,65536,0,0,0,False,False
456,1931,1342,2187,1598,290,65536,0,0,0,False,False
457,3547,1017,3803,1273,290,65536,0,0,0,False,False
458,2247,1255,2503,1511,290,65536,0,0,0,False,False
459,1158,1469,1414,1725,290,65536,0,0,0,False,False
460,1517,859,1773,1115,291,65536,0,0,0,False,False
461,2040,1905,2296,2161,291,64540,996,0,0,True,False
462,3624,2126,3880,2382,291,65536,0,0,0,False,False
463,2822,1760,3078,2016,291,63092,2444,0,0,True,False
464,1356,1228,1612,1484,291,65536,0,0,0,False,False
465,2424,1013,2680,1269,291,65166,370,0,0,True,False
466,1223,1861,1479,2117,291,65536,0,0,0,False,False
467,3212,1455,3468,1711,291,65536,0,0,0,False,False
468,3697,1813,3953,2069,291,65536,0,0,0,False,False
469,1786,1471,2042,1727,291,61018,4518,0,0,True,False
470,3905,988,4161,1244,293,65536,0,0,0,False,False
471,2316,1387,2572,1643,293,65536,0,0,0,False,False
472,1207,868,1463,1124,293,65536,0,0,0,False,False
473,2865,2090,3121,2346,293,65536,0,0,0,False,False
474,2929,1978,3185,2234,293,65536,0,0,0,False,False
475,3343,1245,3599,1501,293,65536,0,0,0,False,False
476,3056,1457,3312,1713,293,65536,0,0,0,False,False
477,2216,1112,2472,1368,293,65536,0,0,0,False,False
478,3118,1463,3374,1719,293,65536,0,0,0,False,False
479,1969,2268,2225,2524,293,65536,0,0,0,False,False
480,1525,2410,1781,2666,294,65536,0,0,0,False,False
481,2791,2110,3047,2366,294,65536,0,0,0,False,False
482,1291,1333,1547,1589,294,65536,0,0,0,False,False
483,3286,2012,3542,2268,294,65536,0,0,0,False,False
484,1928,1949,2184,2205,294,65536,0,0,0,False,False
485,2620,934,2876,1190,294,65536,0,0,0,False,False
486,1173,2283,1429,2539,294,65536,0,0,0,False,False
487,1178,2431,1434,2687,294,65536,0,0,0,False,False
488,3803,2098,4059,2354,294,65536,0,0,0,False,False
489,1850,2099,2106,2355,294,65536,0,0,0,False,False
490,3147,1083,3403,1339,295,64926,610,0,0,True,False
491,3714,864,3970,1120,295,65536,0,0,0,False,False
492,2470,2452,2726,2708,295,65536,0,0,0,False,False
493,1538,1407,1794,1663,295,65536,0,0,0,False,False
494,3412,1044,3668,1300,295,65536,0,0,0,False,False
495,2306,2043,2562,2299,295,63644,1892,0,0,True,False
496,1804,2341,2060,2597,295,65536,0,0,0,False,False
497,2078,2132,2334,2388,295,65536,0,0,0,False,False
498,2257,1214,2513,1470,295,65536,0,0,0,False,False
499,1651,1216,1907,1472,295,65536,0,0,0,False,False
500,1251,1044,1507,1300,303,65536,0,0,0,False,False
501,3476,1594,3732,1850,303,65536,0,0,0,False,False
502,3363,2367,3619,2623,303,65536,0,0,0,False,False
503,3998,2456,4254,2712,303,65536,0,0,0,False,False
504,1663,1931,1919,2187,303,65536,0,0,0,False,False
505,1197,1809,1453,2065,303,65536,0,0,0,False,False
506,1517,2459,1773,2715,303,65536,0,0,0,False,False
507,3956,2504,4212,2760,303,65536,0,0,0,False,False
508,1163,1177,1419,1433,303,65536,0,0,0,False,False
509,2747,1494,3003,1750,303,65536,0,0,0,False,False
510,3404,2020,3660,2276,304,65536,0,0,0,False,False
511,3954,1472,4210,1728,304,65536,0,0,0,False,False
512,2603,2199,2859,2455,304,65536,0,0,0,False,False
513,1358,2328,1614,2584,304,65536,0,0,0,False,False
514,3388,1788,3644,2044,304,65536,0,0,0,False,False
515,1175,1574,1431,1830,304,65536,0,0,0,False,False
516,2644,1288,2900,1544,304,59976,5560,0,0,True,False
517,2312,1584,2568,1840,304,65536,0,0,0,False,False
518,2732,1760,2988,2016,304,59548,5988,0,0,True,False
519,1707,2061,1963,2317,304,65536,0,0,0,False,False
520,2363,1889,2619,2145,305,65099,437,0,0,True,False
521,3449,1296,3705,1552,305,65536,0,0,0,False,False
522,1564,1576,1820,1832,305,65536,0,0,0,False,False
523,1779,1669,2035,1925,305,65536,0,0,0,False,False
524,1402,1924,1658,2180,305,65536,0,0,0,False,False
525,1581,2133,1837,2389,305,65536,0,0,0,False,False
526,3902,1098,4158,1354,305,65536,0,0,0,False,False
527,1415,1328,1671,1584,305,65536,0,0,0,False,False
528,1293,1153,1549,1409,305,65536,0,0,0,False,False
529,3953,1033,4209,1289,305,65536,0,0,0,False,False
530,2215,1399,2471,1655,314,65536,0,0,0,False,False
531,1464,1273,1720,1529,314,65536,0,0,0,False,False
532,3820,1178,4076,1434,314,65536,0,0,0,False,False
533,3232,1190,3488,1446,314,65536,0,0,0,False,False
534,1263,2396,1519,2652,314,65536,0,0,0,False,False
535,3945,1243,4201,1499,314,65536,0,0,0,False,False
536,2766,2047,3022,2303,314,65536,0,0,0,False,False
537,1245,1662,1501,1918,314,65536,0,0,0,False,False
538,1471,1973,1727,2229,314,65536,0,0,0,False,False
539,3398,2496,3654,2752,314,65536,0,0,0,False,False
540,3252,1017,3508,1273,351,65536,0,0,0,False,False
541,2235,1420,2491,1676,351,65536,0,0,0,False,False
542,3438,2492,3694,2748,351,65536,0,0,0,False,True
543,2142,1477,2398,1733,351,65536,0,0,0,False,False
544,1981,2406,2237,2662,351,65536,0,0,0,False,False
545,3194,1194,3450,1450,351,65536,0,0,0,False,False
546,2770,1607,3026,1863,351,65536,0,0,0,False,False
547,2658,2475,2914,2731,351,65536,0,0,0,False,False
548,3416,1790,3672,2046,351,65536,0,0,0,False,False
549,3928,1408,4184,1664,351,65536,0,0,0,False,False
550,2619,1363,2875,1619,352,65536,0,0,0,False,False
551,3083,1558,3339,1814,352,62976,2560,0,0,True,False
552,1614,1796,1870,2052,352,61608,3928,0,0,True,False
553,2272,1119,2528,1375,352,65536,0,0,0,False,True
554,2200,2473,2456,2729,352,65536,0,0,0,False,False
555,2156,1198,2412,1454,352,65536,0,0,0,False,False
556,1712,1231,1968,1487,352,65536,0,0,0,False,False
557,2099,927,2355,1183,352,65536,0,0,0,False,False
558,2885,1302,3141,1558,352,65536,0,0,0,False,False
559,2060,2411,2316,2667,352,65536,0,0,0,False,False
560,3393,1988,3649,2244,355,65536,0,0,0,False,False
561,2512,1898,2768,2154,355,65536,0,0,0,False,False
562,2761,1138,3017,1394,355,65536,0,0,0,False,False
563,3232,2340,3488,2596,355,65536,0,0,0,False,False
564,2857,2175,3113,2431,355,65536,0,0,0,False,False
565,2478,2331,2734,2587,355,65536,0,0,0,False,False
566,3947,2527,4203,2783,355,65536,0,0,0,False,False
567,2424,2497,2680,2753,355,65536,0,0,0,False,False
568,3247,2514,3503,2770,355,65536,0,0,0,False,False
569,1744,2020,2000,2276,355,65536,0,0,0,False,False
570,1236,2307,1492,2563,356,65536,0,0,0,False,False
571,3724,2382,3980,2638,356,65536,0,0,0,False,False
572,2895,1983,3151,2239,356,65536,0,0,0,False,False
573,1392,1736,1648,1992,356,65536,0,0,0,False,True
574,2243,1087,2499,1343,356,65536,0,0,0,False,False
575,2550,2287,2806,2543,356,65536,0,0,0,False,False
576,3881,921,4137,1177,356,65536,0,0,0,False,False
577,2489,1505,2745,1761,356,65536,0,0,0,False,False
578,1834,1619,2090,1875,356,65536,0,0,0,False,False
579,2314,1505,2570,1761,356,65536,0,0,0,False,False
580,1932,1265,2188,1521,357,65536,0,0,0,False,False
581,2361,1127,2617,1383,357,65536,0,0,0,False,False
582,2711,2500,2967,2756,357,65536,0,0,0,False,False
583,1433,989,1689,1245,357,65536,0,0,0,False,True
584,3201,1142,3457,1398,357,65536,0,0,0,False,False
585,3235,1148,3491,1404,357,65536,0,0,0,False,False
586,2130,850,2386,1106,357,65536,0,0,0,False,False
587,3412,1578,3668,1834,357,65536,0,0,0,False,False
588,1278,2453,1534,2709,357,65536,0,0,0,False,False
589,1881,1794,2137,2050,357,65182,354,0,0,True,False
590,2245,1285,2501,1541,358,65536,0,0,0,False,False
591,1430,1109,1686,1365,358,65536,0,0,0,False,False
592,1778,2301,2034,2557,358,65536,0,0,0,False,False
593,2015,1643,2271,1899,358,65536,0,0,0,False,False
594,2339,1478,2595,1734,358,65536,0,0,0,False,False
595,2131,1261,2387,1517,358,65536,0,0,0,False,False
596,1452,1000,1708,1256,358,65536,0,0,0,False,False
597,1272,1415,1528,1671,358,65536,0,0,0,False,False
598,2313,898,2569,1154,358,65536,0,0,0,False,False
599,1918,2441,2174,2697,358,65536,0,0,0,False,False
600,2281,2296,2537,2552,585,65536,0,0,0,False,False
601,3761,2522,4017,2778,585,65536,0,0,0,False,False
602,3301,2311,3557,2567,585,65536,0,0,0,False,False
603,3233,1403,3489,1659,585,65536,0,0,0,False,False
604,1509,2134,1765,2390,585,61504,0,4032,0,False,True
605,2537,2318,2793,2574,585,65536,0,0,0,False,False
606,3640,2392,3896,2648,585,65536,0,0,0,False,False
607,2260,1406,2516,1662,585,65536,0,0,0,False,False
608,2875,2167,3131,2423,585,65536,0,0,0,False,False
609,3602,973,3858,1229,585,65536,0,0,0,False,False
610,2290,893,2546,1149,586,65528,8,0,0,True,False
611,2133,2093,2389,2349,586,65536,0,0,0,False,False
612,3539,2515,3795,2771,586,65536,0,0,0,False,False
613,3644,2058,3900,2314,586,65536,0,0,0,False,False
614,3396,1303,3652,1559,586,65536,0,0,0,False,False
615,3929,1621,4185,1877,586,65536,0,0,0,False,False
616,3907,1876,4163,2132,586,65536,0,0,0,False,False
617,1985,915,2241,1171,586,65536,0,0,0,False,False
618,3993,1512,4249,1768,586,65536,0,0,0,False,False
619,3593,1090,3849,1346,586,65536,0,0,0,False,False
620,3125,2370,3381,2626,587,65536,0,0,0,False,False
621,1713,2427,1969,2683,587,65536,0,0,0,False,False
622,3425,2225,3681,2481,587,65536,0,0,0,False,False
623,3804,1163,4060,1419,587,65536,0,0,0,False,False
624,2441,1687,2697,1943,587,65536,0,0,0,False,False
625,2546,1920,2802,2176,587,65536,0,0,0,False,False
626,1497,1869,1753,2125,587,65536,0,0,0,False,False
627,3426,1641,3682,1897,587,65536,0,0,0,False,False
628,1671,2357,1927,2613,587,65536,0,0,0,False,False
629,3932,2210,4188,2466,587,65536,0,0,0,False,False
630,2122,2323,2378,2579,588,65536,0,0,0,False,False
631,3435,2487,3691,2743,588,65536,0,0,0,False,False
632,3501,2384,3757,2640,588,65536,0,0,0,False,False
633,3100,2320,3356,2576,588,63464,2072,0,0,True,False
634,1718,1542,1974,1798,588,65536,0,0,0,False,False
635,3039,1743,3295,1999,588,60058,5478,0,0,True,False
636,2604,1081,2860,1337,588,65536,0,0,0,False,False
637,3613,1909,3869,2165,588,65536,0,0,0,False,False
638,3368,1484,3624,1740,588,65536,0,0,0,False,False
639,2600,1671,2856,1927,588,65536,0,0,0,False,False
640,3027,2028,3283,2284,591,65536,0,0,0,False,False
641,1975,837,2231,1093,591,65536,0,0,0,False,False
642,2868,2377,3124,2633,591,65536,0,0,0,False,False
643,2197,1706,2453,1962,591,65536,0,0,0,False,False
644,2168,933,2424,1189,591,65536,0,0,0,False,False
645,2010,1653,2266,1909,591,65536,0,0,0,False,False
646,1535,2523,1791,2779,591,65536,0,0,0,False,False
647,1676,1322,1932,1578,591,65536,0,0,0,False,False
648,2612,1866,2868,2122,591,65536,0,0,0,False,False
649,3783,2400,4039,2656,591,65536,0,0,0,False,False
650,3850,1764,4106,2020,592,65536,0,0,0,False,False
651,2966,1852,3222,2108,592,65536,0,0,0,False,False
652,3721,1778,3977,2034,592,65536,0,0,0,False,False
653,2337,1843,2593,2099,592,65536,0,0,0,False,False
654,2509,1360,2765,1616,592,65536,0,0,0,False,False
655,1582,1153,1838,1409,592,65536,0,0,0,False,False
656,1166,1121,1422,1377,592,65536,0,0,0,False,False
657,2039,1286,2295,1542,592,65536,0,0,0,False,False
658,2030,2403,2286,2659,592,65536,0,0,0,False,False
659,1993,2366,2249,2622,592,65536,0,0,0,False,False
660,2491,1197,2747,1453,597,65536,0,0,0,False,False
661,1770,2211,2026,2467,597,65536,0,0,0,False,False
662,1505,2118,1761,2374,597,65536,0,0,0,False,False
663,2231,1629,2487,1885,597,65536,0,0,0,False,False
664,3967,1149,4223,1405,597,65536,0,0,0,False,False
665,2013,1344,2269,1600,597,65536,0,0,0,False,False
666,2905,1216,3161,1472,597,65536,0,0,0,False,False
667,3141,2180,3397,2436,597,65536,0,0,0,False,False
668,2485,1470,2741,1726,597,65536,0,0,0,False,False
669,3236,1346,3492,1602,597,65536,0,0,0,False,False
670,1812,1765,2068,2021,598,62092,3444,0,0,True,False
671,3090,1845,3346,2101,598,61392,4144,0,0,True,False
672,3756,978,4012,1234,598,65536,0,0,0,False,False
673,1627,1089,1883,1345,598,65536,0,0,0,False,False
674,3860,2049,4116,2305,598,65536,0,0,0,False,False
675,2957,1849,3213,2105,598,61372,4164,0,0,True,False
676,1964,1001,2220,1257,598,65536,0,0,0,False,False
677,3776,2020,4032,2276,598,65536,0,0,0,False,False
678,3001,2278,3257,2534,598,65536,0,0,0,False,False
679,1363,1534,1619,1790,598,65536,0,0,0,False,False
680,1229,1163,1485,1419,653,65536,0,0,0,False,False
681,3055,2013,3311,2269,653,65536,0,0,0,False,False
682,2631,1894,2887,2150,653,65536,0,0,0,False,False
683,1864,1673,2120,1929,653,65536,0,0,0,False,False
684,2502,1615,2758,1871,653,65536,0,0,0,False,False
685,3147,1238,3403,1494,653,65536,0,0,0,False,False
686,2552,2506,2808,2762,653,65536,0,0,0,False,False
687,3827,876,4083,1132,653,65536,0,0,0,False,False
688,3766,1888,4022,2144,653,65536,0,0,0,False,False
689,1633,1757,1889,2013,653,65536,0,0,0,False,False
690,2335,893,2591,1149,666,65536,0,0,0,False,False
691,2880,1146,3136,1402,666,65536,0,0,0,False,False
692,3588,1245,3844,1501,666,65170,0,366,0,False,True
693,2698,2515,2954,2771,666,65536,0,0,0,False,False
694,1362,1804,1618,2060,666,65536,0,0,0,False,False
695,2624,2049,2880,2305,666,65536,0,0,0,False,False
696,2967,1842,3223,2098,666,65536,0,0,0,False,False
697,3810,2131,4066,2387,666,65536,0,0,0,False,False
698,2056,2480,2312,2736,666,65536,0,0,0,False,False
699,3857,1407,4113,1663,666,65536,0,0,0,False,False
700,1736,2143,1992,2399,672,65536,0,0,0,False,False
701,1122,1454,1378,1710,672,65536,0,0,0,False,False
702,3128,2216,3384,2472,672,65536,0,0,0,False,False
703,1609,2112,1865,2368,672,65536,0,0,0,False,False
704,1268,992,1524,1248,672,65536,0,0,0,False,False
705,1980,1226,2236,1482,672,65536,0,0,0,False,False
706,2264,1570,2520,1826,672,65536,0,0,0,False,False
707,2367,2415,2623,2671,672,65536,0,0,0,False,False
708,3306,1367,3562,1623,672,65536,0,0,0,False,False
709,1653,1556,1909,1812,672,65536,0,0,0,False,False
710,1418,1759,1674,2015,695,65536,0,0,0,False,False
711,1528,1718,1784,1974,695,65536,0,0,0,False,False
712,1794,1103,2050,1359,695,63024,0,2512,0,False,True
713,3694,1919,3950,2175,695,65536,0,0,0,False,False
714,2403,2067,2659,2323,695,65490,0,46,0,False,True
715,2521,1483,2777,1739,695,65536,0,0,0,False,False
716,2338,948,2594,1204,695,64508,0,1028,0,False,True
717,1752,959,2008,1215,695,65536,0,0,0,False,True
718,3099,1985,3355,2241,695,64268,0,1268,0,False,True
719,3550,900,3806,1156,695,65536,0,0,0,False,False
720,2933,2028,3189,2284,697,65536,0,0,0,False,False
721,1191,885,1447,1141,697,65536,0,0,0,False,False
722,2710,1006,2966,1262,697,65536,0,0,0,False,False
723,1178,1881,1434,2137,697,65536,0,0,0,False,False
724,2499,2433,2755,2689,697,65536,0,0,0,False,False
725,2749,1344,3005,1600,697,65536,0,0,0,False,False
726,2735,2425,2991,2681,697,65536,0,0,0,False,False
727,2471,2441,2727,2697,697,65536,0,0,0,False,False
728,1855,1308,2111,1564,697,65536,0,0,0,False,False
729,2298,2331,2554,2587,697,65536,0,0,0,False,False
730,1993,1957,2249,2213,744,65536,0,0,0,False,False
731,2174,1367,2430,1623,744,64026,0,1510,0,False,True
732,1182,1623,1438,1879,744,65536,0,0,0,False,False
733,3157,2025,3413,2281,744,65536,0,0,0,False,False
734,1959,2308,2215,2564,744,65536,0,0,0,False,False
735,3056,1711,3312,1967,744,65536,0,0,0,False,False
736,2549,1809,2805,2065,744,65536,0,0,0,False,False
737,3097,1026,3353,1282,744,65536,0,0,0,False,False
738,3578,932,3834,1188,744,65536,0,0,0,False,False
739,2369,2094,2625,2350,744,63148,0,2388,0,False,True
740,3134,1648,3390,1904,787,64928,0,608,0,False,False
741,3748,1974,4004,2230,787,65536,0,0,0,False,False
742,2362,1569,2618,1825,787,65536,0,0,0,False,False
743,3120,1754,3376,2010,787,65536,0,0,0,False,False
744,2354,1029,2610,1285,787,65536,0,0,0,False,False
745,3368,1967,3624,2223,787,61448,0,4088,0,False,True
746,2486,1857,2742,2113,787,65536,0,0,0,False,False
747,3322,1655,3578,1911,787,62950,0,2586,0,False,True
748,3597,956,3853,1212,787,65536,0,0,0,False,False
749,3900,2013,4156,2269,787,65536,0,0,0,False,False
750,3232,1688,3488,1944,788,65536,0,0,0,False,False
751,1194,1825,1450,2081,788,65536,0,0,0,False,False
752,2835,1734,3091,1990,788,62582,2954,0,0,True,False
753,1760,1362,2016,1618,788,65536,0,0,0,False,False
754,2204,2371,2460,2627,788,65536,0,0,0,False,True
755,1893,1292,2149,1548,788,65536,0,0,0,False,False
756,1599,2070,1855,2326,788,65536,0,0,0,False,False
757,1440,1918,1696,2174,788,65536,0,0,0,False,False
758,1804,2494,2060,2750,788,65536,0,0,0,False,False
759,3207,923,3463,1179,788,65536,0,0,0,False,False
760,1145,2522,1401,2778,790,65536,0,0,0,False,False
761,3821,909,4077,1165,790,65536,0,0,0,False,False
762,3313,2248,3569,2504,790,65536,0,0,0,False,False
763,1868,2359,2124,2615,790,65536,0,0,0,False,False
764,2596,2471,2852,2727,790,65536,0,0,0,False,False
765,3148,1951,3404,2207,790,65536,0,0,0,False,False
766,1755,2300,2011,2556,790,65536,0,0,0,False,False
767,3632,1054,3888,1310,790,65536,0,0,0,False,False
768,1420,1691,1676,1947,790,65536,0,0,0,False,False
769,2034,1038,2290,1294,790,65536,0,0,0,False,False
770,1184,1746,1440,2002,791,65536,0,0,0,False,False
771,3734,2448,3990,2704,791,65536,0,0,0,False,False
772,3273,1890,3529,2146,791,65536,0,0,0,False,False
773,3533,1773,3789,2029,791,65536,0,0,0,False,False
774,2127,1558,2383,1814,791,65536,0,0,0,False,False
775,2623,1459,2879,1715,791,65536,0,0,0,False,False
776,1135,2094,1391,2350,791,65536,0,0,0,False,False
777,3126,2016,3382,2272,791,65536,0,0,0,False,False
778,1244,1776,1500,2032,791,65536,0,0,0,False,False
779,2043,2290,2299,2546,791,65536,0,0,0,False,False
780,2870,1073,3126,1329,792,65536,0,0,0,False,False
781,1616,1463,1872,1719,792,65536,0,0,0,False,False
782,3402,1645,3658,1901,792,65536,0,0,0,False,False
783,1478,2038,1734,2294,792,65536,0,0,0,False,False
784,2263,1886,2519,2142,792,65536,0,0,0,False,False
785,2359,2341,2615,2597,792,65536,0,0,0,False,False
786,1253,2009,1509,2265,792,65536,0,0,0,False,False
787,2118,969,2374,1225,792,65536,0,0,0,False,False
788,1162,1719,1418,1975,792,65536,0,0,0,False,False
789,2281,851,2537,1107,792,65536,0,0,0,False,False
790,3632,2360,3888,2616,818,65536,0,0,0,False,False
791,1257,1077,1513,1333,818,65536,0,0,0,False,False
792,2746,1713,3002,1969,818,65536,0,0,0,False,False
793,3098,1897,3354,2153,818,65536,0,0,0,False,False
794,1482,2201,1738,2457,818,65536,0,0,0,False,False
795,1811,2455,2067,2711,818,65536,0,0,0,False,False
796,3048,1459,3304,1715,818,65536,0,0,0,False,False
797,2365,1995,2621,2251,818,65536,0,0,0,False,False
798,3166,1841,3422,2097,818,65536,0,0,0,False,False
799,2970,1642,3226,1898,818,65536,0,0,0,False,False
800,3507,1935,3763,2191,819,65536,0,0,0,False,False
801,2720,1265,2976,1521,819,65536,0,0,0,False,False
802,3840,1175,4096,1431,819,65536,0,0,0,False,False
803,2027,963,2283,1219,819,65536,0,0,0,False,False
804,1863,1961,2119,2217,819,65536,0,0,0,False,False
805,1554,2030,1810,2286,819,65536,0,0,0,False,False
806,2176,2256,2432,2512,819,65536,0,0,0,False,False
807,2674,2389,2930,2645,819,65536,0,0,0,False,False
808,3725,2508,3981,2764,819,65536,0,0,0,False,False
809,2991,1939,3247,2195,819,65536,0,0,0,False,False
810,3655,2097,3911,2353,836,65536,0,0,0,False,False
811,1704,2262,1960,2518,836,65536,0,0,0,False,False
812,2819,1564,3075,1820,836,65536,0,0,0,False,False
813,1848,868,2104,1124,836,65536,0,0,0,False,False
814,1559,1423,1815,1679,836,65536,0,0,0,False,False
815,2942,1954,3198,2210,836,65536,0,0,0,False,False
816,2046,2195,2302,2451,836,65536,0,0,0,False,False
817,2853,2155,3109,2411,836,65536,0,0,0,False,False
818,2687,1707,2943,1963,836,65536,0,0,0,False,False
819,2048,2279,2304,2535,836,65536,0,0,0,False,False
820,2013,874,2269,1130,855,65536,0,0,0,False,False
821,3508,1373,3764,1629,855,65536,0,0,0,False,False
822,2850,1611,3106,1867,855,65536,0,0,0,False,False
823,2118,1395,2374,1651,855,65048,0,488,0,False,True
824,3770,1206,4026,1462,855,65536,0,0,0,False,False
825,2018,2482,2274,2738,855,65536,0,0,0,False,False
826,1988,1777,2244,2033,855,65536,0,0,0,False,False
827,1154,1357,1410,1613,855,65536,0,0,0,False,False
828,2170,1303,2426,1559,855,61840,0,3696,0,False,True
829,2658,2335,2914,2591,855,65536,0,0,0,False,True
830,1514,2067,1770,2323,863,64626,0,910,0,False,True
831,3317,1877,3573,2133,863,65536,0,0,0,False,False
832,3225,2108,3481,2364,863,65536,0,0,0,False,False
833,2443,1104,2699,1360,863,64810,0,726,0,False,True
834,3026,2401,3282,2657,863,65536,0,0,0,False,False
835,1956,2315,2212,2571,863,63960,0,1576,0,False,True
836,2429,1196,2685,1452,863,64026,0,1510,0,False,True
837,2625,1305,2881,1561,863,63892,0,1644,0,False,True
838,2670,1718,2926,1974,863,65536,0,0,0,False,False
839,3238,2397,3494,2653,863,65536,0,0,0,False,False
840,2715,2254,2971,2510,880,65536,0,0,0,False,False
841,3274,1651,3530,1907,880,65536,0,0,0,False,False
842,1866,1570,2122,1826,880,65536,0,0,0,False,False
843,3852,1380,4108,1636,880,65536,0,0,0,False,True
844,1296,2023,1552,2279,880,65536,0,0,0,False,False
845,1149,2365,1405,2621,880,65536,0,0,0,False,False
846,2643,1321,2899,1577,880,65536,0,0,0,False,False
847,1853,1373,2109,1629,880,65536,0,0,0,False,False
848,1972,1447,2228,1703,880,65536,0,0,0,False,False
849,1384,1296,1640,1552,880,65536,0,0,0,False,False
850,1587,869,1843,1125,887,65536,0,0,0,False,False
851,1368,1776,1624,2032,887,65536,0,0,0,False,False
852,3132,988,3388,1244,887,65536,0,0,0,False,False
853,1460,1443,1716,1699,887,65536,0,0,0,False,False
854,2053,2446,2309,2702,887,65536,0,0,0,False,False
855,1264,1460,1520,1716,887,65536,0,0,0,False,False
856,3464,1594,3720,1850,887,65536,0,0,0,False,False
857,1652,1608,1908,1864,887,65536,0,0,0,False,False
858,3781,1188,4037,1444,887,65536,0,0,0,False,False
859,2511,1099,2767,1355,887,65536,0,0,0,False,False
860,3859,1347,4115,1603,952,65536,0,0,0,False,False
861,1284,1870,1540,2126,952,65536,0,0,0,False,False
862,2950,1727,3206,1983,952,64816,0,720,0,False,True
863,3346,1783,3602,2039,952,63426,0,2110,0,False,True
864,3195,2005,3451,2261,952,65536,0,0,0,False,False
865,2839,2255,3095,2511,952,65536,0,0,0,False,False
866,3643,988,3899,1244,952,65536,0,0,0,False,False
867,3114,1196,3370,1452,952,65536,0,0,0,False,False
868,2522,2229,2778,2485,952,65536,0,0,0,False,False
869,2902,2022,3158,2278,952,65536,0,0,0,False,False
870,3821,1182,4077,1438,954,65536,0,0,0,False,False
871,2474,2489,2730,2745,954,65536,0,0,0,False,False
872,1823,1412,2079,1668,954,65536,0,0,0,False,False
873,3606,956,3862,1212,954,65536,0,0,0,False,False
874,2603,958,2859,1214,954,65536,0,0,0,False,False
875,3534,1889,3790,2145,954,65536,0,0,0,False,False
876,1187,1503,1443,1759,954,65536,0,0,0,False,False
877,1718,1751,1974,2007,954,65206,0,330,0,False,True
878,3948,2519,4204,2775,954,65536,0,0,0,False,False
879,3438,1922,3694,2178,954,65536,0,0,0,False,False
880,2241,1506,2497,1762,977,65536,0,0,0,False,False
881,3183,1547,3439,1803,977,65536,0,0,0,False,False
882,2620,1342,2876,1598,977,65536,0,0,0,False,False
883,3496,1736,3752,1992,977,65536,0,0,0,False,False
884,3267,864,3523,1120,977,65536,0,0,0,False,False
885,2288,1869,2544,2125,977,65536,0,0,0,False,False
886,2179,1361,2435,1617,977,65536,0,0,0,False,False
887,1533,2419,1789,2675,977,65536,0,0,0,False,False
888,3730,2267,3986,2523,977,65536,0,0,0,False,False
889,1774,1526,2030,1782,977,65536,0,0,0,False,False
890,1481,1823,1737,2079,1009,65536,0,0,0,False,False
891,3252,2064,3508,2320,1009,65536,0,0,0,False,False
892,3944,2393,4200,2649,1009,65536,0,0,0,False,False
893,3284,1470,3540,1726,1009,65536,0,0,0,False,False
894,1986,999,2242,1255,1009,65536,0,0,0,False,False
895,3152,1608,3408,1864,1009,65536,0,0,0,False,False
896,2132,958,2388,1214,1009,65536,0,0,0,False,False
897,2971,1995,3227,2251,1009,65536,0,0,0,False,False
898,3691,1779,3947,2035,1009,65536,0,0,0,False,False
899,1384,1417,1640,1673,1009,65536,0,0,0,False,False
900,1256,2407,1512,2663,1031,65536,0,0,0,False,False
901,3251,2273,3507,2529,1031,65536,0,0,0,False,False
902,1563,1658,1819,1914,1031,65536,0,0,0,False,False
903,3730,2276,3986,2532,1031,65536,0,0,0,False,False
904,1459,2421,1715,2677,1031,65536,0,0,0,False,False
905,3787,2449,4043,2705,1031,65536,0,0,0,False,False
906,2250,1411,2506,1667,1031,65536,0,0,0,False,False
907,3955,1737,4211,1993,1031,65536,0,0,0,False,False
908,3372,1448,3628,1704,1031,65536,0,0,0,False,False
909,2068,1456,2324,1712,1031,65536,0,0,0,False,False
910,3750,880,4006,1136,1032,65536,0,0,0,False,False
911,3382,1703,3638,1959,1032,65536,0,0,0,False,False
912,2478,1696,2734,1952,1032,65536,0,0,0,False,False
913,3937,1174,4193,1430,1032,65536,0,0,0,False,False
914,3424,1868,3680,2124,1032,65536,0,0,0,False,False
915,1244,2042,1500,2298,1032,65462,74,0,0,True,False
916,3405,1272,3661,1528,1032,65536,0,0,0,False,False
917,2603,1393,2859,1649,1032,65536,0,0,0,False,False
918,3299,2142,3555,2398,1032,65434,102,0,0,True,False
919,3147,1992,3403,2248,1032,65536,0,0,0,False,False
920,1140,2424,1396,2680,1033,65536,0,0,0,False,False
921,1290,2404,1546,2660,1033,65536,0,0,0,False,False
922,3526,963,3782,1219,1033,65536,0,0,0,False,False
923,3869,1395,4125,1651,1033,65536,0,0,0,False,False
924,3299,1425,3555,1681,1033,65536,0,0,0,False,False
925,3272,2435,3528,2691,1033,65536,0,0,0,False,False
926,3158,1976,3414,2232,1033,65536,0,0,0,False,False
927,2743,1581,2999,1837,1033,65536,0,0,0,False,False
928,2213,1984,2469,2240,1033,65536,0,0,0,False,False
929,1775,2332,2031,2588,1033,65536,0,0,0,False,False
930,1500,1285,1756,1541,1037,65536,0,0,0,False,False
931,3476,2174,3732,2430,1037,65536,0,0,0,False,False
932,1638,1730,1894,1986,1037,65536,0,0,0,False,False
933,3157,2059,3413,2315,1037,65536,0,0,0,False,False
934,1933,2228,2189,2484,1037,65536,0,0,0,False,False
935,2521,875,2777,1131,1037,65536,0,0,0,False,False
936,3100,1211,3356,1467,1037,65536,0,0,0,False,False
937,1928,1782,2184,2038,1037,65536,0,0,0,False,False
938,2857,1814,3113,2070,1037,65536,0,0,0,False,False
939,2510,1074,2766,1330,1037,65536,0,0,0,False,False
940,2127,1919,2383,2175,1039,65536,0,0,0,False,False
941,1185,2150,1441,2406,1039,65536,0,0,0,False,False
942,3007,845,3263,1101,1039,65536,0,0,0,False,False
943,2275,838,2531,1094,1039,65536,0,0,0,False,False
944,2260,1444,2516,1700,1039,65536,0,0,0,False,False
945,2755,1306,3011,1562,1039,65536,0,0,0,False,False
946,1398,1794,1654,2050,1039,65536,0,0,0,False,False
947,2554,865,2810,1121,1039,65536,0,0,0,False,False
948,2131,1306,2387,1562,1039,65536,0,0,0,False,False
949,2028,1934,2284,2190,1039,65536,0,0,0,False,False
950,1545,1152,1801,1408,1089,65536,0,0,0,False,False
951,1625,2282,1881,2538,1089,65536,0,0,0,False,False
952,3686,1973,3942,2229,1089,65536,0,0,0,False,False
953,1498,1847,1754,2103,1089,65536,0,0,0,False,False
954,3601,1528,3857,1784,1089,65536,0,0,0,False,False
955,2375,1192,2631,1448,1089,65536,0,0,0,False,False
956,2576,867,2832,1123,1089,65536,0,0,0,False,False
957,3715,2336,3971,2592,1089,65536,0,0,0,False,False
958,3526,1446,3782,1702,1089,65536,0,0,0,False,False
959,3906,2181,4162,2437,1089,65536,0,0,0,False,False
960,2519,1053,2775,1309,1090,64643,893,0,0,True,False
961,2082,1144,2338,1400,1090,65027,0,509,0,False,True
962,2910,1437,3166,1693,1090,65536,0,0,0,False,False
963,3983,877,4239,1133,1090,65536,0,0,0,False,False
964,2351,2152,2607,2408,1090,65536,0,0,0,False,False
965,1374,1356,1630,1612,1090,65536,0,0,0,False,False
966,2337,1590,2593,1846,1090,65536,0,0,0,False,False
967,2429,1022,2685,1278,1090,64625,911,0,0,True,False
968,3696,2292,3952,2548,1090,65536,0,0,0,False,False
969,1195,1039,1451,1295,1090,65536,0,0,0,False,True
970,1854,934,2110,1190,1091,65536,0,0,0,False,False
971,1640,1949,1896,2205,1091,65536,0,0,0,False,False
972,2876,1684,3132,1940,1091,65536,0,0,0,False,False
973,1343,2192,1599,2448,1091,65536,0,0,0,False,False
974,2891,2407,3147,2663,1091,65536,0,0,0,False,False
975,2210,2494,2466,2750,1091,65536,0,0,0,False,False
976,3204,2127,3460,2383,1091,65536,0,0,0,False,False
977,2133,2465,2389,2721,1091,65536,0,0,0,False,False
978,2248,2190,2504,2446,1091,65536,0,0,0,False,False
979,1238,1298,1494,1554,1091,65536,0,0,0,False,False
980,1365,2090,1621,2346,1092,65536,0,0,0,False,False
981,2574,1985,2830,2241,1092,65536,0,0,0,False,False
982,3874,2005,4130,2261,1092,65536,0,0,0,False,False
983,2103,2477,2359,2733,1092,65536,0,0,0,False,False
984,1994,2490,2250,2746,1092,65536,0,0,0,False,False
985,2190,964,2446,1220,1092,65536,0,0,0,False,False
986,2099,2328,2355,2584,1092,65536,0,0,0,False,False
987,2038,1824,2294,2080,1092,65536,0,0,0,False,False
988,1715,1118,1971,1374,1092,65536,0,0,0,False,False
989,2335,1721,2591,1977,1092,65536,0,0,0,False,False
990,3790,1982,4046,2238,1101,65536,0,0,0,False,False
991,1691,2079,1947,2335,1101,65536,0,0,0,False,False
992,1681,2220,1937,2476,1101,65536,0,0,0,False,False
993,1567,1773,1823,2029,1101,65536,0,0,0,False,False
994,1436,1919,1692,2175,1101,65536,0,0,0,False,False
995,2672,2376,2928,2632,1101,65536,0,0,0,False,False
996,3060,1150,3316,1406,1101,65536,0,0,0,False,False
997,1360,2289,1616,2545,1101,65536,0,0,0,False,False
998,2728,2381,2984,2637,1101,65536,0,0,0,False,False
999,2010,2492,2266,2748,1101,65536,0,0,0,False,False
1000,1257,1933,1513,2189,1102,65536,0,0,0,False,False
1001,2127,2195,2383,2451,1102,65536,0,0,0,False,False
1002,3756,2455,4012,2711,1102,65536,0,0,0,False,False
1003,2506,1066,2762,1322,1102,65536,0,0,0,False,False
1004,3346,1852,3602,2108,1102,65536,0,0,0,False,False
1005,1198,1054,1454,1310,1102,65536,0,0,0,False,False
1006,1141,2301,1397,2557,1102,65536,0,0,0,False,False
1007,3848,1819,4104,2075,1102,65536,0,0,0,False,False
1008,3868,2296,4124,2552,1102,65536,0,0,0,False,False
1009,2984,2000,3240,2256,1102,65536,0,0,0,False,False
1010,3070,1722,3326,1978,1103,65536,0,0,0,False,False
1011,1473,1544,1729,1800,1103,65536,0,0,0,False,False
1012,2838,1709,3094,1965,1103,65536,0,0,0,False,False
1013,3232,1809,3488,2065,1103,65536,0,0,0,False,False
1014,3530,1846,3786,2102,1103,65536,0,0,0,False,False
1015,3857,1592,4113,1848,1103,65536,0,0,0,False,False
1016,2825,1400,3081,1656,1103,65536,0,0,0,False,False
1017,2821,1989,3077,2245,1103,65536,0,0,0,False,False
1018,3525,973,3781,1229,1103,65536,0,0,0,False,False
1019,1160,1877,1416,2133,1103,65536,0,0,0,False,False
1020,1967,1528,2223,1784,1198,65536,0,0,0,False,False
1021,1479,2437,1735,2693,1198,65536,0,0,0,False,False
1022,2276,2147,2532,2403,1198,65536,0,0,0,False,False
1023,3241,1103,3497,1359,1198,65536,0,0,0,False,False
1024,1947,2214,2203,2470,1198,65536,0,0,0,False,False
1025,2747,937,3003,1193,1198,65536,0,0,0,False,False
1026,1580,948,1836,1204,1198,65536,0,0,0,False,False
1027,2032,1439,2288,1695,1198,65536,0,0,0,False,False
1028,3393,2462,3649,2718,1198,65536,0,0,0,False,False
1029,1313,2145,1569,2401,1198,65536,0,0,0,False,False
1030,2708,1108,2964,1364,1241,65536,0,0,0,False,False
1031,3803,1805,4059,2061,1241,65536,0,0,0,False,False
1032,2688,866,2944,1122,1241,65536,0,0,0,False,False
1033,2264,1219,2520,1475,1241,65536,0,0,0,False,False
1034,1517,1894,1773,2150,1241,65536,0,0,0,False,False
1035,2360,1474,2616,1730,1241,65536,0,0,0,False,False
1036,3838,2108,4094,2364,1241,65536,0,0,0,False,False
1037,1791,926,2047,1182,1241,65536,0,0,0,False,False
1038,2329,2461,2585,2717,1241,65536,0,0,0,False,False
1039,3290,2106,3546,2362,1241,65536,0,0,0,False,False
1040,3552,2230,3808,2486,1328,65536,0,0,0,False,False
1041,3605,1211,3861,1467,1328,65536,0,0,0,False,False
1042,3624,2313,3880,2569,1328,65536,0,0,0,False,False
1043,2208,936,2464,1192,1328,65536,0,0,0,False,False
1044,3037,1072,3293,1328,1328,65536,0,0,0,False,False
1045,2082,1568,2338,1824,1328,65536,0,0,0,False,False
1046,2864,2253,3120,2509,1328,65536,0,0,0,False,False
1047,2292,1244,2548,1500,1328,65536,0,0,0,False,False
1048,2416,1294,2672,1550,1328,65536,0,0,0,False,False
1049,3135,2325,3391,2581,1328,65536,0,0,0,False,False
1050,1700,1374,1956,1630,1340,65536,0,0,0,False,False
1051,2718,1925,2974,2181,1340,65536,0,0,0,False,False
1052,3312,2352,3568,2608,1340,65536,0,0,0,False,False
1053,2952,1353,3208,1609,1340,65536,0,0,0,False,False
1054,1828,1018,2084,1274,1340,65536,0,0,0,False,False
1055,3182,2113,3438,2369,1340,65536,0,0,0,False,False
1056,1887,1531,2143,1787,1340,65536,0,0,0,False,False
1057,3567,1552,3823,1808,1340,65536,0,0,0,False,False
1058,2281,2520,2537,2776,1340,65536,0,0,0,False,False
1059,3986,1374,4242,1630,1340,65536,0,0,0,False,False
1060,3938,2413,4194,2669,1341,65536,0,0,0,False,False
1061,3762,2135,4018,2391,1341,65536,0,0,0,False,False
1062,2989,2244,3245,2500,1341,65536,0,0,0,False,False
1063,2883,2195,3139,2451,1341,65536,0,0,0,False,False
1064,2995,1070,3251,1326,1341,65072,464,0,0,True,False
1065,3739,1688,3995,1944,1341,65536,0,0,0,False,False
1066,2367,2228,2623,2484,1341,65536,0,0,0,False,False
1067,3464,1182,3720,1438,1341,65536,0,0,0,False,False
1068,3615,2155,3871,2411,1341,65536,0,0,0,False,False
1069,2745,1445,3001,1701,1341,65536,0,0,0,False,False
1070,3336,1926,3592,2182,1351,65536,0,0,0,False,False
1071,3018,1317,3274,1573,1351,65536,0,0,0,False,False
1072,2747,2226,3003,2482,1351,65536,0,0,0,False,False
1073,2390,2311,2646,2567,1351,65536,0,0,0,False,True
1074,3566,1911,3822,2167,1351,65536,0,0,0,False,False
1075,3694,1065,3950,1321,1351,65536,0,0,0,False,False
1076,1473,2413,1729,2669,1351,65536,0,0,0,False,False
1077,2474,1328,2730,1584,1351,65536,0,0,0,False,False
1078,1277,1364,1533,1620,1351,65536,0,0,0,False,True
1079,2444,2032,2700,2288,1351,65536,0,0,0,False,False
1080,1451,2060,1707,2316,1391,65536,0,0,0,False,False
1081,2717,1122,2973,1378,1391,65536,0,0,0,False,False
1082,2527,1895,2783,2151,1391,65536,0,0,0,False,False
1083,2080,1549,2336,1805,1391,65536,0,0,0,False,False
1084,3727,968,3983,1224,1391,65536,0,0,0,False,False
1085,3370,1933,3626,2189,1391,65536,0,0,0,False,False
1086,3763,2115,4019,2371,1391,65536,0,0,0,False,False
1087,3207,960,3463,1216,1391,65536,0,0,0,False,False
1088,3916,2200,4172,2456,1391,65536,0,0,0,False,False
1089,3917,1669,4173,1925,1391,65536,0,0,0,False,False
1090,1209,2402,1465,2658,1393,65536,0,0,0,False,False
1091,3599,864,3855,1120,1393,65536,0,0,0,False,False
1092,1924,2279,2180,2535,1393,65536,0,0,0,False,False
1093,3144,2255,3400,2511,1393,65536,0,0,0,False,False
1094,3265,855,3521,1111,1393,65536,0,0,0,False,False
1095,2623,2442,2879,2698,1393,65536,0,0,0,False,False
1096,2445,2022,2701,2278,1393,65536,0,0,0,False,False
1097,2732,1787,2988,2043,1393,65536,0,0,0,False,False
1098,1332,1621,1588,1877,1393,65536,0,0,0,False,False
1099,1863,1280,2119,1536,1393,65536,0,0,0,False,False
1100,2119,2077,2375,2333,1394,65536,0,0,0,False,False
1101,1838,1061,2094,1317,1394,64366,1170,0,0,True,False
1102,1121,1679,1377,1935,1394,65536,0,0,0,False,False
1103,3527,2328,3783,2584,1394,65536,0,0,0,False,False
1104,3730,2088,3986,2344,1394,65536,0,0,0,False,False
1105,2653,2009,2909,2265,1394,65536,0,0,0,False,False
1106,2163,2116,2419,2372,1394,65536,0,0,0,False,False
1107,1935,975,2191,1231,1394,65536,0,0,0,False,False
1108,3050,2431,3306,2687,1394,65536,0,0,0,False,False
1109,1813,1336,2069,1592,1394,65536,0,0,0,False,False
1110,1289,2394,1545,2650,1404,65536,0,0,0,False,False
1111,2187,2211,2443,2467,1404,65536,0,0,0,False,False
1112,1704,914,1960,1170,1404,65536,0,0,0,False,False
1113,3164,1110,3420,1366,1404,65536,0,0,0,False,False
1114,3807,918,4063,1174,1404,65536,0,0,0,False,False
1115,1243,937,1499,1193,1404,65536,0,0,0,False,False
1116,2121,2433,2377,2689,1404,65536,0,0,0,False,False
1117,1792,1091,2048,1347,1404,65536,0,0,0,False,False
1118,2915,2461,3171,2717,1404,65536,0,0,0,False,False
1119,2230,1869,2486,2125,1404,65536,0,0,0,False,False
1120,1328,2274,1584,2530,1405,65536,0,0,0,False,False
1121,1510,2034,1766,2290,1405,65536,0,0,0,False,False
1122,3665,1279,3921,1535,1405,65536,0,0,0,False,False
1123,3362,1027,3618,1283,1405,65536,0,0,0,False,False
1124,3561,1588,3817,1844,1405,65536,0,0,0,False,False
1125,3657,2131,3913,2387,1405,65536,0,0,0,False,False
1126,1485,1275,1741,1531,1405,65536,0,0,0,False,False
1127,1507,1106,1763,1362,1405,65536,0,0,0,False,False
1128,1135,1821,1391,2077,1405,65536,0,0,0,False,False
1129,2855,2270,3111,2526,1405,65536,0,0,0,False,False
1130,2882,1691,3138,1947,1409,65536,0,0,0,False,False
1131,2065,1531,2321,1787,1409,65536,0,0,0,False,False
1132,1637,1060,1893,1316,1409,65536,0,0,0,False,False
1133,2670,1488,2926,1744,1409,65536,0,0,0,False,False
1134,1200,2216,1456,2472,1409,65536,0,0,0,False,False
1135,1864,2423,2120,2679,1409,65536,0,0,0,False,False
1136,3692,2053,3948,2309,1409,65536,0,0,0,False,False
1137,2687,1855,2943,2111,1409,65536,0,0,0,False,False
1138,3306,1918,3562,2174,1409,65536,0,0,0,False,False
1139,2365,2363,2621,2619,1409,65536,0,0,0,False,False
1140,2804,986,3060,1242,1410,64042,1494,0,0,True,False
1141,3148,2228,3404,2484,1410,65536,0,0,0,False,False
1142,2594,1610,2850,1866,1410,65536,0,0,0,False,False
1143,2967,1007,3223,1263,1410,65259,277,0,0,True,False
1144,3562,983,3818,1239,1410,65536,0,0,0,False,False
1145,2162,2424,2418,2680,1410,65536,0,0,0,False,False
1146,1857,2071,2113,2327,1410,65536,0,0,0,False,False
1147,3983,2427,4239,2683,1410,65536,0,0,0,False,False
1148,2989,845,3245,1101,1410,65536,0,0,0,False,True
1149,1512,1473,1768,1729,1410,65536,0,0,0,False,False
1150,2494,1322,2750,1578,1411,65536,0,0,0,False,False
1151,3755,2503,4011,2759,1411,65536,0,0,0,False,False
1152,2437,932,2693,1188,1411,65536,0,0,0,False,False
1153,3550,1955,3806,2211,1411,65536,0,0,0,False,False
1154,1759,1642,2015,1898,1411,65536,0,0,0,False,False
1155,3148,1725,3404,1981,1411,65536,0,0,0,False,False
1156,2595,1177,2851,1433,1411,65536,0,0,0,False,False
1157,3374,1725,3630,1981,1411,65536,0,0,0,False,False
1158,1654,2117,1910,2373,1411,65536,0,0,0,False,False
1159,2818,2404,3074,2660,1411,65536,0,0,0,False,False
1160,2868,960,3124,1216,1415,65536,0,0,0,False,False
1161,1447,1378,1703,1634,1415,65536,0,0,0,False,False
1162,2583,1260,2839,1516,1415,65536,0,0,0,False,False
1163,3097,2287,3353,2543,1415,65536,0,0,0,False,False
1164,1743,2359,1999,2615,1415,65536,0,0,0,False,False
1165,3790,1962,4046,2218,1415,65536,0,0,0,False,False
1166,2785,2410,3041,2666,1415,65536,0,0,0,False,False
1167,3826,1375,4082,1631,1415,65536,0,0,0,False,False
1168,3716,2521,3972,2777,1415,65536,0,0,0,False,False
1169,2193,2111,2449,2367,1415,65536,0,0,0,False,False
1170,3992,867,4248,1123,1416,65536,0,0,0,False,False
1171,3253,1121,3509,1377,1416,65536,0,0,0,False,False
1172,3519,1531,3775,1787,1416,65536,0,0,0,False,False
1173,2027,1325,2283,1581,1416,65536,0,0,0,False,False
1174,2467,1294,2723,1550,1416,64060,1476,0,0,True,False
1175,2008,2366,2264,2622,1416,65536,0,0,0,False,False
1176,1482,2022,1738,2278,1416,65536,0,0,0,False,False
1177,3697,1702,3953,1958,1416,65536,0,0,0,False,False
1178,1434,1578,1690,1834,1416,65536,0,0,0,False,False
1179,1235,2389,1491,2645,1416,65536,0,0,0,False,False
1180,2172,2037,2428,2293,1438,65536,0,0,0,False,False
1181,3568,1592,3824,1848,1438,65536,0,0,0,False,False
1182,1972,1217,2228,1473,1438,65536,0,0,0,False,False
1183,1446,1957,1702,2213,1438,65536,0,0,0,False,False
1184,3698,2090,3954,2346,1438,65536,0,0,0,False,False
1185,1816,1255,2072,1511,1438,65536,0,0,0,False,False
1186,2606,1243,2862,1499,1438,65536,0,0,0,False,False
1187,1481,2287,1737,2543,1438,65536,0,0,0,False,False
1188,1478,1799,1734,2055,1438,65536,0,0,0,False,False
1189,1243,1370,1499,1626,1438,65536,0,0,0,False,False
1190,3386,2253,3642,2509,1478,65536,0,0,0,False,False
1191,2074,2318,2330,2574,1478,65536,0,0,0,False,False
1192,1187,2453,1443,2709,1478,65536,0,0,0,False,False
1193,2182,2305,2438,2561,1478,65536,0,0,0,False,False
1194,2957,2080,3213,2336,1478,65536,0,0,0,False,False
1195,1617,1579,1873,1835,1478,65536,0,0,0,False,False
1196,3052,1841,3308,2097,1478,65536,0,0,0,False,False
1197,2500,1242,2756,1498,1478,65536,0,0,0,False,False
1198,2390,1953,2646,2209,1478,65536,0,0,0,False,False
1199,3300,1928,3556,2184,1478,65536,0,0,0,False,False
1200,2419,1340,2675,1596,1494,65536,0,0,0,False,False
1201,2483,1041,2739,1297,1494,65536,0,0,0,False,False
1202,1428,1467,1684,1723,1494,65536,0,0,0,False,False
1203,2370,2073,2626,2329,1494,65536,0,0,0,False,False
1204,2480,1109,2736,1365,1494,65536,0,0,0,False,False
1205,2042,1961,2298,2217,1494,65536,0,0,0,False,False
1206,3228,2166,3484,2422,1494,65536,0,0,0,False,False
1207,2493,1939,2749,2195,1494,65536,0,0,0,False,False
1208,2058,923,2314,1179,1494,65536,0,0,0,False,False
1209,2835,1023,3091,1279,1494,65536,0,0,0,False,False
1210,1384,847,1640,1103,1495,65536,0,0,0,False,False
1211,3398,2004,3654,2260,1495,65536,0,0,0,False,False
1212,1329,1988,1585,2244,1495,65536,0,0,0,False,False
1213,2792,2060,3048,2316,1495,65536,0,0,0,False,False
1214,2361,1136,2617,1392,1495,64208,1328,0,0,True,False
1215,3271,1183,3527,1439,1495,65536,0,0,0,False,False
1216,3425,1949,3681,2205,1495,65536,0,0,0,False,False
1217,3503,2018,3759,2274,1495,65536,0,0,0,False,False
1218,2710,914,2966,1170,1495,65536,0,0,0,False,False
1219,2168,1415,2424,1671,1495,65536,0,0,0,False,False
1220,1970,1901,2226,2157,1521,65536,0,0,0,False,False
1221,2327,1452,2583,1708,1521,65536,0,0,0,False,False
1222,1612,2279,1868,2535,1521,64692,0,844,0,False,True
1223,1215,1876,1471,2132,1521,65536,0,0,0,False,False
1224,2240,2286,2496,2542,1521,65536,0,0,0,False,False
1225,3643,2298,3899,2554,1521,65536,0,0,0,False,False
1226,3812,1780,4068,2036,1521,65536,0,0,0,False,False
1227,2576,1548,2832,1804,1521,65536,0,0,0,False,False
1228,3503,1817,3759,2073,1521,65536,0,0,0,False,False
1229,2994,1394,3250,1650,1521,65536,0,0,0,False,False
1230,1532,2502,1788,2758,1602,65536,0,0,0,False,False
1231,3799,2328,4055,2584,1602,65536,0,0,0,False,False
1232,3344,2399,3600,2655,1602,65536,0,0,0,False,False
1233,1608,2054,1864,2310,1602,65536,0,0,0,False,False
1234,3408,2142,3664,2398,1602,65536,0,0,0,False,False
1235,1321,1198,1577,1454,1602,65536,0,0,0,False,False
1236,3012,2429,3268,2685,1602,65536,0,0,0,False,False
1237,2399,2082,2655,2338,1602,65536,0,0,0,False,False
1238,1586,1953,1842,2209,1602,65536,0,0,0,False,False
1239,3454,1607,3710,1863,1602,65536,0,0,0,False,False
1240,2989,1634,3245,1890,1764,65536,0,0,0,False,False
1241,3468,1345,3724,1601,1764,65536,0,0,0,False,False
1242,3871,1503,4127,1759,1764,65536,0,0,0,False,False
1243,3878,1235,4134,1491,1764,65536,0,0,0,False,False
1244,1261,2258,1517,2514,1764,65536,0,0,0,False,False
1245,3170,1865,3426,2121,1764,65536,0,0,0,False,False
1246,2110,886,2366,1142,1764,65536,0,0,0,False,False
1247,3272,1649,3528,1905,1764,65536,0,0,0,False,False
1248,2398,1561,2654,1817,1764,65536,0,0,0,False,False
1249,3383,1796,3639,2052,1764,65536,0,0,0,False,False
1250,2171,1025,2427,1281,2005,65536,0,0,0,False,False
1251,2696,1706,2952,1962,2005,65536,0,0,0,False,False
1252,1948,1831,2204,2087,2005,65536,0,0,0,False,False
1253,3325,1213,3581,1469,2005,65536,0,0,0,False,False
1254,2280,2209,2536,2465,2005,65536,0,0,0,False,False
1255,2238,1641,2494,1897,2005,65536,0,0,0,False,False
1256,1993,2478,2249,2734,2005,65536,0,0,0,False,False
1257,3553,2143,3809,2399,2005,65536,0,0,0,False,False
1258,2549,2060,2805,2316,2005,65536,0,0,0,False,False
1259,1222,2286,1478,2542,2005,65536,0,0,0,False,False
1260,2473,2071,2729,2327,2040,65536,0,0,0,False,False
1261,1802,2127,2058,2383,2040,65536,0,0,0,False,False
1262,2689,1144,2945,1400,2040,65536,0,0,0,False,False
1263,2768,1296,3024,1552,2040,65536,0,0,0,False,False
1264,1297,1853,1553,2109,2040,65140,0,396,0,False,True
1265,1261,1839,1517,2095,2040,65215,0,321,0,False,True
1266,2561,2376,2817,2632,2040,65536,0,0,0,False,False
1267,2144,2116,2400,2372,2040,65536,0,0,0,False,False
1268,2314,1184,2570,1440,2040,65536,0,0,0,False,False
1269,1134,2363,1390,2619,2040,65536,0,0,0,False,False
1270,1871,921,2127,1177,2044,65536,0,0,0,False,False
1271,2981,2479,3237,2735,2044,65536,0,0,0,False,False
1272,1640,1458,1896,1714,2044,65536,0,0,0,False,False
1273,3430,1956,3686,2212,2044,65536,0,0,0,False,False
1274,2916,1394,3172,1650,2044,65536,0,0,0,False,False
1275,1644,928,1900,1184,2044,65536,0,0,0,False,True
1276,1805,2489,2061,2745,2044,65536,0,0,0,False,False
1277,1135,2351,1391,2607,2044,65536,0,0,0,False,False
1278,1214,1380,1470,1636,2044,65536,0,0,0,False,False
1279,1498,1584,1754,1840,2044,65536,0,0,0,False,False
1280,3715,1500,3971,1756,2046,65536,0,0,0,False,False
1281,3074,1610,3330,1866,2046,65536,0,0,0,False,False
1282,3235,886,3491,1142,2046,65536,0,0,0,False,False
1283,3955,2467,4211,2723,2046,65536,0,0,0,False,False
1284,1399,1481,1655,1737,2046,65536,0,0,0,False,False
1285,3880,990,4136,1246,2046,65536,0,0,0,False,False
1286,3619,1563,3875,1819,2046,65536,0,0,0,False,False
1287,2380,864,2636,1120,2046,65536,0,0,0,False,False
1288,1173,1739,1429,1995,2046,65536,0,0,0,False,False
1289,1947,1723,2203,1979,2046,65536,0,0,0,False,False
1290,1444,2336,1700,2592,2047,65536,0,0,0,False,False
1291,3117,1575,3373,1831,2047,65536,0,0,0,False,False
1292,2595,1964,2851,2220,2047,63835,1701,0,0,True,False
1293,2353,1144,2609,1400,2047,65536,0,0,0,False,False
1294,3093,2212,3349,2468,2047,63935,1601,0,0,True,False
1295,3718,2028,3974,2284,2047,65536,0,0,0,False,False
1296,3428,1620,3684,1876,2047,65536,0,0,0,False,False
1297,1451,2021,1707,2277,2047,65536,0,0,0,False,False
1298,2488,2150,2744,2406,2047,64141,1395,0,0,True,False
1299,2757,1376,3013,1632,2047,65536,0,0,0,False,False
1300,2846,994,3102,1250,2085,65536,0,0,0,False,False
1301,3871,1744,4127,2000,2085,65536,0,0,0,False,False
1302,3063,2228,3319,2484,2085,65536,0,0,0,False,False
1303,2637,2517,2893,2773,2085,65536,0,0,0,False,False
1304,2490,1172,2746,1428,2085,65536,0,0,0,False,False
1305,3697,2339,3953,2595,2085,65536,0,0,0,False,False
1306,2509,1509,2765,1765,2085,65536,0,0,0,False,False
1307,3037,1377,3293,1633,2085,65536,0,0,0,False,False
1308,3175,1448,3431,1704,2085,65536,0,0,0,False,False
1309,2449,2014,2705,2270,2085,65536,0,0,0,False,False
1310,3804,1605,4060,1861,2093,65536,0,0,0,False,False
1311,2442,1291,2698,1547,2093,65536,0,0,0,False,False
1312,2206,1512,2462,1768,2093,65536,0,0,0,False,False
1313,2153,1313,2409,1569,2093,65536,0,0,0,False,False
1314,2462,1865,2718,2121,2093,65536,0,0,0,False,False
1315,3304,1379,3560,1635,2093,65536,0,0,0,False,False
1316,1473,1904,1729,2160,2093,65536,0,0,0,False,False
1317,1946,1442,2202,1698,2093,65536,0,0,0,False,False
1318,1197,1482,1453,1738,2093,65536,0,0,0,False,False
1319,2242,1148,2498,1404,2093,65536,0,0,0,False,False
1320,2842,1997,3098,2253,2095,65536,0,0,0,False,False
1321,3725,907,3981,1163,2095,65536,0,0,0,False,False
1322,2684,2420,2940,2676,2095,65536,0,0,0,False,False
1323,3687,2398,3943,2654,2095,65536,0,0,0,False,False
1324,2926,878,3182,1134,2095,65536,0,0,0,False,False
1325,2732,2234,2988,2490,2095,65536,0,0,0,False,False
1326,3887,1885,4143,2141,2095,65536,0,0,0,False,False
1327,3002,855,3258,1111,2095,65536,0,0,0,False,False
1328,3672,1671,3928,1927,2095,65536,0,0,0,False,False
1329,1893,2229,2149,2485,2095,65536,0,0,0,False,False
1330,1443,1819,1699,2075,2096,65536,0,0,0,False,False
1331,2031,2331,2287,2587,2096,65536,0,0,0,False,False
1332,2062,1506,2318,1762,2096,65536,0,0,0,False,False
1333,2856,1444,3112,1700,2096,65536,0,0,0,False,False
1334,2482,2528,2738,2784,2096,65536,0,0,0,False,False
1335,3533,2319,3789,2575,2096,65536,0,0,0,False,False
1336,2741,1421,2997,1677,2096,65536,0,0,0,False,False
1337,2589,1585,2845,1841,2096,65536,0,0,0,False,False
1338,3316,1340,3572,1596,2096,65536,0,0,0,False,False
1339,2534,1158,2790,1414,2096,65536,0,0,0,False,False
1340,1679,1986,1935,2242,2097,65536,0,0,0,False,False
1341,1247,2295,1503,2551,2097,65536,0,0,0,False,False
1342,1607,1418,1863,1674,2097,65536,0,0,0,False,True
1343,2705,935,2961,1191,2097,65536,0,0,0,False,False
1344,2177,1219,2433,1475,2097,61943,3593,0,0,True,False
1345,2785,2066,3041,2322,2097,65536,0,0,0,False,False
1346,1218,2454,1474,2710,2097,65536,0,0,0,False,False
1347,2980,1637,3236,1893,2097,65536,0,0,0,False,False
1348,1202,1272,1458,1528,2097,65536,0,0,0,False,False
1349,1534,1975,1790,2231,2097,64890,646,0,0,True,False
1350,1589,893,1845,1149,2098,65536,0,0,0,False,False
1351,2677,2160,2933,2416,2098,65536,0,0,0,False,False
1352,1303,1223,1559,1479,2098,65060,476,0,0,True,False
1353,1959,1689,2215,1945,2098,65536,0,0,0,False,False
1354,2105,2453,2361,2709,2098,65536,0,0,0,False,False
1355,3148,2288,3404,2544,2098,65536,0,0,0,False,False
1356,1289,2516,1545,2772,2098,65536,0,0,0,False,False
1357,3827,1667,4083,1923,2098,65536,0,0,0,False,False
1358,2060,1519,2316,1775,2098,65536,0,0,0,False,False
1359,3576,2125,3832,2381,2098,65536,0,0,0,False,False
1360,2940,848,3196,1104,2099,65536,0,0,0,False,False
1361,3196,966,3452,1222,2099,65536,0,0,0,False,False
1362,1977,933,2233,1189,2099,65335,201,0,0,True,False
1363,3406,935,3662,1191,2099,65536,0,0,0,False,False
1364,2066,1693,2322,1949,2099,65226,310,0,0,True,False
1365,3672,1906,3928,2162,2099,65536,0,0,0,False,False
1366,2585,980,2841,1236,2099,65536,0,0,0,False,False
1367,2344,1217,2600,1473,2099,65536,0,0,0,False,False
1368,2569,2047,2825,2303,2099,64978,558,0,0,True,False
1369,2373,1491,2629,1747,2099,65536,0,0,0,False,False
1370,1980,2273,2236,2529,2101,65536,0,0,0,False,False
1371,3057,1387,3313,1643,2101,65536,0,0,0,False,False
1372,2304,1843,2560,2099,2101,65536,0,0,0,False,False
1373,1860,1471,2116,1727,2101,65536,0,0,0,False,False
1374,1362,1841,1618,2097,2101,65536,0,0,0,False,False
1375,1988,1786,2244,2042,2101,65536,0,0,0,False,False
1376,2229,1893,2485,2149,2101,65536,0,0,0,False,False
1377,3968,2182,4224,2438,2101,65536,0,0,0,False,False
1378,3894,1593,4150,1849,2101,65536,0,0,0,False,False
1379,1213,1619,1469,1875,2101,65536,0,0,0,False,False
1380,2720,2413,2976,2669,2163,65536,0,0,0,False,False
1381,3051,920,3307,1176,2163,65536,0,0,0,False,False
1382,3529,1483,3785,1739,2163,65536,0,0,0,False,False
1383,2885,2341,3141,2597,2163,65536,0,0,0,False,False
1384,1145,1521,1401,1777,2163,65536,0,0,0,False,False
1385,2984,1211,3240,1467,2163,65536,0,0,0,False,False
1386,1749,2419,2005,2675,2163,65536,0,0,0,False,False
1387,2963,2508,3219,2764,2163,65536,0,0,0,False,False
1388,1304,1630,1560,1886,2163,65536,0,0,0,False,False
1389,1316,1754,1572,2010,2163,65536,0,0,0,False,False
1390,3891,1407,4147,1663,2164,65536,0,0,0,False,False
1391,1638,2056,1894,2312,2164,65536,0,0,0,False,False
1392,3058,1174,3314,1430,2164,65536,0,0,0,False,False
1393,2376,1557,2632,1813,2164,65536,0,0,0,False,False
1394,1378,1998,1634,2254,2164,65536,0,0,0,False,False
1395,2582,1757,2838,2013,2164,65536,0,0,0,False,False
1396,1610,968,1866,1224,2164,62052,3484,0,0,True,False
1397,3155,2058,3411,2314,2164,65536,0,0,0,False,False
1398,1242,1331,1498,1587,2164,65536,0,0,0,False,False
1399,3544,1541,3800,1797,2164,65536,0,0,0,False,False
1400,1205,1188,1461,1444,2169,65536,0,0,0,False,False
1401,2620,1370,2876,1626,2169,65536,0,0,0,False,False
1402,1909,1619,2165,1875,2169,65536,0,0,0,False,False
1403,2343,1884,2599,2140,2169,65536,0,0,0,False,False
1404,2118,1012,2374,1268,2169,65536,0,0,0,False,False
1405,2066,2026,2322,2282,2169,65536,0,0,0,False,False
1406,1209,1517,1465,1773,2169,65536,0,0,0,False,False
1407,1171,2289,1427,2545,2169,65536,0,0,0,False,False
1408,1642,1486,1898,1742,2169,65536,0,0,0,False,False
1409,3228,1922,3484,2178,2169,65536,0,0,0,False,False
1410,2862,893,3118,1149,2170,65536,0,0,0,False,False
1411,3035,2309,3291,2565,2170,65536,0,0,0,False,False
1412,3629,2208,3885,2464,2170,65536,0,0,0,False,False
1413,1432,1835,1688,2091,2170,64897,639,0,0,True,False
1414,1924,1866,2180,2122,2170,65536,0,0,0,False,False
1415,3747,1388,4003,1644,2170,65536,0,0,0,False,False
1416,2506,1814,2762,2070,2170,65536,0,0,0,False,False
1417,1213,920,1469,1176,2170,65536,0,0,0,False,False
1418,1576,1263,1832,1519,2170,65536,0,0,0,False,False
1419,1704,1306,1960,1562,2170,65536,0,0,0,False,False
1420,3469,2102,3725,2358,2171,65536,0,0,0,False,True
1421,3059,1176,3315,1432,2171,62833,2703,0,0,True,False
1422,3628,1216,3884,1472,2171,64062,1474,0,0,True,False
1423,3386,1152,3642,1408,2171,62239,3297,0,0,True,False
1424,3935,1276,4191,1532,2171,65536,0,0,0,False,False
1425,1250,1548,1506,1804,2171,65536,0,0,0,False,False
1426,1425,1190,1681,1446,2171,65536,0,0,0,False,False
1427,1704,1789,1960,2045,2171,65536,0,0,0,False,False
1428,3722,1609,3978,1865,2171,65536,0,0,0,False,False
1429,2096,2196,2352,2452,2171,65536,0,0,0,False,False
1430,3820,1149,4076,1405,2172,65536,0,0,0,False,False
1431,2331,930,2587,1186,2172,65536,0,0,0,False,False
1432,1155,971,1411,1227,2172,65536,0,0,0,False,False
1433,2071,1725,2327,1981,2172,65536,0,0,0,False,False
1434,3068,2343,3324,2599,2172,65536,0,0,0,False,False
1435,3252,1426,3508,1682,2172,65536,0,0,0,False,False
1436,3214,1076,3470,1332,2172,65536,0,0,0,False,False
1437,2424,1147,2680,1403,2172,65536,0,0,0,False,False
1438,3799,1289,4055,1545,2172,65536,0,0,0,False,False
1439,2963,2398,3219,2654,2172,65536,0,0,0,False,False
1440,3941,2307,4197,2563,0,0,0,0,0,False,False
1441,3689,1806,3945,2062,0,0,0,0,0,False,False
1442,3342,2003,3598,2259,0,0,0,0,0,False,False
1443,3056,1174,3312,1430,0,0,0,0,0,False,False
1444,3985,1000,4241,1256,0,0,0,0,0,False,False
1445,2683,1512,2939,1768,0,0,0,0,0,False,False
1446,3552,1701,3808,1957,0,0,0,0,0,False,False
1447,2904,1162,3160,1418,0,0,0,0,0,False,False
1448,1434,2149,1690,2405,0,0,0,0,0,False,False
1449,1164,863,1420,1119,0,0,0,0,0,False,False
1450,3719,1620,3975,1876,0,0,0,0,0,False,False
1451,3223,2462,3479,2718,0,0,0,0,0,False,False
1452,2426,2062,2682,2318,0,0,0,0,0,False,False
1453,1319,1320,1575,1576,0,0,0,0,0,False,False
1454,1979,1847,2235,2103,0,0,0,0,0,False,False
1455,1186,1170,1442,1426,0,0,0,0,0,False,False
1456,3516,2524,3772,2780,0,0,0,0,0,False,False
1457,2666,1009,2922,1265,0,0,0,0,0,False,False
1458,3841,1144,4097,1400,0,0,0,0,0,False,False
1459,1339,1351,1595,1607,0,0,0,0,0,False,False
1460,2968,1789,3224,2045,0,0,0,0,0,False,False
1461,2361,1464,2617,1720,0,0,0,0,0,False,False
1462,1857,1532,2113,1788,0,0,0,0,0,False,False
1463,3607,846,3863,1102,0,0,0,0,0,False,False
1464,3613,1662,3869,1918,0,0,0,0,0,False,False
1465,1968,1801,2224,2057,0,0,0,0,0,False,False
1466,1209,905,1465,1161,0,0,0,0,0,False,False
1467,3223,849,3479,1105,0,0,0,0,0,False,False
1468,2709,1496,2965,1752,0,0,0,0,0,False,False
1469,3633,1050,3889,1306,0,0,0,0,0,False,False
1470,2167,2421,2423,2677,2,65536,0,0,0,False,False
1471,2428,1162,2684,1418,2,65060,0,476,0,False,True
1472,2541,1108,2797,1364,2,65536,0,0,0,False,False
1473,1713,1271,1969,1527,2,63922,0,1614,0,False,True
1474,3786,1796,4042,2052,2,65536,0,0,0,False,False
1475,2425,2253,2681,2509,2,65536,0,0,0,False,False
1476,1180,2043,1436,2299,2,65536,0,0,0,False,False
1477,2477,1254,2733,1510,2,64056,0,1480,0,False,True
1478,3086,1240,3342,1496,2,65536,0,0,0,False,False
1479,2394,1629,2650,1885,2,65536,0,0,0,False,False
1480,2597,1940,2853,2196,2,65536,0,0,0,False,False
1481,3407,1744,3663,2000,2,65536,0,0,0,False,False
1482,1171,1624,1427,1880,2,65536,0,0,0,False,False
1483,2577,2156,2833,2412,2,65536,0,0,0,False,False
1484,3829,2126,4085,2382,2,65536,0,0,0,False,False
1485,2664,1257,2920,1513,2,65436,0,100,0,False,True
1486,1831,2318,2087,2574,2,65348,0,188,0,False,True
1487,3441,1477,3697,1733,2,65536,0,0,0,False,False
1488,3343,2318,3599,2574,2,65536,0,0,0,False,False
1489,3640,1534,3896,1790,2,65536,0,0,0,False,False
1490,3058,2323,3314,2579,2,65536,0,0,0,False,False
1491,1964,2517,2220,2773,2,65536,0,0,0,False,True
1492,1508,1731,1764,1987,2,65536,0,0,0,False,False
1493,2088,1380,2344,1636,2,64776,0,760,0,False,True
1494,1765,1272,2021,1528,2,63552,0,1984,0,False,True
1495,1703,1701,1959,1957,2,64472,0,1064,0,False,True
1496,1486,2499,1742,2755,2,65536,0,0,0,False,True
1497,2000,2088,2256,2344,2,63684,0,1852,0,False,True
1498,1464,2046,1720,2302,2,65536,0,0,0,False,False
1499,2464,2180,2720,2436,2,65536,0,0,0,False,False
1500,1428,2164,1684,2420,17,65536,0,0,0,False,False
1501,3970,1143,4226,1399,17,65536,0,0,0,False,False
1502,2763,1726,3019,1982,17,65536,0,0,0,False,False
1503,1901,1116,2157,1372,17,65536,0,0,0,False,False
1504,1316,1154,1572,1410,17,65536,0,0,0,False,False
1505,3059,1031,3315,1287,17,65536,0,0,0,False,False
1506,1960,1641,2216,1897,17,65536,0,0,0,False,False
1507,3801,2484,4057,2740,17,65536,0,0,0,False,False
1508,1610,2444,1866,2700,17,65536,0,0,0,False,False
1509,1934,2324,2190,2580,17,65536,0,0,0,False,False
1510,1592,1145,1848,1401,17,65536,0,0,0,False,False
1511,3005,1770,3261,2026,17,65536,0,0,0,False,False
1512,1224,1505,1480,1761,17,65536,0,0,0,False,False
1513,3218,909,3474,1165,17,65536,0,0,0,False,False
1514,1734,2370,1990,2626,17,65536,0,0,0,False,False
1515,1916,2221,2172,2477,17,65536,0,0,0,False,False
1516,2356,1817,2612,2073,17,65536,0,0,0,False,False
1517,1586,1946,1842,2202,17,65536,0,0,0,False,False
1518,3590,2295,3846,2551,17,65536,0,0,0,False,False
1519,3535,1108,3791,1364,17,65536,0,0,0,False,False
1520,3518,2060,3774,2316,17,65536,0,0,0,False,False
1521,1296,2429,1552,2685,17,65536,0,0,0,False,False
1522,1599,2270,1855,2526,17,65536,0,0,0,False,False
1523,1464,1183,1720,1439,17,65536,0,0,0,False,False
1524,2514,2518,2770,2774,17,65536,0,0,0,False,False
1525,3263,1552,3519,1808,17,65536,0,0,0,False,False
1526,1479,2059,1735,2315,17,65536,0,0,0,False,False
1527,3534,1443,3790,1699,17,65536,0,0,0,False,False
1528,3883,2465,4139,2721,17,65536,0,0,0,False,False
1529,2200,2307,2456,2563,17,65536,0,0,0,False,False
1530,1227,2256,1483,2512,20,65536,0,0,0,False,False
1531,2712,1578,2968,1834,20,65536,0,0,0,False,False
1532,3705,1991,3961,2247,20,65536,0,0,0,False,False
1533,1466,981,1722,1237,20,65536,0,0,0,False,False
1534,3065,1526,3321,1782,20,65536,0,0,0,False,False
1535,3799,1049,4055,1305,20,65536,0,0,0,False,False
1536,3124,2088,3380,2344,20,65536,0,0,0,False,False
1537,3194,2281,3450,2537,20,65536,0,0,0,False,False
1538,1516,897,1772,1153,20,65536,0,0,0,False,False
1539,1808,2231,2064,2487,20,65536,0,0,0,False,False
1540,3398,2274,3654,2530,20,65536,0,0,0,False,False
1541,2255,1693,2511,1949,20,65536,0,0,0,False,False
1542,3852,1261,4108,1517,20,65536,0,0,0,False,False
1543,3588,1406,3844,1662,20,65536,0,0,0,False,False
1544,2206,2067,2462,2323,20,65536,0,0,0,False,False
1545,2847,2254,3103,2510,20,65536,0,0,0,False,True
1546,2685,1661,2941,1917,20,65536,0,0,0,False,False
1547,3405,2076,3661,2332,20,65536,0,0,0,False,False
1548,2519,2240,2775,2496,20,65536,0,0,0,False,False
1549,2464,1681,2720,1937,20,65536,0,0,0,False,False
1550,2484,1489,2740,1745,20,65536,0,0,0,False,False
1551,2577,1180,2833,1436,20,65536,0,0,0,False,False
1552,3920,2036,4176,2292,20,65536,0,0,0,False,False
1553,2673,2465,2929,2721,20,65536,0,0,0,False,False
1554,2035,1787,2291,2043,20,65536,0,0,0,False,False
1555,3461,1024,3717,1280,20,65536,0,0,0,False,False
1556,2315,2166,2571,2422,20,65536,0,0,0,False,False
1557,3607,1745,3863,2001,20,65536,0,0,0,False,False
1558,1258,1652,1514,1908,20,65536,0,0,0,False,False
1559,2350,917,2606,1173,20,65536,0,0,0,False,False
1560,1258,1886,1514,2142,21,65536,0,0,0,False,False
1561,2574,2046,2830,2302,21,65536,0,0,0,False,False
1562,3437,2139,3693,2395,21,65536,0,0,0,False,False
1563,3132,1749,3388,2005,21,65536,0,0,0,False,False
1564,1233,1860,1489,2116,21,65536,0,0,0,False,False
1565,2394,1164,2650,1420,21,65536,0,0,0,False,False
1566,2993,1118,3249,1374,21,65536,0,0,0,False,False
1567,3934,961,4190,1217,21,65536,0,0,0,False,False
1568,2899,2005,3155,2261,21,65536,0,0,0,False,False
1569,1574,2423,1830,2679,21,65536,0,0,0,False,False
1570,1165,1704,1421,1960,21,65536,0,0,0,False,False
1571,3262,2014,3518,2270,21,65536,0,0,0,False,False
1572,1696,2128,1952,2384,21,65536,0,0,0,False,False
1573,3198,1321,3454,1577,21,65536,0,0,0,False,False
1574,3707,1706,3963,1962,21,65536,0,0,0,False,False
1575,1333,1874,1589,2130,21,65536,0,0,0,False,False
1576,3985,1375,4241,1631,21,65536,0,0,0,False,False
1577,3346,2276,3602,2532,21,65536,0,0,0,False,False
1578,1674,1936,1930,2192,21,65536,0,0,0,False,False
1579,3457,1825,3713,2081,21,65536,0,0,0,False,False
1580,2029,2436,2285,2692,21,65536,0,0,0,False,False
1581,3749,1798,4005,2054,21,65536,0,0,0,False,False
1582,2555,2138,2811,2394,21,65536,0,0,0,False,False
1583,3753,2001,4009,2257,21,65536,0,0,0,False,False
1584,3492,2485,3748,2741,21,65536,0,0,0,False,False
1585,2999,1896,3255,2152,21,65536,0,0,0,False,False
1586,1831,2079,2087,2335,21,65536,0,0,0,False,False
1587,2260,1910,2516,2166,21,64442,1094,0,0,True,False
1588,2999,2016,3255,2272,21,65536,0,0,0,False,False
1589,3928,2156,4184,2412,21,65536,0,0,0,False,False
1590,1813,2385,2069,2641,25,65536,0,0,0,False,False
1591,1355,1681,1611,1937,25,65536,0,0,0,False,False
1592,3606,1932,3862,2188,25,65536,0,0,0,False,False
1593,2826,1068,3082,1324,25,65536,0,0,0,False,False
1594,2407,2270,2663,2526,25,65536,0,0,0,False,False
1595,1223,904,1479,1160,25,65536,0,0,0,False,True
1596,3502,1353,3758,1609,25,65536,0,0,0,False,False
1597,1529,1019,1785,1275,25,65536,0,0,0,False,False
1598,1595,2485,1851,2741,25,65536,0,0,0,False,False
1599,1398,2138,1654,2394,25,65536,0,0,0,False,False
1600,3201,1770,3457,2026,25,65536,0,0,0,False,False
1601,3706,1242,3962,1498,25,65536,0,0,0,False,False
1602,2660,1293,2916,1549,25,65536,0,0,0,False,False
1603,1878,1798,2134,2054,25,65536,0,0,0,False,False
1604,2041,1289,2297,1545,25,65536,0,0,0,False,False
1605,2348,1982,2604,2238,25,65536,0,0,0,False,False
1606,2529,1543,2785,1799,25,65536,0,0,0,False,False
1607,3065,1199,3321,1455,25,65536,0,0,0,False,False
1608,2340,1057,2596,1313,25,65536,0,0,0,False,False
1609,2778,2161,3034,2417,25,65536,0,0,0,False,False
1610,2760,1894,3016,2150,25,65536,0,0,0,False,False
1611,3955,2272,4211,2528,25,65536,0,0,0,False,False
1612,1540,1338,1796,1594,25,65536,0,0,0,False,False
1613,2356,1277,2612,1533,25,65536,0,0,0,False,False
1614,3229,920,3485,1176,25,65536,0,0,0,False,False
1615,2856,954,3112,1210,25,65536,0,0,0,False,False
1616,1744,1435,2000,1691,25,65536,0,0,0,False,False
1617,1255,1521,1511,1777,25,65536,0,0,0,False,False
1618,2160,2208,2416,2464,25,65536,0,0,0,False,False
1619,3317,1670,3573,1926,25,65536,0,0,0,False,False
1620,2095,1083,2351,1339,27,65536,0,0,0,False,False
1621,3508,2044,3764,2300,27,65536,0,0,0,False,False
1622,3579,2363,3835,2619,27,65536,0,0,0,False,False
1623,3738,972,3994,1228,27,65536,0,0,0,False,False
1624,3574,1816,3830,2072,27,65536,0,0,0,False,False
1625,3830,2215,4086,2471,27,65536,0,0,0,False,False
1626,1777,2352,2033,2608,27,65536,0,0,0,False,False
1627,1429,1575,1685,1831,27,65536,0,0,0,False,False
1628,1316,1444,1572,1700,27,65536,0,0,0,False,False
1629,2292,1706,2548,1962,27,65536,0,0,0,False,False
1630,2942,2259,3198,2515,27,65536,0,0,0,False,False
1631,2982,1351,3238,1607,27,65536,0,0,0,False,False
1632,1362,2326,1618,2582,27,65536,0,0,0,False,False
1633,2234,1072,2490,1328,27,65536,0,0,0,False,False
1634,2727,2385,2983,2641,27,65536,0,0,0,False,False
1635,2108,1753,2364,2009,27,65536,0,0,0,False,False
1636,2192,2076,2448,2332,27,65536,0,0,0,False,False
1637,1951,1377,2207,1633,27,65536,0,0,0,False,False
1638,3277,1533,3533,1789,27,65536,0,0,0,False,False
1639,3712,1115,3968,1371,27,65536,0,0,0,False,False
1640,2163,1366,2419,1622,27,65536,0,0,0,False,False
1641,2107,2396,2363,2652,27,65536,0,0,0,False,False
1642,3643,1755,3899,2011,27,65536,0,0,0,False,False
1643,3478,1198,3734,1454,27,65536,0,0,0,False,False
1644,2548,1900,2804,2156,27,65536,0,0,0,False,False
1645,2812,1078,3068,1334,27,65536,0,0,0,False,False
1646,2016,837,2272,1093,27,65536,0,0,0,False,False
1647,1800,1344,2056,1600,27,65536,0,0,0,False,False
1648,1401,1756,1657,2012,27,65536,0,0,0,False,False
1649,2402,2000,2658,2256,27,65536,0,0,0,False,False
1650,2837,1273,3093,1529,29,65536,0,0,0,False,False
1651,1393,1385,1649,1641,29,65536,0,0,0,False,False
1652,3174,2356,3430,2612,29,65536,0,0,0,False,False
1653,2716,1203,2972,1459,29,65536,0,0,0,False,False
1654,2473,1148,2729,1404,29,65536,0,0,0,False,False
1655,2570,1080,2826,1336,29,65536,0,0,0,False,False
1656,1159,1598,1415,1854,29,65536,0,0,0,False,False
1657,3990,2004,4246,2260,29,65536,0,0,0,False,False
1658,2709,1977,2965,2233,29,65536,0,0,0,False,True
1659,3604,916,3860,1172,29,65536,0,0,0,False,False
1660,3650,1614,3906,1870,29,65536,0,0,0,False,False
1661,2842,1441,3098,1697,29,65536,0,0,0,False,False
1662,3882,1594,4138,1850,29,65536,0,0,0,False,False
1663,1337,1679,1593,1935,29,65536,0,0,0,False,False
1664,1674,2013,1930,2269,29,65536,0,0,0,False,False
1665,3095,1287,3351,1543,29,65536,0,0,0,False,False
1666,3065,1883,3321,2139,29,65536,0,0,0,False,False
1667,2158,2359,2414,2615,29,65536,0,0,0,False,False
1668,1525,1114,1781,1370,29,65536,0,0,0,False,False
1669,1906,2453,2162,2709,29,65536,0,0,0,False,False
1670,2653,1421,2909,1677,29,65536,0,0,0,False,False
1671,1764,1647,2020,1903,29,65536,0,0,0,False,False
1672,1704,932,1960,1188,29,65536,0,0,0,False,False
1673,2786,2066,3042,2322,29,65536,0,0,0,False,False
1674,1527,1452,1783,1708,29,65536,0,0,0,False,False
1675,3238,2477,3494,2733,29,65536,0,0,0,False,False
1676,2035,1236,2291,1492,29,65536,0,0,0,False,False
1677,3490,2186,3746,2442,29,65536,0,0,0,False,False
1678,3130,1169,3386,1425,29,65536,0,0,0,False,False
1679,1661,1810,1917,2066,29,65536,0,0,0,False,False
1680,2591,1958,2847,2214,33,65536,0,0,0,False,False
1681,2323,1516,2579,1772,33,65536,0,0,0,False,False
1682,1262,2151,1518,2407,33,65536,0,0,0,False,False
1683,3222,1278,3478,1534,33,65536,0,0,0,False,False
1684,2990,2484,3246,2740,33,65536,0,0,0,False,False
1685,3704,961,3960,1217,33,65536,0,0,0,False,False
1686,2839,1633,3095,1889,33,65536,0,0,0,False,False
1687,2212,954,2468,1210,33,65536,0,0,0,False,False
1688,2624,1675,2880,1931,33,65536,0,0,0,False,False
1689,2792,2254,3048,2510,33,65536,0,0,0,False,False
1690,2043,966,2299,1222,33,65536,0,0,0,False,False
1691,3777,1026,4033,1282,33,65536,0,0,0,False,False
1692,1824,1108,2080,1364,33,65536,0,0,0,False,False
1693,2252,1076,2508,1332,33,65536,0,0,0,False,False
1694,3386,1778,3642,2034,33,65536,0,0,0,False,False
1695,3332,1035,3588,1291,33,65536,0,0,0,False,False
1696,3858,845,4114,1101,33,65536,0,0,0,False,False
1697,2879,1820,3135,2076,33,65536,0,0,0,False,True
1698,2198,953,2454,1209,33,65536,0,0,0,False,False
1699,1256,1274,1512,1530,33,65536,0,0,0,False,False
1700,1164,1363,1420,1619,33,65536,0,0,0,False,False
1701,1189,1917,1445,2173,33,65536,0,0,0,False,False
1702,2750,1285,3006,1541,33,65536,0,0,0,False,False
1703,1358,1073,1614,1329,33,65536,0,0,0,False,False
1704,3068,1056,3324,1312,33,65536,0,0,0,False,False
1705,2355,1084,2611,1340,33,65536,0,0,0,False,False
1706,1633,978,1889,1234,33,65536,0,0,0,False,False
1707,1201,2335,1457,2591,33,65536,0,0,0,False,False
1708,1997,2492,2253,2748,33,65536,0,0,0,False,False
1709,1386,2191,1642,2447,33,65536,0,0,0,False,False
1710,3290,1682,3546,1938,73,65536,0,0,0,False,False
1711,2232,1800,2488,2056,73,65536,0,0,0,False,False
1712,3754,2111,4010,2367,73,65536,0,0,0,False,False
1713,1420,1332,1676,1588,73,65536,0,0,0,False,False
1714,1222,1342,1478,1598,73,65536,0,0,0,False,False
1715,3405,2010,3661,2266,73,65536,0,0,0,False,False
1716,3332,1516,3588,1772,73,65536,0,0,0,False,False
1717,2282,975,2538,1231,73,65536,0,0,0,False,False
1718,3058,1989,3314,2245,73,65536,0,0,0,False,False
1719,2944,1308,3200,1564,73,65536,0,0,0,False,False
1720,3874,1681,4130,1937,73,65536,0,0,0,False,False
1721,1433,1795,1689,2051,73,65536,0,0,0,False,False
1722,1374,1476,1630,1732,73,65536,0,0,0,False,False
1723,1812,1775,2068,2031,73,65536,0,0,0,False,False
1724,2517,1846,2773,2102,73,65536,0,0,0,False,False
1725,1565,1543,1821,1799,73,65536,0,0,0,False,False
1726,2757,1931,3013,2187,73,65536,0,0,0,False,False
1727,2786,1351,3042,1607,73,65536,0,0,0,False,False
1728,2126,1575,2382,1831,73,65536,0,0,0,False,False
1729,2981,1521,3237,1777,73,65536,0,0,0,False,False
1730,1839,1592,2095,1848,73,65536,0,0,0,False,False
1731,3375,2477,3631,2733,73,65536,0,0,0,False,False
1732,2789,1496,3045,1752,73,65536,0,0,0,False,False
1733,3754,2450,4010,2706,73,65536,0,0,0,False,False
1734,3732,2469,3988,2725,73,65536,0,0,0,False,False
1735,2875,1666,3131,1922,73,65536,0,0,0,False,False
1736,2702,2406,2958,2662,73,65536,0,0,0,False,False
1737,1956,2191,2212,2447,73,65536,0,0,0,False,False
1738,1266,1976,1522,2232,73,65536,0,0,0,False,False
1739,3002,845,3258,1101,73,65536,0,0,0,False,False
1740,2621,1998,2877,2254,74,65536,0,0,0,False,False
1741,3619,1897,3875,2153,74,65160,376,0,0,True,False
1742,3474,1618,3730,1874,74,65536,0,0,0,False,False
1743,2823,1545,3079,1801,74,65536,0,0,0,False,True
1744,3809,846,4065,1102,74,65536,0,0,0,False,False
1745,1564,2332,1820,2588,74,65536,0,0,0,False,False
1746,3600,1075,3856,1331,74,65536,0,0,0,False,False
1747,2090,2207,2346,2463,74,65536,0,0,0,False,False
1748,3254,2114,3510,2370,74,65536,0,0,0,False,False
1749,1149,1003,1405,1259,74,65536,0,0,0,False,False
1750,3952,2124,4208,2380,74,65536,0,0,0,False,False
1751,2052,2265,2308,2521,74,65536,0,0,0,False,False
1752,1522,2181,1778,2437,74,65536,0,0,0,False,False
1753,3793,1997,4049,2253,74,65536,0,0,0,False,False
1754,3196,1373,3452,1629,74,65536,0,0,0,False,False
1755,2395,1374,2651,1630,74,65536,0,0,0,False,False
1756,2719,1629,2975,1885,74,64332,1204,0,0,True,False
1757,2316,1723,2572,1979,74,63036,2500,0,0,True,False
1758,3991,1985,4247,2241,74,65536,0,0,0,False,False
1759,2601,972,2857,1228,74,65536,0,0,0,False,False
1760,1195,2393,1451,2649,74,65536,0,0,0,False,False
1761,2569,1222,2825,1478,74,65536,0,0,0,False,False
1762,2834,1850,3090,2106,74,62992,2544,0,0,True,False
1763,1779,2284,2035,2540,74,65536,0,0,0,False,False
1764,1452,1779,1708,2035,74,65536,0,0,0,False,False
1765,1972,2098,2228,2354,74,65536,0,0,0,False,False
1766,3231,2447,3487,2703,74,65536,0,0,0,False,False
1767,1835,1330,2091,1586,74,65536,0,0,0,False,False
1768,3223,858,3479,1114,74,65536,0,0,0,False,False
1769,2230,1984,2486,2240,74,65536,0,0,0,False,False
1770,1580,1410,1836,1666,81,65536,0,0,0,False,False
1771,2980,1180,3236,1436,81,65536,0,0,0,False,False
1772,1777,1975,2033,2231,81,65536,0,0,0,False,False
1773,1963,1666,2219,1922,81,65536,0,0,0,False,False
1774,2684,2464,2940,2720,81,65536,0,0,0,False,False
1775,2708,2066,2964,2322,81,65536,0,0,0,False,False
1776,3040,1920,3296,2176,81,65536,0,0,0,False,False
1777,3416,2080,3672,2336,81,65536,0,0,0,False,False
1778,1335,1244,1591,1500,81,65536,0,0,0,False,True
1779,1713,1101,1969,1357,81,65536,0,0,0,False,False
1780,2796,835,3052,1091,81,65536,0,0,0,False,False
1781,3002,1744,3258,2000,81,65536,0,0,0,False,False
1782,1212,2156,1468,2412,81,65536,0,0,0,False,False
1783,2601,2062,2857,2318,81,65536,0,0,0,False,False
1784,2756,1376,3012,1632,81,65536,0,0,0,False,False
1785,3188,968,3444,1224,81,65536,0,0,0,False,False
1786,2291,904,2547,1160,81,65536,0,0,0,False,False
1787,2894,2436,3150,2692,81,65536,0,0,0,False,False
1788,1506,1492,1762,1748,81,65536,0,0,0,False,False
1789,1472,2238,1728,2494,81,65536,0,0,0,False,False
1790,3186,2177,3442,2433,81,65536,0,0,0,False,False
1791,3610,1723,3866,1979,81,65536,0,0,0,False,False
1792,2276,1149,2532,1405,81,65536,0,0,0,False,True
1793,1402,1846,1658,2102,81,65536,0,0,0,False,False
1794,2073,1802,2329,2058,81,65536,0,0,0,False,False
1795,1295,1232,1551,1488,81,65536,0,0,0,False,False
1796,2536,2512,2792,2768,81,65536,0,0,0,False,False
1797,1563,1865,1819,2121,81,65536,0,0,0,False,False
1798,2952,1219,3208,1475,81,65536,0,0,0,False,False
1799,3244,2093,3500,2349,81,65536,0,0,0,False,False
1800,2821,1263,3077,1519,89,65536,0,0,0,False,False
1801,1961,1751,2217,2007,89,65536,0,0,0,False,False
1802,1656,2287,1912,2543,89,65536,0,0,0,False,False
1803,3259,2311,3515,2567,89,65536,0,0,0,False,False
1804,3716,1562,3972,1818,89,65536,0,0,0,False,False
1805,2229,1729,2485,1985,89,65536,0,0,0,False,False
1806,3974,1639,4230,1895,89,65536,0,0,0,False,False
1807,2419,1386,2675,1642,89,65536,0,0,0,False,False
1808,3472,2149,3728,2405,89,65536,0,0,0,False,False
1809,1172,2196,1428,2452,89,65536,0,0,0,False,False
1810,2004,1761,2260,2017,89,65536,0,0,0,False,False
1811,2306,1635,2562,1891,89,65536,0,0,0,False,False
1812,3530,2488,3786,2744,89,65536,0,0,0,False,False
1813,2049,1405,2305,1661,89,65536,0,0,0,False,False
1814,3878,2470,4134,2726,89,65536,0,0,0,False,False
1815,2695,1693,2951,1949,89,65536,0,0,0,False,False
1816,1230,1588,1486,1844,89,65536,0,0,0,False,False
1817,3959,2169,4215,2425,89,65536,0,0,0,False,False
1818,2851,2438,3107,2694,89,65536,0,0,0,False,False
1819,2377,2475,2633,2731,89,65536,0,0,0,False,False
1820,1484,1288,1740,1544,89,65536,0,0,0,False,False
1821,3166,1387,3422,1643,89,65536,0,0,0,False,False
1822,1544,2446,1800,2702,89,65536,0,0,0,False,False
1823,3175,1663,3431,1919,89,65536,0,0,0,False,False
1824,3126,1854,3382,2110,89,65536,0,0,0,False,False
1825,2166,1241,2422,1497,89,65536,0,0,0,False,False
1826,1530,1598,1786,1854,89,65536,0,0,0,False,False
1827,3847,2358,4103,2614,89,65536,0,0,0,False,False
1828,1585,866,1841,1122,89,65536,0,0,0,False,False
1829,1469,1624,1725,1880,89,65536,0,0,0,False,False
1830,2046,2434,2302,2690,96,65536,0,0,0,False,False
1831,1268,1623,1524,1879,96,65536,0,0,0,False,False
1832,2412,1690,2668,1946,96,65536,0,0,0,False,False
1833,2872,2195,3128,2451,96,65536,0,0,0,False,False
1834,2675,1020,2931,1276,96,65536,0,0,0,False,False
1835,3661,1292,3917,1548,96,65536,0,0,0,False,False
1836,3527,1525,3783,1781,96,65536,0,0,0,False,False
1837,1245,1985,1501,2241,96,65536,0,0,0,False,False
1838,1980,1274,2236,1530,96,65536,0,0,0,False,False
1839,1629,1952,1885,2208,96,65536,0,0,0,False,False
1840,1495,1539,1751,1795,96,65536,0,0,0,False,False
1841,1408,1623,1664,1879,96,65536,0,0,0,False,False
1842,2772,1048,3028,1304,96,65536,0,0,0,False,False
1843,2597,1956,2853,2212,96,65536,0,0,0,False,False
1844,3192,2121,3448,2377,96,65536,0,0,0,False,False
1845,3995,2016,4251,2272,96,65536,0,0,0,False,False
1846,2018,1153,2274,1409,96,65536,0,0,0,False,False
1847,1960,1449,2216,1705,96,65536,0,0,0,False,False
1848,1652,1612,1908,1868,96,65536,0,0,0,False,False
1849,3351,1989,3607,2245,96,65536,0,0,0,False,False
1850,3599,2218,3855,2474,96,65536,0,0,0,False,False
1851,3301,1021,3557,1277,96,65536,0,0,0,False,False
1852,3720,1989,3976,2245,96,65536,0,0,0,False,False
1853,1509,2304,1765,2560,96,65536,0,0,0,False,False
1854,3939,1760,4195,2016,96,65536,0,0,0,False,False
1855,3503,1549,3759,1805,96,65536,0,0,0,False,False
1856,3511,2217,3767,2473,96,65536,0,0,0,False,False
1857,3396,1233,3652,1489,96,65536,0,0,0,False,False
1858,1842,1613,2098,1869,96,65536,0,0,0,False,False
1859,2184,1216,2440,1472,96,65536,0,0,0,False,False
1860,1123,2271,1379,2527,99,65536,0,0,0,False,False
1861,3290,1322,3546,1578,99,65536,0,0,0,False,False
1862,1804,2336,2060,2592,99,65536,0,0,0,False,False
1863,3737,922,3993,1178,99,65536,0,0,0,False,False
1864,3210,1861,3466,2117,99,65536,0,0,0,False,False
1865,1355,1431,1611,1687,99,65536,0,0,0,False,False
1866,2000,1898,2256,2154,99,65536,0,0,0,False,False
1867,2926,2395,3182,2651,99,65536,0,0,0,False,False
1868,3808,2070,4064,2326,99,65536,0,0,0,False,False
1869,3454,2231,3710,2487,99,65536,0,0,0,False,False
1870,3256,2107,3512,2363,99,65536,0,0,0,False,False
1871,2777,2191,3033,2447,99,65536,0,0,0,False,False
1872,3949,2468,4205,2724,99,65536,0,0,0,False,False
1873,3482,1021,3738,1277,99,65536,0,0,0,False,False
1874,3017,2236,3273,2492,99,65536,0,0,0,False,False
1875,2225,1749,2481,2005,99,65536,0,0,0,False,False
1876,2965,2269,3221,2525,99,65536,0,0,0,False,False
1877,2977,965,3233,1221,99,65536,0,0,0,False,False
1878,2238,1808,2494,2064,99,65536,0,0,0,False,False
1879,3851,1040,4107,1296,99,65536,0,0,0,False,False
1880,3421,1082,3677,1338,99,65536,0,0,0,False,False
1881,3796,1009,4052,1265,99,65536,0,0,0,False,False
1882,3329,2069,3585,2325,99,65536,0,0,0,False,False
1883,3021,1609,3277,1865,99,65536,0,0,0,False,False
1884,3926,1358,4182,1614,99,65536,0,0,0,False,False
1885,3524,2517,3780,2773,99,65536,0,0,0,False,False
1886,1360,2099,1616,2355,99,65536,0,0,0,False,False
1887,2354,1838,2610,2094,99,65536,0,0,0,False,False
1888,2145,1341,2401,1597,99,65536,0,0,0,False,False
1889,2148,1220,2404,1476,99,65536,0,0,0,False,False
1890,3153,1218,3409,1474,100,65536,0,0,0,False,False
1891,1801,888,2057,1144,100,65536,0,0,0,False,False
1892,1911,1871,2167,2127,100,64052,1484,0,0,True,False
1893,3110,2092,3366,2348,100,65536,0,0,0,False,False
1894,3843,1736,4099,1992,100,65536,0,0,0,False,False
1895,3873,1657,4129,1913,100,65536,0,0,0,False,False
1896,3840,910,4096,1166,100,65536,0,0,0,False,False
1897,1849,1506,2105,1762,100,65536,0,0,0,False,False
1898,1312,2528,1568,2784,100,65536,0,0,0,False,False
1899,1614,2332,1870,2588,100,65536,0,0,0,False,False
1900,3686,1820,3942,2076,100,65536,0,0,0,False,False
1901,2865,2196,3121,2452,100,65536,0,0,0,False,False
1902,2904,1811,3160,2067,100,62164,3372,0,0,True,False
1903,1470,1191,1726,1447,100,65536,0,0,0,False,False
1904,2102,2058,2358,2314,100,64828,708,0,0,True,False
1905,3923,1536,4179,1792,100,65536,0,0,0,False,False
1906,1785,2033,2041,2289,100,61882,3654,0,0,True,False
1907,2650,1491,2906,1747,100,65536,0,0,0,False,False
1908,2434,2319,2690,2575,100,65536,0,0,0,False,False
1909,3988,1002,4244,1258,100,65536,0,0,0,False,False
1910,1238,2044,1494,2300,100,65536,0,0,0,False,False
1911,3181,1434,3437,1690,100,65536,0,0,0,False,False
1912,1580,1360,1836,1616,100,65536,0,0,0,False,False
1913,2332,2329,2588,2585,100,65536,0,0,0,False,False
1914,2076,2274,2332,2530,100,65536,0,0,0,False,False
1915,1171,1250,1427,1506,100,65536,0,0,0,False,False
1916,2452,1230,2708,1486,100,65536,0,0,0,False,False
1917,1862,2189,2118,2445,100,65536,0,0,0,False,False
1918,1980,1779,2236,2035,100,65536,0,0,0,False,False
1919,2741,1997,2997,2253,100,65536,0,0,0,False,True
1920,3408,1515,3664,1771,107,65536,0,0,0,False,False
1921,3948,2072,4204,2328,107,65536,0,0,0,False,False
1922,2588,2318,2844,2574,107,65536,0,0,0,False,False
1923,2348,2398,2604,2654,107,65536,0,0,0,False,False
1924,1774,1980,2030,2236,107,65536,0,0,0,False,False
1925,1476,1496,1732,1752,107,65536,0,0,0,False,False
1926,2975,2352,3231,2608,107,65536,0,0,0,False,False
1927,3343,1286,3599,1542,107,65536,0,0,0,False,False
1928,3763,1499,4019,1755,107,65536,0,0,0,False,False
1929,3300,1924,3556,2180,107,65536,0,0,0,False,False
1930,3021,2071,3277,2327,107,65536,0,0,0,False,False
1931,3626,1204,3882,1460,107,65536,0,0,0,False,False
1932,1524,1027,1780,1283,107,65536,0,0,0,False,False
1933,1477,1271,1733,1527,107,65536,0,0,0,False,False
1934,1920,1266,2176,1522,107,65536,0,0,0,False,False
1935,1582,1922,1838,2178,107,65536,0,0,0,False,False
1936,2279,943,2535,1199,107,65536,0,0,0,False,False
1937,1206,1317,1462,1573,107,65536,0,0,0,False,False
1938,3834,1413,4090,1669,107,65536,0,0,0,False,False
1939,3693,2161,3949,2417,107,65536,0,0,0,False,False
1940,3172,1123,3428,1379,107,65536,0,0,0,False,False
1941,2199,2511,2455,2767,107,65536,0,0,0,False,False
1942,2060,1592,2316,1848,107,65536,0,0,0,False,False
1943,1250,945,1506,1201,107,65536,0,0,0,False,False
1944,2691,1149,2947,1405,107,65536,0,0,0,False,False
1945,3921,1267,4177,1523,107,65536,0,0,0,False,False
1946,2579,1646,2835,1902,107,65536,0,0,0,False,False
1947,3806,1083,4062,1339,107,65536,0,0,0,False,False
1948,3926,920,4182,1176,107,65536,0,0,0,False,False
1949,1562,832,1818,1088,107,65536,0,0,0,False,False
1950,3176,2002,3432,2258,117,65536,0,0,0,False,False
1951,3392,1999,3648,2255,117,65536,0,0,0,False,False
1952,3296,2384,3552,2640,117,65536,0,0,0,False,False
1953,1812,1001,2068,1257,117,65536,0,0,0,False,False
1954,1932,2063,2188,2319,117,65536,0,0,0,False,False
1955,3825,1507,4081,1763,117,65536,0,0,0,False,False
1956,3417,2308,3673,2564,117,65536,0,0,0,False,False
1957,3297,2119,3553,2375,117,65536,0,0,0,False,False
1958,3629,1793,3885,2049,117,65536,0,0,0,False,False
1959,2079,2435,2335,2691,117,65536,0,0,0,False,False
1960,2659,1362,2915,1618,117,65536,0,0,0,False,False
1961,3209,2255,3465,2511,117,65536,0,0,0,False,False
1962,1312,1302,1568,1558,117,65536,0,0,0,False,False
1963,2785,1023,3041,1279,117,65536,0,0,0,False,False
1964,1186,2009,1442,2265,117,65536,0,0,0,False,False
1965,2776,1391,3032,1647,117,65536,0,0,0,False,False
1966,3877,1762,4133,2018,117,65536,0,0,0,False,False
1967,3079,1743,3335,1999,117,65536,0,0,0,False,False
1968,2366,917,2622,1173,117,65536,0,0,0,False,False
1969,3557,1548,3813,1804,117,65536,0,0,0,False,False
1970,2144,1180,2400,1436,117,65536,0,0,0,False,False
1971,2195,1934,2451,2190,117,65536,0,0,0,False,False
1972,3000,1389,3256,1645,117,65536,0,0,0,False,False
1973,1585,2368,1841,2624,117,65536,0,0,0,False,False
1974,1231,1887,1487,2143,117,65536,0,0,0,False,False
1975,2849,1147,3105,1403,117,65536,0,0,0,False,False
1976,2472,1398,2728,1654,117,65536,0,0,0,False,False
1977,1490,875,1746,1131,117,65536,0,0,0,False,False
1978,2813,1971,3069,2227,117,65536,0,0,0,False,False
1979,3465,1847,3721,2103,117,65536,0,0,0,False,False
1980,2919,1563,3175,1819,126,65536,0,0,0,False,False
1981,3713,2335,3969,2591,126,65536,0,0,0,False,False
1982,1688,2512,1944,2768,126,65536,0,0,0,False,False
1983,1267,2497,1523,2753,126,65536,0,0,0,False,False
1984,2657,2037,2913,2293,126,65536,0,0,0,False,False
1985,2523,1538,2779,1794,126,65536,0,0,0,False,False
1986,2015,1314,2271,1570,126,65536,0,0,0,False,False
1987,3599,1373,3855,1629,126,65536,0,0,0,False,False
1988,3619,1147,3875,1403,126,65536,0,0,0,False,False
1989,2139,862,2395,1118,126,65536,0,0,0,False,False
1990,1994,1953,2250,2209,126,65536,0,0,0,False,False
1991,2373,1734,2629,1990,126,65536,0,0,0,False,False
1992,3774,2448,4030,2704,126,65536,0,0,0,False,False
1993,2481,939,2737,1195,126,65536,0,0,0,False,False
1994,3331,1460,3587,1716,126,65536,0,0,0,False,False
1995,3987,1945,4243,2201,126,65536,0,0,0,False,False
1996,2839,2282,3095,2538,126,65536,0,0,0,False,False
1997,3148,2159,3404,2415,126,65536,0,0,0,False,False
1998,2801,2017,3057,2273,126,65536,0,0,0,False,False
1999,1458,1567,1714,1823,126,65536,0,0,0,False,False
2000,1248,1024,1504,1280,126,65536,0,0,0,False,False
2001,3562,2480,3818,2736,126,65536,0,0,0,False,False
2002,2486,980,2742,1236,126,65536,0,0,0,False,False
2003,1301,941,1557,1197,126,65536,0,0,0,False,False
2004,2255,2254,2511,2510,126,65536,0,0,0,False,False
2005,3409,1915,3665,2171,126,65536,0,0,0,False,False
2006,1584,1053,1840,1309,126,65536,0,0,0,False,False
2007,2645,1401,2901,1657,126,65536,0,0,0,False,False
2008,1319,1651,1575,1907,126,65536,0,0,0,False,False
2009,3553,2241,3809,2497,126,65536,0,0,0,False,False
2010,3067,1667,3323,1923,127,65536,0,0,0,False,False
2011,3112,1542,3368,1798,127,65536,0,0,0,False,False
2012,3814,2385,4070,2641,127,65536,0,0,0,False,False
2013,1931,1548,2187,1804,127,65536,0,0,0,False,False
2014,3187,1128,3443,1384,127,65536,0,0,0,False,False
2015,2993,2394,3249,2650,127,64588,948,0,0,True,False
2016,1862,2340,2118,2596,127,65536,0,0,0,False,False
2017,1236,846,1492,1102,127,65536,0,0,0,False,False
2018,1413,1488,1669,1744,127,65536,0,0,0,False,False
2019,3092,1740,3348,1996,127,65536,0,0,0,False,False
2020,2474,2069,2730,2325,127,65536,0,0,0,False,False
2021,3587,1996,3843,2252,127,65536,0,0,0,False,True
2022,2614,1212,2870,1468,127,65536,0,0,0,False,False
2023,2290,2171,2546,2427,127,65536,0,0,0,False,False
2024,2697,2086,2953,2342,127,65536,0,0,0,False,False
2025,1630,858,1886,1114,127,65536,0,0,0,False,False
2026,2252,1718,2508,1974,127,64216,1320,0,0,True,False
2027,1961,1995,2217,2251,127,65536,0,0,0,False,False
2028,2640,1437,2896,1693,127,65536,0,0,0,False,False
2029,3625,923,3881,1179,127,65536,0,0,0,False,False
2030,1653,1237,1909,1493,127,65536,0,0,0,False,False
2031,3687,1976,3943,2232,127,65536,0,0,0,False,False
2032,2585,1514,2841,1770,127,64390,1146,0,0,True,False
2033,2854,1907,3110,2163,127,65536,0,0,0,False,False
2034,2128,1002,2384,1258,127,65536,0,0,0,False,True
2035,2209,1908,2465,2164,127,65536,0,0,0,False,False
2036,2885,1045,3141,1301,127,65536,0,0,0,False,False
2037,2601,1698,2857,1954,127,64510,1026,0,0,True,False
2038,2589,1477,2845,1733,127,64421,1115,0,0,True,False
2039,3224,2093,3480,2349,127,65058,478,0,0,True,False
2040,1542,1962,1798,2218,164,65536,0,0,0,False,False
2041,3038,1377,3294,1633,164,65536,0,0,0,False,False
2042,3842,2316,4098,2572,164,65536,0,0,0,False,False
2043,3656,1285,3912,1541,164,65536,0,0,0,False,False
2044,2365,1279,2621,1535,164,65536,0,0,0,False,False
2045,1587,1039,1843,1295,164,65536,0,0,0,False,False
2046,2540,1909,2796,2165,164,65536,0,0,0,False,False
2047,3565,1665,3821,1921,164,65536,0,0,0,False,False
2048,3799,1524,4055,1780,164,65536,0,0,0,False,False
2049,2411,1375,2667,1631,164,65536,0,0,0,False,False
2050,2584,1376,2840,1632,164,65536,0,0,0,False,False
2051,2233,2428,2489,2684,164,65536,0,0,0,False,False
2052,1638,1766,1894,2022,164,65536,0,0,0,False,False
2053,1309,1177,1565,1433,164,65536,0,0,0,False,False
2054,3423,1479,3679,1735,164,65536,0,0,0,False,False
2055,2015,2473,2271,2729,164,65536,0,0,0,False,False
2056,1261,1101,1517,1357,164,65536,0,0,0,False,True
2057,2155,1810,2411,2066,164,65536,0,0,0,False,False
2058,2800,2148,3056,2404,164,65536,0,0,0,False,False
2059,2052,2222,2308,2478,164,65536,0,0,0,False,False
2060,3732,1736,3988,1992,164,65536,0,0,0,False,False
2061,2683,1000,2939,1256,164,65536,0,0,0,False,False
2062,3739,2050,3995,2306,164,65536,0,0,0,False,False
2063,3901,2054,4157,2310,164,65536,0,0,0,False,False
2064,2532,934,2788,1190,164,65536,0,0,0,False,False
2065,2118,1475,2374,1731,164,65536,0,0,0,False,False
2066,3014,2328,3270,2584,164,65536,0,0,0,False,False
2067,1484,1893,1740,2149,164,65536,0,0,0,False,False
2068,2554,1573,2810,1829,164,65536,0,0,0,False,False
2069,2323,2145,2579,2401,164,65536,0,0,0,False,True
2070,1184,1008,1440,1264,171,65536,0,0,0,False,False
2071,3192,2495,3448,2751,171,65536,0,0,0,False,False
2072,2673,2082,2929,2338,171,65536,0,0,0,False,False
2073,3444,1813,3700,2069,171,65536,0,0,0,False,False
2074,2850,1329,3106,1585,171,65536,0,0,0,False,False
2075,2425,1380,2681,1636,171,65536,0,0,0,False,False
2076,2829,1864,3085,2120,171,65536,0,0,0,False,False
2077,2589,2269,2845,2525,171,65536,0,0,0,False,False
2078,1189,1323,1445,1579,171,65536,0,0,0,False,False
2079,3730,898,3986,1154,171,65536,0,0,0,False,False
2080,3097,2374,3353,2630,171,65536,0,0,0,False,False
2081,3744,1832,4000,2088,171,65536,0,0,0,False,False
2082,3688,1941,3944,2197,171,65536,0,0,0,False,False
2083,3356,1558,3612,1814,171,65536,0,0,0,False,False
2084,2256,2329,2512,2585,171,65536,0,0,0,False,False
2085,1886,1635,2142,1891,171,65536,0,0,0,False,False
2086,2789,2043,3045,2299,171,65536,0,0,0,False,False
2087,2386,1296,2642,1552,171,65536,0,0,0,False,False
2088,3217,921,3473,1177,171,65536,0,0,0,False,False
2089,2321,1023,2577,1279,171,65536,0,0,0,False,False
2090,3006,841,3262,1097,171,65536,0,0,0,False,False
2091,3878,1689,4134,1945,171,65536,0,0,0,False,False
2092,3380,1308,3636,1564,171,65536,0,0,0,False,False
2093,3067,920,3323,1176,171,65536,0,0,0,False,False
2094,2166,870,2422,1126,171,65536,0,0,0,False,False
2095,2255,1465,2511,1721,171,65536,0,0,0,False,False
2096,2056,1614,2312,1870,171,65536,0,0,0,False,False
2097,1568,2438,1824,2694,171,65536,0,0,0,False,False
2098,1497,1783,1753,2039,171,65536,0,0,0,False,False
2099,3980,2435,4236,2691,171,65536,0,0,0,False,False
2100,1459,897,1715,1153,173,65536,0,0,0,False,False
2101,2952,2490,3208,2746,173,65536,0,0,0,False,False
2102,1719,2133,1975,2389,173,65536,0,0,0,False,False
2103,2276,1938,2532,2194,173,65536,0,0,0,False,True
2104,3397,2442,3653,2698,173,65536,0,0,0,False,False
2105,1338,1651,1594,1907,173,65536,0,0,0,False,False
2106,3986,1036,4242,1292,173,65536,0,0,0,False,False
2107,2523,2443,2779,2699,173,65536,0,0,0,False,False
2108,3228,1080,3484,1336,173,65536,0,0,0,False,False
2109,2478,1172,2734,1428,173,65536,0,0,0,False,False
2110,2927,2009,3183,2265,173,65536,0,0,0,False,False
2111,3125,1825,3381,2081,173,65536,0,0,0,False,False
2112,1886,1182,2142,1438,173,65536,0,0,0,False,False
2113,3157,1560,3413,1816,173,65536,0,0,0,False,False
2114,1450,1066,1706,1322,173,65536,0,0,0,False,True
2115,2940,1180,3196,1436,173,65536,0,0,0,False,False
2116,2715,2029,2971,2285,173,65536,0,0,0,False,False
2117,1622,1459,1878,1715,173,65536,0,0,0,False,False
2118,2373,1328,2629,1584,173,65536,0,0,0,False,False
2119,3941,986,4197,1242,173,65536,0,0,0,False,False
2120,2701,2190,2957,2446,173,65536,0,0,0,False,False
2121,2840,2428,3096,2684,173,65536,0,0,0,False,False
2122,3179,1648,3435,1904,173,65536,0,0,0,False,False
2123,3395,2474,3651,2730,173,65536,0,0,0,False,False
2124,3116,875,3372,1131,173,65536,0,0,0,False,False
2125,1649,1752,1905,2008,173,65536,0,0,0,False,False
2126,1989,2188,2245,2444,173,65536,0,0,0,False,True
2127,3155,2431,3411,2687,173,65536,0,0,0,False,False
2128,3096,1973,3352,2229,173,65536,0,0,0,False,False
2129,2820,2248,3076,2504,173,65536,0,0,0,False,False
2130,2146,1035,2402,1291,175,65536,0,0,0,False,False
2131,1722,1068,1978,1324,175,65536,0,0,0,False,False
2132,1856,1355,2112,1611,175,65536,0,0,0,False,False
2133,3471,1473,3727,1729,175,65536,0,0,0,False,False
2134,1228,1126,1484,1382,175,65536,0,0,0,False,False
2135,3706,1199,3962,1455,175,65536,0,0,0,False,False
2136,3340,1973,3596,2229,175,65536,0,0,0,False,False
2137,3677,1859,3933,2115,175,65536,0,0,0,False,False
2138,3202,2323,3458,2579,175,65536,0,0,0,False,False
2139,3107,1912,3363,2168,175,65536,0,0,0,False,False
2140,1575,1287,1831,1543,175,65536,0,0,0,False,False
2141,1136,851,1392,1107,175,65536,0,0,0,False,False
2142,1674,923,1930,1179,175,65536,0,0,0,False,False
2143,1482,2419,1738,2675,175,65536,0,0,0,False,False
2144,2131,1835,2387,2091,175,65536,0,0,0,False,False
2145,3529,1613,3785,1869,175,65536,0,0,0,False,False
2146,2061,1934,2317,2190,175,65536,0,0,0,False,False
2147,2864,2092,3120,2348,175,65536,0,0,0,False,False
2148,1812,887,2068,1143,175,65536,0,0,0,False,False
2149,2294,985,2550,1241,175,65536,0,0,0,False,False
2150,2804,2119,3060,2375,175,65536,0,0,0,False,False
2151,1589,1903,1845,2159,175,65536,0,0,0,False,False
2152,2733,1222,2989,1478,175,65536,0,0,0,False,False
2153,1754,2307,2010,2563,175,65536,0,0,0,False,False
2154,3313,892,3569,1148,175,65536,0,0,0,False,False
2155,3279,1186,3535,1442,175,65536,0,0,0,False,False
2156,3075,1052,3331,1308,175,65536,0,0,0,False,False
2157,2189,2398,2445,2654,175,65536,0,0,0,False,False
2158,3219,1459,3475,1715,175,65536,0,0,0,False,False
2159,2609,1938,2865,2194,175,65536,0,0,0,False,False
2160,1483,1202,1739,1458,184,65536,0,0,0,False,False
2161,3972,2462,4228,2718,184,65536,0,0,0,False,False
2162,2078,1905,2334,2161,184,65536,0,0,0,False,False
2163,2797,1023,3053,1279,184,65536,0,0,0,False,False
2164,1543,1927,1799,2183,184,65536,0,0,0,False,False
2165,2147,1547,2403,1803,184,65536,0,0,0,False,True
2166,2532,1428,2788,1684,184,65536,0,0,0,False,True
2167,3963,1557,4219,1813,184,65536,0,0,0,False,False
2168,2284,1558,2540,1814,184,65536,0,0,0,False,False
2169,1320,1234,1576,1490,184,65536,0,0,0,False,False
2170,2797,2210,3053,2466,184,65536,0,0,0,False,False
2171,3464,1706,3720,1962,184,65536,0,0,0,False,False
2172,3499,2046,3755,2302,184,65536,0,0,0,False,False
2173,2214,1223,2470,1479,184,65536,0,0,0,False,False
2174,3843,1684,4099,1940,184,65536,0,0,0,False,False
2175,2967,1546,3223,1802,184,65536,0,0,0,False,False
2176,3241,2098,3497,2354,184,65536,0,0,0,False,False
2177,1342,2264,1598,2520,184,65536,0,0,0,False,False
2178,1962,1510,2218,1766,184,65536,0,0,0,False,False
2179,3751,2516,4007,2772,184,65536,0,0,0,False,False
2180,1686,1909,1942,2165,184,65536,0,0,0,False,False
2181,2028,1165,2284,1421,184,65536,0,0,0,False,False
2182,2711,2291,2967,2547,184,65536,0,0,0,False,False
2183,3433,2242,3689,2498,184,65536,0,0,0,False,False
2184,1426,2486,1682,2742,184,65536,0,0,0,False,False
2185,3190,1565,3446,1821,184,65536,0,0,0,False,False
2186,1934,1788,2190,2044,184,65536,0,0,0,False,False
2187,2331,899,2587,1155,184,65536,0,0,0,False,False
2188,2723,1689,2979,1945,184,65536,0,0,0,False,False
2189,1947,1739,2203,1995,184,65536,0,0,0,False,False
2190,2067,974,2323,1230,187,65536,0,0,0,False,False
2191,2858,2271,3114,2527,187,65536,0,0,0,False,False
2192,1369,1094,1625,1350,187,65536,0,0,0,False,False
2193,2782,1571,3038,1827,187,65536,0,0,0,False,False
2194,1588,1813,1844,2069,187,65536,0,0,0,False,True
2195,2645,887,2901,1143,187,65536,0,0,0,False,False
2196,2680,1091,2936,1347,187,65536,0,0,0,False,False
2197,2539,1357,2795,1613,187,65536,0,0,0,False,False
2198,2887,2341,3143,2597,187,65536,0,0,0,False,False
2199,3368,1414,3624,1670,187,65536,0,0,0,False,False
2200,1337,1499,1593,1755,187,65536,0,0,0,False,False
2201,3475,2310,3731,2566,187,65536,0,0,0,False,False
2202,2617,2169,2873,2425,187,65536,0,0,0,False,False
2203,2909,842,3165,1098,187,65536,0,0,0,False,False
2204,1237,1037,1493,1293,187,65536,0,0,0,False,False
2205,3197,1553,3453,1809,187,65536,0,0,0,False,False
2206,1489,1245,1745,1501,187,65536,0,0,0,False,False
2207,1720,1647,1976,1903,187,65536,0,0,0,False,False
2208,3082,1729,3338,1985,187,65536,0,0,0,False,False
2209,1298,1960,1554,2216,187,65536,0,0,0,False,False
2210,2759,870,3015,1126,187,65536,0,0,0,False,False
2211,2108,1747,2364,2003,187,65536,0,0,0,False,False
2212,1192,1187,1448,1443,187,65536,0,0,0,False,False
2213,3074,1305,3330,1561,187,65536,0,0,0,False,False
2214,3323,1928,3579,2184,187,65536,0,0,0,False,False
2215,2066,2457,2322,2713,187,65536,0,0,0,False,True
2216,1980,1915,2236,2171,187,65536,0,0,0,False,False
2217,1822,2449,2078,2705,187,65536,0,0,0,False,False
2218,1761,1020,2017,1276,187,65536,0,0,0,False,False
2219,2733,1682,2989,1938,187,65536,0,0,0,False,False
2220,3808,1273,4064,1529,195,65536,0,0,0,False,False
2221,1420,2388,1676,2644,195,65536,0,0,0,False,False
2222,1669,903,1925,1159,195,65536,0,0,0,False,False
2223,1184,2353,1440,2609,195,65536,0,0,0,False,False
2224,3551,1491,3807,1747,195,65536,0,0,0,False,False
2225,3752,2229,4008,2485,195,65536,0,0,0,False,False
2226,2098,1844,2354,2100,195,65536,0,0,0,False,False
2227,3797,1331,4053,1587,195,65536,0,0,0,False,False
2228,2857,1958,3113,2214,195,65536,0,0,0,False,False
2229,1849,2180,2105,2436,195,65536,0,0,0,False,False
2230,2904,1024,3160,1280,195,65536,0,0,0,False,False
2231,3643,2099,3899,2355,195,65536,0,0,0,False,False
2232,1918,2166,2174,2422,195,65536,0,0,0,False,False
2233,3257,1207,3513,1463,195,65536,0,0,0,False,False
2234,3847,1935,4103,2191,195,65536,0,0,0,False,False
2235,2200,1787,2456,2043,195,65536,0,0,0,False,False
2236,2821,1120,3077,1376,195,65536,0,0,0,False,False
2237,2097,2233,2353,2489,195,65536,0,0,0,False,False
2238,2716,2392,2972,2648,195,65536,0,0,0,False,False
2239,1312,1587,1568,1843,195,65536,0,0,0,False,False
2240,3315,1203,3571,1459,195,65536,0,0,0,False,False
2241,1839,2474,2095,2730,195,65536,0,0,0,False,False
2242,2046,1251,2302,1507,195,65536,0,0,0,False,False
2243,3222,928,3478,1184,195,65536,0,0,0,False,False
2244,2589,1046,2845,1302,195,65536,0,0,0,False,False
2245,1482,1330,1738,1586,195,65536,0,0,0,False,False
2246,1671,2220,1927,2476,195,65536,0,0,0,False,False
2247,3319,1521,3575,1777,195,65536,0,0,0,False,False
2248,2708,1946,2964,2202,195,65536,0,0,0,False,False
2249,2155,1881,2411,2137,195,65536,0,0,0,False,False
2250,3684,1155,3940,1411,196,65536,0,0,0,False,False
2251,2649,1911,2905,2167,196,65536,0,0,0,False,False
2252,2103,1727,2359,1983,196,65536,0,0,0,False,False
2253,3631,2354,3887,2610,196,65536,0,0,0,False,False
2254,2236,1025,2492,1281,196,63672,1864,0,0,True,False
2255,2434,2184,2690,2440,196,65536,0,0,0,False,False
2256,2500,1998,2756,2254,196,65536,0,0,0,False,False
2257,2026,1649,2282,1905,196,65536,0,0,0,False,False
2258,2985,1487,3241,1743,196,65536,0,0,0,False,False
2259,3154,1773,3410,2029,196,65536,0,0,0,False,False
2260,1592,1199,1848,1455,196,65536,0,0,0,False,False
2261,1963,2350,2219,2606,196,65536,0,0,0,False,False
2262,1350,2365,1606,2621,196,65536,0,0,0,False,False
2263,1854,1415,2110,1671,196,60314,5222,0,0,True,False
2264,3029,1125,3285,1381,196,65536,0,0,0,False,False
2265,1871,1686,2127,1942,196,65536,0,0,0,False,False
2266,3656,2159,3912,2415,196,65536,0,0,0,False,False
2267,1999,1027,2255,1283,196,65536,0,0,0,False,False
2268,1567,1891,1823,2147,196,65066,470,0,0,True,False
2269,2942,1584,3198,1840,196,65536,0,0,0,False,False
2270,3879,2037,4135,2293,196,65536,0,0,0,False,False
2271,3097,886,3353,1142,196,65536,0,0,0,False,False
2272,3065,1811,3321,2067,196,65536,0,0,0,False,False
2273,2429,2238,2685,2494,196,65536,0,0,0,False,False
2274,3005,1834,3261,2090,196,65536,0,0,0,False,False
2275,3931,1471,4187,1727,196,65536,0,0,0,False,False
2276,2593,913,2849,1169,196,65536,0,0,0,False,False
2277,3450,1520,3706,1776,196,65536,0,0,0,False,False
2278,2164,1125,2420,1381,196,62072,3464,0,0,True,False
2279,1333,2437,1589,2693,196,65536,0,0,0,False,False
2280,2282,863,2538,1119,198,65536,0,0,0,False,False
2281,2529,1735,2785,1991,198,65536,0,0,0,False,False
2282,2290,1993,2546,2249,198,65536,0,0,0,False,False
2283,1629,1869,1885,2125,198,65536,0,0,0,False,False
2284,3448,1117,3704,1373,198,65536,0,0,0,False,False
2285,1913,2313,2169,2569,198,65536,0,0,0,False,False
2286,3580,2421,3836,2677,198,65536,0,0,0,False,False
2287,2726,1988,2982,2244,198,65536,0,0,0,False,False
2288,3422,1078,3678,1334,198,65536,0,0,0,False,False
2289,2491,2023,2747,2279,198,65536,0,0,0,False,False
2290,1328,2490,1584,2746,198,65536,0,0,0,False,False
2291,2488,903,2744,1159,198,65536,0,0,0,False,False
2292,3795,960,4051,1216,198,65536,0,0,0,False,False
2293,3533,1954,3789,2210,198,65536,0,0,0,False,False
2294,1646,1750,1902,2006,198,65536,0,0,0,False,False
2295,2873,1830,3129,2086,198,65536,0,0,0,False,False
2296,1871,1585,2127,1841,198,65536,0,0,0,False,False
2297,2263,1885,2519,2141,198,65536,0,0,0,False,False
2298,1731,2112,1987,2368,198,65536,0,0,0,False,False
2299,2240,936,2496,1192,198,65536,0,0,0,False,False
2300,3632,1604,3888,1860,198,65536,0,0,0,False,False
2301,3642,2160,3898,2416,198,65536,0,0,0,False,False
2302,3877,2249,4133,2505,198,65536,0,0,0,False,False
2303,3753,2333,4009,2589,198,65536,0,0,0,False,False
2304,2660,1601,2916,1857,198,65536,0,0,0,False,False
2305,3510,1774,3766,2030,198,65536,0,0,0,False,True
2306,1542,1024,1798,1280,198,65536,0,0,0,False,False
2307,3693,2195,3949,2451,198,65536,0,0,0,False,False
2308,2832,1655,3088,1911,198,65536,0,0,0,False,False
2309,2637,1069,2893,1325,198,65536,0,0,0,False,False
2310,2273,1553,2529,1809,199,62496,3040,0,0,True,False
2311,1470,1651,1726,1907,199,63240,2296,0,0,True,False
2312,1830,1974,2086,2230,199,65536,0,0,0,False,False
2313,2239,1417,2495,1673,199,60622,4914,0,0,True,False
2314,3228,1458,3484,1714,199,65536,0,0,0,False,False
2315,3432,1729,3688,1985,199,65536,0,0,0,False,False
2316,3757,2208,4013,2464,199,65536,0,0,0,False,False
2317,3376,1434,3632,1690,199,65536,0,0,0,False,False
2318,3462,2026,3718,2282,199,65536,0,0,0,False,False
2319,2795,1480,3051,1736,199,65536,0,0,0,False,False
2320,3261,1472,3517,1728,199,65536,0,0,0,False,False
2321,2944,930,3200,1186,199,65536,0,0,0,False,False
2322,2128,1781,2384,2037,199,65536,0,0,0,False,False
2323,2026,921,2282,1177,199,65536,0,0,0,False,False
2324,2619,1319,2875,1575,199,60676,4860,0,0,True,False
2325,3680,2282,3936,2538,199,65536,0,0,0,False,False
2326,1554,1814,1810,2070,199,60808,4728,0,0,True,False
2327,1839,864,2095,1120,199,65536,0,0,0,False,False
2328,2458,2447,2714,2703,199,65536,0,0,0,False,False
2329,3609,2523,3865,2779,199,65536,0,0,0,False,False
2330,3258,983,3514,1239,199,65536,0,0,0,False,False
2331,1707,2031,1963,2287,199,65536,0,0,0,False,False
2332,1718,1180,1974,1436,199,65536,0,0,0,False,False
2333,2031,1158,2287,1414,199,65536,0,0,0,False,False
2334,2962,1900,3218,2156,199,65536,0,0,0,False,False
2335,3528,1203,3784,1459,199,65536,0,0,0,False,False
2336,2771,876,3027,1132,199,65536,0,0,0,False,False
2337,1761,2256,2017,2512,199,65536,0,0,0,False,False
2338,1943,1932,2199,2188,199,65536,0,0,0,False,False
2339,1690,1341,1946,1597,199,65536,0,0,0,False,False
2340,3806,2453,4062,2709,236,65536,0,0,0,False,False
2341,1441,1478,1697,1734,236,65328,0,208,0,False,True
2342,2523,1202,2779,1458,236,61244,0,4292,0,False,True
2343,2389,1434,2645,1690,236,65536,0,0,0,False,False
2344,3682,1831,3938,2087,236,65536,0,0,0,False,False
2345,3797,1567,4053,1823,236,65536,0,0,0,False,False
2346,3892,2248,4148,2504,236,65536,0,0,0,False,False
2347,2196,2234,2452,2490,236,63512,0,2024,0,False,True
2348,2034,2443,2290,2699,236,65536,0,0,0,False,False
2349,1879,2506,2135,2762,236,65536,0,0,0,False,False
2350,1297,2481,1553,2737,236,65536,0,0,0,False,False
2351,2288,2260,2544,2516,236,63452,0,2084,0,False,True
2352,2957,2387,3213,2643,236,65536,0,0,0,False,False
2353,3997,1032,4253,1288,236,65536,0,0,0,False,False
2354,2815,2144,3071,2400,236,65536,0,0,0,False,False
2355,2235,1663,2491,1919,236,65536,0,0,0,False,False
2356,3155,1822,3411,2078,236,64316,0,1220,0,False,True
2357,3683,2256,3939,2512,236,65536,0,0,0,False,False
2358,2408,1485,2664,1741,236,65536,0,0,0,False,True
2359,2893,2189,3149,2445,236,65536,0,0,0,False,False
2360,1885,2057,2141,2313,236,61120,0,4416,0,False,True
2361,1203,1943,1459,2199,236,62032,0,3504,0,False,True
2362,3181,2170,3437,2426,236,64314,0,1222,0,False,True
2363,3954,1445,4210,1701,236,65536,0,0,0,False,False
2364,2534,1739,2790,1995,236,65536,0,0,0,False,False
2365,2539,1430,2795,1686,236,63044,0,2492,0,False,True
2366,2907,2157,3163,2413,236,65536,0,0,0,False,False
2367,3032,1987,3288,2243,236,63482,0,2054,0,False,True
2368,1231,985,1487,1241,236,65536,0,0,0,False,False
2369,1862,1342,2118,1598,236,65536,0,0,0,False,False
2370,2227,2481,2483,2737,237,65536,0,0,0,False,False
2371,2339,2373,2595,2629,237,65536,0,0,0,False,False
2372,2754,1930,3010,2186,237,65536,0,0,0,False,False
2373,2069,1545,2325,1801,237,60616,4920,0,0,True,False
2374,1893,1400,2149,1656,237,64830,706,0,0,True,False
2375,3656,1367,3912,1623,237,65536,0,0,0,False,False
2376,3903,1202,4159,1458,237,65536,0,0,0,False,False
2377,3709,2145,3965,2401,237,65536,0,0,0,False,False
2378,2451,1779,2707,2035,237,65536,0,0,0,False,False
2379,3329,1876,3585,2132,237,65536,0,0,0,False,False
2380,2972,2046,3228,2302,237,65536,0,0,0,False,False
2381,2291,1231,2547,1487,237,64350,1186,0,0,True,False
2382,2969,1651,3225,1907,237,65536,0,0,0,False,False
2383,2282,1313,2538,1569,237,61006,4530,0,0,True,False
2384,1605,987,1861,1243,237,65536,0,0,0,False,False
2385,2334,1160,2590,1416,237,65536,0,0,0,False,False
2386,3698,1326,3954,1582,237,65536,0,0,0,False,False
2387,1291,1745,1547,2001,237,62290,3246,0,0,True,False
2388,3675,1100,3931,1356,237,65536,0,0,0,False,False
2389,1810,2028,2066,2284,237,65536,0,0,0,False,False
2390,2112,1059,2368,1315,237,65536,0,0,0,False,False
2391,2709,1834,2965,2090,237,65536,0,0,0,False,False
2392,3737,1568,3993,1824,237,65536,0,0,0,False,False
2393,3279,2316,3535,2572,237,65536,0,0,0,False,False
2394,1666,2446,1922,2702,237,65536,0,0,0,False,False
2395,2731,1591,2987,1847,237,65536,0,0,0,False,False
2396,1787,1454,2043,1710,237,64602,934,0,0,True,False
2397,3227,1952,3483,2208,237,65536,0,0,0,False,False
2398,3207,2089,3463,2345,237,65536,0,0,0,False,False
2399,2295,1464,2551,1720,237,60988,4548,0,0,True,False
2400,1352,1684,1608,1940,239,65536,0,0,0,False,False
2401,1149,902,1405,1158,239,65536,0,0,0,False,False
2402,2363,1038,2619,1294,239,65536,0,0,0,False,False
2403,1597,1518,1853,1774,239,65536,0,0,0,False,False
2404,3023,1803,3279,2059,239,65536,0,0,0,False,False
2405,3114,1973,3370,2229,239,65536,0,0,0,False,False
2406,1891,1342,2147,1598,239,65536,0,0,0,False,False
2407,1441,2520,1697,2776,239,65536,0,0,0,False,False
2408,2435,2052,2691,2308,239,65536,0,0,0,False,False
2409,3100,1212,3356,1468,239,65536,0,0,0,False,False
2410,2696,1638,2952,1894,239,65536,0,0,0,False,False
2411,1160,1048,1416,1304,239,65536,0,0,0,False,False
2412,2093,2430,2349,2686,239,65536,0,0,0,False,False
2413,1636,1435,1892,1691,239,65536,0,0,0,False,False
2414,2090,2312,2346,2568,239,65536,0,0,0,False,False
2415,3205,1781,3461,2037,239,65536,0,0,0,False,False
2416,2867,1445,3123,1701,239,65536,0,0,0,False,False
2417,2058,2389,2314,2645,239,65536,0,0,0,False,False
2418,2524,2309,2780,2565,239,65536,0,0,0,False,False
2419,1137,1212,1393,1468,239,65536,0,0,0,False,False
2420,2316,1348,2572,1604,239,65536,0,0,0,False,False
2421,1376,1038,1632,1294,239,65536,0,0,0,False,False
2422,2038,1278,2294,1534,239,65536,0,0,0,False,False
2423,3815,2280,4071,2536,239,65536,0,0,0,False,False
2424,2217,1675,2473,1931,239,65536,0,0,0,False,False
2425,1931,2438,2187,2694,239,65536,0,0,0,False,False
2426,2685,2027,2941,2283,239,65536,0,0,0,False,False
2427,3775,1831,4031,2087,239,65536,0,0,0,False,False
2428,2950,1527,3206,1783,239,65536,0,0,0,False,False
2429,3178,1903,3434,2159,239,65536,0,0,0,False,False
2430,2703,2292,2959,2548,241,65536,0,0,0,False,False
2431,2104,2527,2360,2783,241,65536,0,0,0,False,False
2432,3224,1609,3480,1865,241,65536,0,0,0,False,False
2433,1291,1497,1547,1753,241,65536,0,0,0,False,False
2434,2484,1822,2740,2078,241,65536,0,0,0,False,False
2435,2042,2192,2298,2448,241,65536,0,0,0,False,False
2436,3885,2000,4141,2256,241,65536,0,0,0,False,False
2437,3996,2219,4252,2475,241,65536,0,0,0,False,False
2438,1268,1826,1524,2082,241,65536,0,0,0,False,False
2439,3321,2345,3577,2601,241,65536,0,0,0,False,False
2440,3283,2463,3539,2719,241,65536,0,0,0,False,False
2441,3452,2084,3708,2340,241,65536,0,0,0,False,False
2442,1344,1375,1600,1631,241,65536,0,0,0,False,False
2443,2659,2076,2915,2332,241,65536,0,0,0,False,False
2444,1841,2141,2097,2397,241,65536,0,0,0,False,False
2445,2321,850,2577,1106,241,65536,0,0,0,False,False
2446,2608,2396,2864,2652,241,65536,0,0,0,False,False
2447,2868,1436,3124,1692,241,65536,0,0,0,False,False
2448,1257,1668,1513,1924,241,65536,0,0,0,False,False
2449,1273,1986,1529,2242,241,65536,0,0,0,False,False
2450,2620,1214,2876,1470,241,65536,0,0,0,False,False
2451,3621,1275,3877,1531,241,65536,0,0,0,False,True
2452,2721,1675,2977,1931,241,65536,0,0,0,False,False
2453,2441,1774,2697,2030,241,65536,0,0,0,False,False
2454,2469,1119,2725,1375,241,65536,0,0,0,False,False
2455,1744,1132,2000,1388,241,65536,0,0,0,False,False
2456,3126,1268,3382,1524,241,65536,0,0,0,False,False
2457,3661,1541,3917,1797,241,65536,0,0,0,False,False
2458,3374,1960,3630,2216,241,65536,0,0,0,False,False
2459,1970,2310,2226,2566,241,65536,0,0,0,False,False
2460,2031,1984,2287,2240,243,65536,0,0,0,False,False
2461,1202,2515,1458,2771,243,65536,0,0,0,False,False
2462,3204,1643,3460,1899,243,65536,0,0,0,False,False
2463,2165,868,2421,1124,243,65536,0,0,0,False,False
2464,1886,2323,2142,2579,243,65536,0,0,0,False,False
2465,3564,1661,3820,1917,243,65536,0,0,0,False,False
2466,2302,1717,2558,1973,243,65536,0,0,0,False,True
2467,1667,2130,1923,2386,243,65536,0,0,0,False,False
2468,2603,2084,2859,2340,243,65536,0,0,0,False,False
2469,2790,1895,3046,2151,243,65536,0,0,0,False,False
2470,2532,2484,2788,2740,243,65536,0,0,0,False,False
2471,3687,1778,3943,2034,243,65536,0,0,0,False,False
2472,2897,2377,3153,2633,243,65536,0,0,0,False,False
2473,1542,2249,1798,2505,243,65536,0,0,0,False,False
2474,2861,2381,3117,2637,243,65536,0,0,0,False,False
2475,3819,1031,4075,1287,243,65536,0,0,0,False,False
2476,2350,1887,2606,2143,243,65536,0,0,0,False,False
2477,3373,1272,3629,1528,243,65536,0,0,0,False,False
2478,3954,2432,4210,2688,243,65536,0,0,0,False,False
2479,3519,2039,3775,2295,243,65536,0,0,0,False,False
2480,3683,1659,3939,1915,243,65536,0,0,0,False,False
2481,3283,1157,3539,1413,243,65536,0,0,0,False,False
2482,3423,923,3679,1179,243,65536,0,0,0,False,False
2483,3334,2502,3590,2758,243,65536,0,0,0,False,False
2484,1793,2029,2049,2285,243,65536,0,0,0,False,False
2485,2151,2198,2407,2454,243,65536,0,0,0,False,False
2486,3709,1318,3965,1574,243,65536,0,0,0,False,False
2487,2581,1837,2837,2093,243,65536,0,0,0,False,False
2488,2083,2438,2339,2694,243,65536,0,0,0,False,False
2489,3218,2155,3474,2411,243,65536,0,0,0,False,False
2490,2774,2461,3030,2717,247,65536,0,0,0,False,False
2491,1512,1489,1768,1745,247,65536,0,0,0,False,False
2492,2503,1426,2759,1682,247,65536,0,0,0,False,False
2493,2343,1808,2599,2064,247,65536,0,0,0,False,False
2494,2767,847,3023,1103,247,65536,0,0,0,False,False
2495,1288,1071,1544,1327,247,65536,0,0,0,False,False
2496,1584,2227,1840,2483,247,65536,0,0,0,False,False
2497,3893,2416,4149,2672,247,65536,0,0,0,False,False
2498,1743,1331,1999,1587,247,65536,0,0,0,False,False
2499,2058,1577,2314,1833,247,65536,0,0,0,False,False
2500,2582,1176,2838,1432,247,65536,0,0,0,False,True
2501,2297,1597,2553,1853,247,65536,0,0,0,False,False
2502,3151,1942,3407,2198,247,65536,0,0,0,False,False
2503,3777,2428,4033,2684,247,65536,0,0,0,False,False
2504,3771,2470,4027,2726,247,65536,0,0,0,False,False
2505,1915,2107,2171,2363,247,65536,0,0,0,False,False
2506,1698,1666,1954,1922,247,65536,0,0,0,False,False
2507,3607,2449,3863,2705,247,65536,0,0,0,False,False
2508,1427,1285,1683,1541,247,65536,0,0,0,False,False
2509,1248,1134,1504,1390,247,65536,0,0,0,False,False
2510,3174,2343,3430,2599,247,65536,0,0,0,False,False
2511,3716,1460,3972,1716,247,65536,0,0,0,False,False
2512,3669,2267,3925,2523,247,65536,0,0,0,False,False
2513,2106,1443,2362,1699,247,65536,0,0,0,False,False
2514,3423,1491,3679,1747,247,65536,0,0,0,False,False
2515,2080,1013,2336,1269,247,65536,0,0,0,False,False
2516,3708,1186,3964,1442,247,65536,0,0,0,False,False
2517,3217,1993,3473,2249,247,65536,0,0,0,False,False
2518,2079,2468,2335,2724,247,65536,0,0,0,False,False
2519,3547,2518,3803,2774,247,65536,0,0,0,False,False
2520,2126,1808,2382,2064,260,65536,0,0,0,False,False
2521,3556,1026,3812,1282,260,65536,0,0,0,False,False
2522,2057,1966,2313,2222,260,65536,0,0,0,False,False
2523,2841,2167,3097,2423,260,65536,0,0,0,False,False
2524,3643,1851,3899,2107,260,65536,0,0,0,False,False
2525,3495,2247,3751,2503,260,65536,0,0,0,False,False
2526,1217,1309,1473,1565,260,65536,0,0,0,False,False
2527,2960,1311,3216,1567,260,65536,0,0,0,False,False
2528,1654,1070,1910,1326,260,65536,0,0,0,False,True
2529,2937,896,3193,1152,260,65536,0,0,0,False,False
2530,1526,1454,1782,1710,260,65536,0,0,0,False,False
2531,3362,1449,3618,1705,260,65536,0,0,0,False,False
2532,1231,2094,1487,2350,260,65536,0,0,0,False,False
2533,3500,2073,3756,2329,260,65536,0,0,0,False,False
2534,2060,1353,2316,1609,260,65536,0,0,0,False,False
2535,3147,1509,3403,1765,260,65536,0,0,0,False,False
2536,3349,1400,3605,1656,260,65536,0,0,0,False,False
2537,3069,1365,3325,1621,260,65536,0,0,0,False,False
2538,2872,837,3128,1093,260,65536,0,0,0,False,False
2539,2308,1737,2564,1993,260,65536,0,0,0,False,False
2540,3559,2055,3815,2311,260,65536,0,0,0,False,False
2541,1627,1043,1883,1299,260,65536,0,0,0,False,False
2542,3244,937,3500,1193,260,65536,0,0,0,False,False
2543,2475,1975,2731,2231,260,65536,0,0,0,False,False
2544,1724,1186,1980,1442,260,65536,0,0,0,False,False
2545,3304,1453,3560,1709,260,65536,0,0,0,False,False
2546,1902,1646,2158,1902,260,65536,0,0,0,False,False
2547,2283,2436,2539,2692,260,65536,0,0,0,False,False
2548,1143,1136,1399,1392,260,65536,0,0,0,False,False
2549,1628,1860,1884,2116,260,65536,0,0,0,False,False
2550,3609,999,3865,1255,261,65536,0,0,0,False,False
2551,2851,858,3107,1114,261,65536,0,0,0,False,False
2552,1680,1602,1936,1858,261,65536,0,0,0,False,False
2553,3428,2272,3684,2528,261,65536,0,0,0,False,False
2554,1330,859,1586,1115,261,65536,0,0,0,False,False
2555,2498,1895,2754,2151,261,65536,0,0,0,False,False
2556,3041,1469,3297,1725,261,63294,0,2242,0,False,True
2557,3984,1499,4240,1755,261,65536,0,0,0,False,False
2558,2246,1470,2502,1726,261,59452,2900,3184,0,True,False
2559,1758,1500,2014,1756,261,65536,0,0,0,False,False
2560,3959,1599,4215,1855,261,65536,0,0,0,False,False
2561,2384,1237,2640,1493,261,62502,0,3034,0,False,True
2562,1330,2332,1586,2588,261,65536,0,0,0,False,False
2563,3629,981,3885,1237,261,65536,0,0,0,False,False
2564,2508,2229,2764,2485,261,65536,0,0,0,False,False
2565,1683,1888,1939,2144,261,65536,0,0,0,False,False
2566,1365,2448,1621,2704,261,65536,0,0,0,False,False
2567,3271,1838,3527,2094,261,65536,0,0,0,False,False
2568,2836,2096,3092,2352,261,65536,0,0,0,False,False
2569,3550,2483,3806,2739,261,65536,0,0,0,False,False
2570,3975,2041,4231,2297,261,65536,0,0,0,False,False
2571,1691,1068,1947,1324,261,65536,0,0,0,False,False
2572,1586,1728,1842,1984,261,65536,0,0,0,False,False
2573,1527,1322,1783,1578,261,65536,0,0,0,False,False
2574,1756,2496,2012,2752,261,65536,0,0,0,False,False
2575,2737,1558,2993,1814,261,62722,0,2814,0,False,True
2576,2261,2314,2517,2570,261,65536,0,0,0,False,False
2577,3337,1989,3593,2245,261,65536,0,0,0,False,False
2578,2199,1551,2455,1807,261,61159,906,3471,0,True,False
2579,2982,2052,3238,2308,261,65536,0,0,0,False,False
2580,2673,1681,2929,1937,263,65536,0,0,0,False,False
2581,2954,2134,3210,2390,263,65536,0,0,0,False,False
2582,2252,1648,2508,1904,263,65536,0,0,0,False,False
2583,2386,2025,2642,2281,263,65536,0,0,0,False,False
2584,3680,2181,3936,2437,263,65536,0,0,0,False,False
2585,3352,2254,3608,2510,263,65536,0,0,0,False,False
2586,2023,2391,2279,2647,263,65536,0,0,0,False,False
2587,3306,2237,3562,2493,263,65536,0,0,0,False,False
2588,1580,982,1836,1238,263,65536,0,0,0,False,False
2589,3082,1941,3338,2197,263,65536,0,0,0,False,False
2590,1936,2339,2192,2595,263,65536,0,0,0,False,False
2591,2567,1247,2823,1503,263,65536,0,0,0,False,False
2592,1257,2113,1513,2369,263,65536,0,0,0,False,False
2593,1123,1424,1379,1680,263,65536,0,0,0,False,False
2594,1415,2049,1671,2305,263,65536,0,0,0,False,False
2595,1120,1174,1376,1430,263,65536,0,0,0,False,False
2596,3600,1780,3856,2036,263,65536,0,0,0,False,False
2597,1244,1543,1500,1799,263,65536,0,0,0,False,False
2598,1918,2011,2174,2267,263,65536,0,0,0,False,False
2599,2206,2345,2462,2601,263,65536,0,0,0,False,False
2600,1903,1653,2159,1909,263,65536,0,0,0,False,False
2601,1699,981,1955,1237,263,65536,0,0,0,False,False
2602,1160,1118,1416,1374,263,65536,0,0,0,False,False
2603,1643,1892,1899,2148,263,65536,0,0,0,False,False
2604,3215,1539,3471,1795,263,65536,0,0,0,False,False
2605,2201,1162,2457,1418,263,65536,0,0,0,False,False
2606,1988,1288,2244,1544,263,65536,0,0,0,False,False
2607,3842,1763,4098,2019,263,65536,0,0,0,False,False
2608,1160,2461,1416,2717,263,65536,0,0,0,False,False
2609,2592,1492,2848,1748,263,65536,0,0,0,False,False
2610,1882,1693,2138,1949,266,65536,0,0,0,False,False
2611,3435,2341,3691,2597,266,65536,0,0,0,False,False
2612,3951,1642,4207,1898,266,65536,0,0,0,False,False
2613,3637,2438,3893,2694,266,65536,0,0,0,False,False
2614,1479,1121,1735,1377,266,65536,0,0,0,False,False
2615,1518,1525,1774,1781,266,65536,0,0,0,False,False
2616,3604,1548,3860,1804,266,65536,0,0,0,False,False
2617,2614,1307,2870,1563,266,65536,0,0,0,False,False
2618,3525,1850,3781,2106,266,65536,0,0,0,False,False
2619,2611,1767,2867,2023,266,65536,0,0,0,False,False
2620,3176,1589,3432,1845,266,65536,0,0,0,False,False
2621,3659,2198,3915,2454,266,65536,0,0,0,False,False
2622,2087,1307,2343,1563,266,65536,0,0,0,False,False
2623,3589,1590,3845,1846,266,65536,0,0,0,False,False
2624,1849,2250,2105,2506,266,65536,0,0,0,False,False
2625,1767,1266,2023,1522,266,65536,0,0,0,False,False
2626,2607,1472,2863,1728,266,65536,0,0,0,False,False
2627,1163,1324,1419,1580,266,65536,0,0,0,False,False
2628,2796,2056,3052,2312,266,65536,0,0,0,False,False
2629,1360,2451,1616,2707,266,65536,0,0,0,False,False
2630,3297,2090,3553,2346,266,65536,0,0,0,False,False
2631,3476,864,3732,1120,266,65536,0,0,0,False,False
2632,2129,2011,2385,2267,266,65536,0,0,0,False,False
2633,2467,1798,2723,2054,266,65536,0,0,0,False,False
2634,2190,1433,2446,1689,266,65536,0,0,0,False,False
2635,2060,1668,2316,1924,266,65536,0,0,0,False,False
2636,3676,2015,3932,2271,266,65536,0,0,0,False,False
2637,2686,2424,2942,2680,266,65536,0,0,0,False,False
2638,2033,2368,2289,2624,266,65536,0,0,0,False,False
2639,2503,1326,2759,1582,266,65536,0,0,0,False,False
2640,3769,1276,4025,1532,282,65536,0,0,0,False,False
2641,1644,1389,1900,1645,282,65536,0,0,0,False,False
2642,1522,1023,1778,1279,282,65536,0,0,0,False,False
2643,3397,1266,3653,1522,282,65536,0,0,0,False,False
2644,1615,1007,1871,1263,282,65536,0,0,0,False,False
2645,2759,1900,3015,2156,282,65536,0,0,0,False,False
2646,3594,915,3850,1171,282,65536,0,0,0,False,False
2647,1720,972,1976,1228,282,65536,0,0,0,False,False
2648,2898,1917,3154,2173,282,65536,0,0,0,False,False
2649,1610,869,1866,1125,282,65536,0,0,0,False,False
2650,3906,2018,4162,2274,282,65536,0,0,0,False,False
2651,2475,1621,2731,1877,282,65536,0,0,0,False,False
2652,1759,2268,2015,2524,282,65536,0,0,0,False,False
2653,2782,1257,3038,1513,282,65536,0,0,0,False,False
2654,2832,890,3088,1146,282,65536,0,0,0,False,False
2655,3856,2182,4112,2438,282,65536,0,0,0,False,False
2656,1702,1187,1958,1443,282,65536,0,0,0,False,False
2657,1839,2156,2095,2412,282,65536,0,0,0,False,False
2658,3156,1195,3412,1451,282,65536,0,0,0,False,False
2659,2445,1705,2701,1961,282,65536,0,0,0,False,False
2660,1330,1822,1586,2078,282,65536,0,0,0,False,False
2661,1632,2112,1888,2368,282,65536,0,0,0,False,False
2662,3917,1964,4173,2220,282,65536,0,0,0,False,False
2663,3465,1935,3721,2191,282,65536,0,0,0,False,False
2664,3110,1823,3366,2079,282,65536,0,0,0,False,False
2665,2261,1347,2517,1603,282,65536,0,0,0,False,False
2666,3902,1865,4158,2121,282,65536,0,0,0,False,False
2667,2136,1680,2392,1936,282,65536,0,0,0,False,False
2668,3768,2164,4024,2420,282,65536,0,0,0,False,False
2669,3710,1439,3966,1695,282,65536,0,0,0,False,False
2670,2968,1852,3224,2108,283,61440,4096,0,0,True,False
2671,1226,2525,1482,2781,283,65536,0,0,0,False,False
2672,2220,2344,2476,2600,283,65536,0,0,0,False,False
2673,1612,2163,1868,2419,283,65536,0,0,0,False,False
2674,2189,1452,2445,1708,283,64724,812,0,0,True,False
2675,1904,1717,2160,1973,283,65536,0,0,0,False,False
2676,3294,1065,3550,1321,283,65536,0,0,0,False,False
2677,3177,1986,3433,2242,283,63698,1838,0,0,True,False
2678,3855,1085,4111,1341,283,65536,0,0,0,False,False
2679,1379,1333,1635,1589,283,65536,0,0,0,False,False
2680,3321,1279,3577,1535,283,65536,0,0,0,False,False
2681,1686,2221,1942,2477,283,65536,0,0,0,False,False
2682,3940,1643,4196,1899,283,65536,0,0,0,False,False
2683,3095,934,3351,1190,283,65536,0,0,0,False,False
2684,1713,2220,1969,2476,283,65536,0,0,0,False,False
2685,3747,1049,4003,1305,283,65536,0,0,0,False,False
2686,3306,2424,3562,2680,283,65536,0,0,0,False,False
2687,2538,893,2794,1149,283,65536,0,0,0,False,False
2688,3269,2244,3525,2500,283,65536,0,0,0,False,False
2689,1174,2036,1430,2292,283,65536,0,0,0,False,False
2690,3267,838,3523,1094,283,65536,0,0,0,False,False
2691,1198,2195,1454,2451,283,65536,0,0,0,False,False
2692,2568,2119,2824,2375,283,65536,0,0,0,False,False
2693,3535,2065,3791,2321,283,65536,0,0,0,False,False
2694,3895,1588,4151,1844,283,65536,0,0,0,False,False
2695,3806,1057,4062,1313,283,65536,0,0,0,False,False
2696,3558,1428,3814,1684,283,65536,0,0,0,False,False
2697,2327,1050,2583,1306,283,62604,2932,0,0,True,False
2698,3540,1643,3796,1899,283,65536,0,0,0,False,False
2699,3701,1819,3957,2075,283,65536,0,0,0,False,False
2700,3864,2436,4120,2692,284,65536,0,0,0,False,False
2701,1651,1082,1907,1338,284,65536,0,0,0,False,False
2702,3362,1183,3618,1439,284,65536,0,0,0,False,False
2703,1199,1342,1455,1598,284,65536,0,0,0,False,False
2704,3343,2448,3599,2704,284,65536,0,0,0,False,False
2705,1630,2286,1886,2542,284,65536,0,0,0,False,False
2706,1614,2038,1870,2294,284,59724,5812,0,0,True,False
2707,2093,835,2349,1091,284,65536,0,0,0,False,False
2708,2573,1235,2829,1491,284,65536,0,0,0,False,False
2709,1991,1796,2247,2052,284,65536,0,0,0,False,False
2710,1611,1151,1867,1407,284,65536,0,0,0,False,False
2711,2177,2122,2433,2378,284,65536,0,0,0,False,False
2712,3098,893,3354,1149,284,65536,0,0,0,False,False
2713,1824,1116,2080,1372,284,65536,0,0,0,False,False
2714,2950,1242,3206,1498,284,65536,0,0,0,False,False
2715,1520,1983,1776,2239,284,61120,4416,0,0,True,False
2716,1408,1316,1664,1572,284,65536,0,0,0,False,False
2717,1198,892,1454,1148,284,65536,0,0,0,False,False
2718,2917,1287,3173,1543,284,65536,0,0,0,False,False
2719,1795,1784,2051,2040,284,65536,0,0,0,False,False
2720,2144,1257,2400,1513,284,65536,0,0,0,False,False
2721,1403,1013,1659,1269,284,65536,0,0,0,False,False
2722,3790,1346,4046,1602,284,65536,0,0,0,False,False
2723,3368,2069,3624,2325,284,65536,0,0,0,False,False
2724,3382,1104,3638,1360,284,65536,0,0,0,False,False
2725,2920,1991,3176,2247,284,65536,0,0,0,False,False
2726,2745,1615,3001,1871,284,65536,0,0,0,False,False
2727,2362,2453,2618,2709,284,65536,0,0,0,False,False
2728,2340,1082,2596,1338,284,65536,0,0,0,False,False
2729,2956,2408,3212,2664,284,65536,0,0,0,False,False
2730,2217,1078,2473,1334,288,65536,0,0,0,False,False
2731,1345,2282,1601,2538,288,65536,0,0,0,False,False
2732,3304,1393,3560,1649,288,65536,0,0,0,False,False
2733,3924,1942,4180,2198,288,65536,0,0,0,False,False
2734,1672,1954,1928,2210,288,65536,0,0,0,False,False
2735,1675,2070,1931,2326,288,64236,0,1300,0,False,True
2736,3802,1544,4058,1800,288,65536,0,0,0,False,False
2737,1971,2204,2227,2460,288,63078,0,2458,0,False,True
2738,3469,955,3725,1211,288,65536,0,0,0,False,False
2739,3219,955,3475,1211,288,65536,0,0,0,False,False
2740,3442,1547,3698,1803,288,65536,0,0,0,False,False
2741,2422,844,2678,1100,288,65536,0,0,0,False,False
2742,1337,955,1593,1211,288,65536,0,0,0,False,True
2743,3219,1629,3475,1885,288,65200,0,336,0,False,True
2744,2709,1065,2965,1321,288,65536,0,0,0,False,False
2745,1736,851,1992,1107,288,65536,0,0,0,False,False
2746,3842,1812,4098,2068,288,65536,0,0,0,False,False
2747,3383,2085,3639,2341,288,65536,0,0,0,False,False
2748,2042,2008,2298,2264,288,63664,0,1872,0,False,True
2749,3997,1425,4253,1681,288,65536,0,0,0,False,False
2750,3397,1200,3653,1456,288,65536,0,0,0,False,False
2751,1699,1513,1955,1769,288,65536,0,0,0,False,False
2752,2373,1253,2629,1509,288,65536,0,0,0,False,False
2753,2636,1877,2892,2133,288,64036,0,1500,0,False,True
2754,2912,1851,3168,2107,288,62796,0,2740,0,False,True
2755,2682,1637,2938,1893,288,65536,0,0,0,False,False
2756,1713,2326,1969,2582,288,64772,0,764,0,False,True
2757,3527,1360,3783,1616,288,65536,0,0,0,False,False
2758,3287,1689,3543,1945,288,64958,0,578,0,False,True
2759,2791,1479,3047,1735,288,65230,0,306,0,False,True
2760,3237,2454,3493,2710,289,65536,0,0,0,False,False
2761,3747,1959,4003,2215,289,65536,0,0,0,False,False
2762,1631,1016,1887,1272,289,65536,0,0,0,False,False
2763,3171,1332,3427,1588,289,62596,0,2940,0,False,False
2764,3530,2048,3786,2304,289,65536,0,0,0,False,False
2765,1980,1082,2236,1338,289,65536,0,0,0,False,False
2766,3442,1920,3698,2176,289,65536,0,0,0,False,False
2767,2944,1052,3200,1308,289,65536,0,0,0,False,False
2768,1272,1382,1528,1638,289,65536,0,0,0,False,False
2769,2925,2258,3181,2514,289,65536,0,0,0,False,False
2770,2075,1719,2331,1975,289,65536,0,0,0,False,False
2771,2887,2345,3143,2601,289,65536,0,0,0,False,False
2772,3868,2419,4124,2675,289,65536,0,0,0,False,False
2773,3525,1046,3781,1302,289,65536,0,0,0,False,False
2774,3711,1351,3967,1607,289,65536,0,0,0,False,False
2775,2421,1623,2677,1879,289,61368,4168,0,0,True,False
2776,1330,1620,1586,1876,289,65536,0,0,0,False,False
2777,1826,2198,2082,2454,289,65536,0,0,0,False,False
2778,2750,2209,3006,2465,289,65536,0,0,0,False,False
2779,1355,1599,1611,1855,289,65536,0,0,0,False,False
2780,3150,2036,3406,2292,289,65296,240,0,0,True,False
2781,2966,2230,3222,2486,289,65536,0,0,0,False,False
2782,1544,2254,1800,2510,289,65536,0,0,0,False,False
2783,2882,1625,3138,1881,289,65536,0,0,0,False,False
2784,3188,1400,3444,1656,289,63108,0,2428,0,False,False
2785,2093,1219,2349,1475,289,65536,0,0,0,False,False
2786,1628,1159,1884,1415,289,65536,0,0,0,False,False
2787,1934,1677,2190,1933,289,65496,0,40,0,False,True
2788,2322,1802,2578,2058,289,65404,132,0,0,True,False
2789,1203,1653,1459,1909,289,65536,0,0,0,False,False
2790,3321,2013,3577,2269,290,65536,0,0,0,False,False
2791,1318,1920,1574,2176,290,65536,0,0,0,False,False
2792,3572,1741,3828,1997,290,65536,0,0,0,False,False
2793,1453,957,1709,1213,290,65536,0,0,0,False,False
2794,3950,1118,4206,1374,290,65536,0,0,0,False,False
2795,2373,849,2629,1105,290,65536,0,0,0,False,False
2796,1729,1528,1985,1784,290,60832,4704,0,0,True,False
2797,2173,2139,2429,2395,290,65536,0,0,0,False,False
2798,2941,1935,3197,2191,290,65536,0,0,0,False,False
2799,2484,1315,2740,1571,290,65536,0,0,0,False,True
2800,2742,1772,2998,2028,290,65536,0,0,0,False,False
2801,2961,873,3217,1129,290,65536,0,0,0,False,False
2802,2900,2021,3156,2277,290,65536,0,0,0,False,False
2803,3879,1035,4135,1291,290,65536,0,0,0,False,False
2804,1748,1553,2004,1809,290,60832,4704,0,0,True,False
2805,2520,2251,2776,2507,290,65536,0,0,0,False,False
2806,2344,1797,2600,2053,290,65536,0,0,0,False,False
2807,3819,1935,4075,2191,290,65536,0,0,0,False,False
2808,1513,1105,1769,1361,290,64172,1364,0,0,True,False
2809,3585,2065,3841,2321,290,65536,0,0,0,False,False
2810,3913,2098,4169,2354,290,65536,0,0,0,False,False
2811,3993,2476,4249,2732,290,65536,0,0,0,False,False
2812,3196,2170,3452,2426,290,65536,0,0,0,False,False
2813,2660,2128,2916,2384,290,65536,0,0,0,False,False
2814,3187,2338,3443,2594,290,65536,0,0,0,False,False
2815,1980,2390,2236,2646,290,65536,0,0,0,False,False
2816,3870,1715,4126,1971,290,65536,0,0,0,False,False
2817,3545,1343,3801,1599,290,65536,0,0,0,False,False
2818,1501,1516,1757,1772,290,65536,0,0,0,False,False
2819,1232,1746,1488,2002,290,65536,0,0,0,False,False
2820,2783,2249,3039,2505,291,65536,0,0,0,False,False
2821,1840,1455,2096,1711,291,61012,4524,0,0,True,False
2822,1681,1413,1937,1669,291,61213,4323,0,0,True,False
2823,2459,2248,2715,2504,291,65536,0,0,0,False,False
2824,3980,2304,4236,2560,291,65536,0,0,0,False,False
2825,3753,1604,4009,1860,291,65536,0,0,0,False,False
2826,2680,1809,2936,2065,291,62920,2616,0,0,True,False
2827,3435,1836,3691,2092,291,65536,0,0,0,False,False
2828,2460,1430,2716,1686,291,64684,852,0,0,True,False
2829,3000,1104,3256,1360,291,65536,0,0,0,False,False
2830,3206,924,3462,1180,291,65536,0,0,0,False,False
2831,2103,1835,2359,2091,291,65536,0,0,0,False,False
2832,3341,1315,3597,1571,291,64824,712,0,0,True,False
2833,1582,1275,1838,1531,291,64674,862,0,0,True,False
2834,2185,1940,2441,2196,291,65536,0,0,0,False,False
2835,3668,2392,3924,2648,291,65536,0,0,0,False,False
2836,3048,1253,3304,1509,291,63044,2492,0,0,True,False
2837,1215,2327,1471,2583,291,65536,0,0,0,False,False
2838,2454,2335,2710,2591,291,65536,0,0,0,False,False
2839,2551,1018,2807,1274,291,65536,0,0,0,False,False
2840,1531,1764,1787,2020,291,64784,752,0,0,True,False
2841,3475,957,3731,1213,291,65536,0,0,0,False,False
2842,2958,2020,3214,2276,291,65300,236,0,0,True,False
2843,3331,2315,3587,2571,291,65536,0,0,0,False,False
2844,1717,2109,1973,2365,291,65032,504,0,0,True,False
2845,1441,1786,1697,2042,291,64580,956,0,0,True,False
2846,3280,1100,3536,1356,291,65536,0,0,0,False,False
2847,2241,1974,2497,2230,291,65536,0,0,0,False,False
2848,3482,1474,3738,1730,291,65536,0,0,0,False,False
2849,3245,1632,3501,1888,291,65536,0,0,0,False,False
2850,1493,2504,1749,2760,293,65536,0,0,0,False,False
2851,3588,2455,3844,2711,293,65536,0,0,0,False,False
2852,3424,1868,3680,2124,293,65536,0,0,0,False,False
2853,3187,1928,3443,2184,293,65536,0,0,0,False,False
2854,3400,1586,3656,1842,293,65536,0,0,0,False,False
2855,3076,1256,3332,1512,293,65536,0,0,0,False,False
2856,3470,1165,3726,1421,293,65536,0,0,0,False,False
2857,2880,2088,3136,2344,293,65536,0,0,0,False,False
2858,2616,2352,2872,2608,293,65536,0,0,0,False,False
2859,1556,1450,1812,1706,293,65536,0,0,0,False,False
2860,2376,842,2632,1098,293,65536,0,0,0,False,False
2861,1997,1231,2253,1487,293,65536,0,0,0,False,False
2862,3065,2141,3321,2397,293,65536,0,0,0,False,False
2863,2787,2096,3043,2352,293,65536,0,0,0,False,False
2864,3188,1978,3444,2234,293,65536,0,0,0,False,False
2865,2513,2189,2769,2445,293,65536,0,0,0,False,False
2866,2038,1172,2294,1428,293,65536,0,0,0,False,True
2867,3301,1464,3557,1720,293,65536,0,0,0,False,False
2868,2043,1047,2299,1303,293,65536,0,0,0,False,False
2869,1429,2140,1685,2396,293,65536,0,0,0,False,False
2870,1157,1812,1413,2068,293,65536,0,0,0,False,False
2871,2444,1241,2700,1497,293,65536,0,0,0,False,False
2872,3099,1148,3355,1404,293,65536,0,0,0,False,False
2873,3840,1829,4096,2085,293,65536,0,0,0,False,False
2874,2204,2224,2460,2480,293,65536,0,0,0,False,False
2875,2489,1803,2745,2059,293,65536,0,0,0,False,False
2876,2719,2191,2975,2447,293,65536,0,0,0,False,True
2877,3085,2140,3341,2396,293,65536,0,0,0,False,False
2878,3147,1423,3403,1679,293,65536,0,0,0,False,False
2879,3650,1469,3906,1725,293,65536,0,0,0,False,False
2880,1203,1389,1459,1645,294,65536,0,0,0,False,False
2881,3320,2026,3576,2282,294,65536,0,0,0,False,False
2882,1586,2491,1842,2747,294,65536,0,0,0,False,False
2883,3197,1071,3453,1327,294,65536,0,0,0,False,False
2884,3882,834,4138,1090,294,65536,0,0,0,False,False
2885,2382,1786,2638,2042,294,65536,0,0,0,False,False
2886,2900,1886,3156,2142,294,65536,0,0,0,False,False
2887,3429,1691,3685,1947,294,61776,3760,0,0,True,False
2888,1599,938,1855,1194,294,65536,0,0,0,False,False
2889,2353,1887,2609,2143,294,64038,1498,0,0,True,False
2890,2425,2081,2681,2337,294,64290,1246,0,0,True,False
2891,3336,878,3592,1134,294,65536,0,0,0,False,False
2892,3030,2472,3286,2728,294,65536,0,0,0,False,False
2893,1245,1652,1501,1908,294,65536,0,0,0,False,False
2894,3383,1508,3639,1764,294,64208,1328,0,0,True,False
2895,2675,1497,2931,1753,294,65536,0,0,0,False,False
2896,1390,928,1646,1184,294,65536,0,0,0,False,False
2897,2953,940,3209,1196,294,65536,0,0,0,False,False
2898,3253,1376,3509,1632,294,65536,0,0,0,False,False
2899,2789,1817,3045,2073,294,65536,0,0,0,False,True
2900,1298,2012,1554,2268,294,65536,0,0,0,False,False
2901,2526,1374,2782,1630,294,64924,612,0,0,True,False
2902,3474,1585,3730,1841,294,63458,2078,0,0,True,False
2903,3553,1285,3809,1541,294,65536,0,0,0,False,False
2904,2207,1181,2463,1437,294,62858,2678,0,0,True,False
2905,1491,1679,1747,1935,294,65536,0,0,0,False,False
2906,1849,1753,2105,2009,294,65536,0,0,0,False,False
2907,1432,2349,1688,2605,294,65536,0,0,0,False,False
2908,3541,1038,3797,1294,294,65536,0,0,0,False,False
2909,1507,2479,1763,2735,294,65536,0,0,0,False,False
2910,1832,977,2088,1233,295,65536,0,0,0,False,False
2911,3438,1222,3694,1478,295,65536,0,0,0,False,False
2912,1439,1256,1695,1512,295,65536,0,0,0,False,False
2913,2229,2167,2485,2423,295,65536,0,0,0,False,False
2914,3216,2204,3472,2460,295,64444,1092,0,0,True,False
2915,2062,1415,2318,1671,295,65536,0,0,0,False,False
2916,2981,1468,3237,1724,295,65536,0,0,0,False,False
2917,3954,1767,4210,2023,295,65536,0,0,0,False,False
2918,3842,978,4098,1234,295,65536,0,0,0,False,False
2919,3293,1331,3549,1587,295,61131,4405,0,0,True,False
2920,2535,1588,2791,1844,295,64020,1516,0,0,True,False
2921,3876,1601,4132,1857,295,65536,0,0,0,False,False
2922,1536,1383,1792,1639,295,65536,0,0,0,False,False
2923,3230,1379,3486,1635,295,61302,4234,0,0,True,False
2924,2488,2116,2744,2372,295,63716,1820,0,0,True,False
2925,3190,2384,3446,2640,295,65536,0,0,0,False,False
2926,2911,1287,3167,1543,295,64574,962,0,0,True,False
2927,2177,2392,2433,2648,295,65536,0,0,0,False,False
2928,2890,1034,3146,1290,295,62752,2784,0,0,True,False
2929,2902,1055,3158,1311,295,62266,3270,0,0,True,False
2930,3813,1179,4069,1435,295,65536,0,0,0,False,False
2931,2284,1942,2540,2198,295,63380,2156,0,0,True,False
2932,1379,1576,1635,1832,295,65536,0,0,0,False,False
2933,1799,2460,2055,2716,295,65536,0,0,0,False,False
2934,2383,980,2639,1236,295,65536,0,0,0,False,False
2935,1406,1540,1662,1796,295,65536,0,0,0,False,False
2936,1624,1371,1880,1627,295,65536,0,0,0,False,False
2937,1445,1260,1701,1516,295,65536,0,0,0,False,False
2938,2778,877,3034,1133,295,65536,0,0,0,False,False
2939,2817,1073,3073,1329,295,63400,2136,0,0,True,False
2940,2050,1231,2306,1487,303,65536,0,0,0,False,False
2941,3985,1899,4241,2155,303,65536,0,0,0,False,False
2942,2637,919,2893,1175,303,65536,0,0,0,False,False
2943,2904,2385,3160,2641,303,65536,0,0,0,False,False
2944,1306,935,1562,1191,303,65536,0,0,0,False,False
2945,1868,2100,2124,2356,303,65536,0,0,0,False,False
2946,1355,2256,1611,2512,303,65536,0,0,0,False,False
2947,2239,1921,2495,2177,303,65536,0,0,0,False,False
2948,3280,1161,3536,1417,303,65536,0,0,0,False,False
2949,3548,1231,3804,1487,303,65536,0,0,0,False,False
2950,3801,1838,4057,2094,303,65536,0,0,0,False,False
2951,3111,2249,3367,2505,303,65536,0,0,0,False,False
2952,2317,2003,2573,2259,303,65536,0,0,0,False,False
2953,2699,1152,2955,1408,303,65536,0,0,0,False,False
2954,2949,2063,3205,2319,303,65536,0,0,0,False,False
2955,1757,2284,2013,2540,303,65536,0,0,0,False,False
2956,3321,1390,3577,1646,303,65536,0,0,0,False,False
2957,3348,2167,3604,2423,303,65536,0,0,0,False,False
2958,3038,1193,3294,1449,303,65536,0,0,0,False,False
2959,1844,2460,2100,2716,303,65536,0,0,0,False,False
2960,2003,1355,2259,1611,303,65536,0,0,0,False,False
2961,2379,2141,2635,2397,303,65536,0,0,0,False,True
2962,2869,1667,3125,1923,303,65536,0,0,0,False,False
2963,3173,1418,3429,1674,303,65536,0,0,0,False,False
2964,2629,1407,2885,1663,303,65536,0,0,0,False,False
2965,3713,910,3969,1166,303,65536,0,0,0,False,False
2966,3284,1610,3540,1866,303,65536,0,0,0,False,False
2967,3558,2063,3814,2319,303,65536,0,0,0,False,False
2968,2705,1506,2961,1762,303,65536,0,0,0,False,False
2969,1442,2002,1698,2258,303,65536,0,0,0,False,False
2970,2759,1712,3015,1968,304,59608,5928,0,0,True,False
2971,1945,2189,2201,2445,304,65536,0,0,0,False,False
2972,1149,1356,1405,1612,304,65536,0,0,0,False,False
2973,3853,2072,4109,2328,304,65536,0,0,0,False,False
2974,2607,877,2863,1133,304,65536,0,0,0,False,False
2975,2569,1502,2825,1758,304,61602,3934,0,0,True,False
2976,3268,2432,3524,2688,304,65536,0,0,0,False,False
2977,3256,2377,3512,2633,304,65536,0,0,0,False,False
2978,2522,1669,2778,1925,304,65536,0,0,0,False,False
2979,2229,941,2485,1197,304,65536,0,0,0,False,False
2980,1315,1167,1571,1423,304,65536,0,0,0,False,False
2981,1966,2467,2222,2723,304,65536,0,0,0,False,False
2982,1357,1113,1613,1369,304,65536,0,0,0,False,False
2983,3405,1465,3661,1721,304,65536,0,0,0,False,False
2984,3988,1179,4244,1435,304,65536,0,0,0,False,False
2985,3778,1770,4034,2026,304,65536,0,0,0,False,False
2986,2966,1991,3222,2247,304,63948,1588,0,0,True,False
2987,3427,2008,3683,2264,304,65536,0,0,0,False,False
2988,2359,1127,2615,1383,304,65536,0,0,0,False,False
2989,1753,2253,2009,2509,304,65536,0,0,0,False,False
2990,2410,1596,2666,1852,304,65536,0,0,0,False,False
2991,2309,2125,2565,2381,304,65536,0,0,0,False,False
2992,3825,1319,4081,1575,304,65536,0,0,0,False,False
2993,2263,2134,2519,2390,304,65536,0,0,0,False,False
2994,2145,1156,2401,1412,304,65536,0,0,0,False,False
2995,3028,1825,3284,2081,304,65536,0,0,0,False,False
2996,3731,971,3987,1227,304,65536,0,0,0,False,False
2997,3179,1808,3435,2064,304,65536,0,0,0,False,False
2998,1517,2352,1773,2608,304,65536,0,0,0,False,False
2999,2058,1194,2314,1450,304,65536,0,0,0,False,False
3000,2123,1415,2379,1671,305,60048,5488,0,0,True,False
3001,1405,847,1661,1103,305,65536,0,0,0,False,False
3002,2975,1125,3231,1381,305,65536,0,0,0,False,False
3003,2970,1374,3226,1630,305,65536,0,0,0,False,False
3004,2537,923,2793,1179,305,65536,0,0,0,False,False
3005,1395,1001,1651,1257,305,65536,0,0,0,False,False
3006,2345,2047,2601,2303,305,65536,0,0,0,False,False
3007,2716,1442,2972,1698,305,65536,0,0,0,False,False
3008,3196,2046,3452,2302,305,65536,0,0,0,False,False
3009,3333,2230,3589,2486,305,65536,0,0,0,False,False
3010,1473,1994,1729,2250,305,65536,0,0,0,False,False
3011,3901,1160,4157,1416,305,65536,0,0,0,False,False
3012,2074,1373,2330,1629,305,60036,5500,0,0,True,False
3013,3420,1216,3676,1472,305,65536,0,0,0,False,False
3014,2591,1134,2847,1390,305,65536,0,0,0,False,False
3015,3733,842,3989,1098,305,65536,0,0,0,False,False
3016,3657,1720,3913,1976,305,65536,0,0,0,False,False
3017,3543,2197,3799,2453,305,65536,0,0,0,False,False
3018,3589,1379,3845,1635,305,65536,0,0,0,False,False
3019,2610,1090,2866,1346,305,65536,0,0,0,False,False
3020,2317,2041,2573,2297,305,65536,0,0,0,False,False
3021,2114,2172,2370,2428,305,65536,0,0,0,False,False
3022,3115,1591,3371,1847,305,65536,0,0,0,False,False
3023,1597,1073,1853,1329,305,65536,0,0,0,False,False
3024,3338,1050,3594,1306,305,65536,0,0,0,False,False
3025,2246,915,2502,1171,305,65224,312,0,0,True,False
3026,1489,2353,1745,2609,305,65536,0,0,0,False,False
3027,1320,998,1576,1254,305,65536,0,0,0,False,False
3028,3648,1162,3904,1418,305,65536,0,0,0,False,False
3029,1213,1929,1469,2185,305,65536,0,0,0,False,False
3030,3788,1565,4044,1821,314,65536,0,0,0,False,False
3031,2592,1642,2848,1898,314,65536,0,0,0,False,False
3032,2018,1027,2274,1283,314,65536,0,0,0,False,False
3033,3832,836,4088,1092,314,65536,0,0,0,False,False
3034,3507,1519,3763,1775,314,65536,0,0,0,False,False
3035,3885,2323,4141,2579,314,65536,0,0,0,False,False
3036,2262,2303,2518,2559,314,65536,0,0,0,False,False
3037,2452,1671,2708,1927,314,65536,0,0,0,False,False
3038,1709,1276,1965,1532,314,65536,0,0,0,False,False
3039,3348,1495,3604,1751,314,65536,0,0,0,False,False
3040,3372,1196,3628,1452,314,65536,0,0,0,False,False
3041,1410,2154,1666,2410,314,65536,0,0,0,False,False
3042,2968,1698,3224,1954,314,65536,0,0,0,False,False
3043,2075,1393,2331,1649,314,65536,0,0,0,False,False
3044,2855,2294,3111,2550,314,65536,0,0,0,False,False
3045,2356,1234,2612,1490,314,65536,0,0,0,False,False
3046,2463,2362,2719,2618,314,65536,0,0,0,False,False
3047,2374,1258,2630,1514,314,65536,0,0,0,False,False
3048,2582,1929,2838,2185,314,65536,0,0,0,False,False
3049,2157,1484,2413,1740,314,65536,0,0,0,False,False
3050,3139,1253,3395,1509,314,65536,0,0,0,False,False
3051,2150,1775,2406,2031,314,65536,0,0,0,False,False
3052,3161,949,3417,1205,314,65536,0,0,0,False,False
3053,2516,2062,2772,2318,314,65536,0,0,0,False,False
3054,3482,1723,3738,1979,314,65536,0,0,0,False,False
3055,3465,2476,3721,2732,314,65536,0,0,0,False,False
3056,3800,1495,4056,1751,314,65536,0,0,0,False,False
3057,3695,1082,3951,1338,314,65536,0,0,0,False,False
3058,3667,1756,3923,2012,314,65536,0,0,0,False,False
3059,3690,1330,3946,1586,314,65536,0,0,0,False,False
3060,2514,2192,2770,2448,351,65536,0,0,0,False,False
3061,2200,1906,2456,2162,351,65536,0,0,0,False,False
3062,2946,1143,3202,1399,351,65536,0,0,0,False,False
3063,2293,1437,2549,1693,351,65536,0,0,0,False,False
3064,2232,2474,2488,2730,351,65536,0,0,0,False,False
3065,3384,1228,3640,1484,351,65536,0,0,0,False,False
3066,3285,1378,3541,1634,351,65536,0,0,0,False,False
3067,1556,1446,1812,1702,351,65536,0,0,0,False,False
3068,2091,1191,2347,1447,351,65536,0,0,0,False,False
3069,1489,1796,1745,2052,351,65536,0,0,0,False,False
3070,1314,1557,1570,1813,351,65536,0,0,0,False,False
3071,1804,1852,2060,2108,351,65536,0,0,0,False,False
3072,3615,1157,3871,1413,351,65536,0,0,0,False,False
3073,1523,1895,1779,2151,351,65236,0,300,0,False,True
3074,3313,1346,3569,1602,351,65536,0,0,0,False,False
3075,1811,2078,2067,2334,351,62714,0,2822,0,False,True
3076,3335,1043,3591,1299,351,65536,0,0,0,False,False
3077,1910,1308,2166,1564,351,65536,0,0,0,False,False
3078,3407,2256,3663,2512,351,65536,0,0,0,False,False
3079,2504,1312,2760,1568,351,65536,0,0,0,False,False
3080,3076,1194,3332,1450,351,65536,0,0,0,False,False
3081,3564,1371,3820,1627,351,65536,0,0,0,False,False
3082,1812,2162,2068,2418,351,64516,0,1020,0,False,True
3083,1220,1197,1476,1453,351,65536,0,0,0,False,False
3084,2352,1524,2608,1780,351,65536,0,0,0,False,False
3085,2982,1464,3238,1720,351,65536,0,0,0,False,False
3086,3526,2446,3782,2702,351,65536,0,0,0,False,False
3087,2918,2363,3174,2619,351,65536,0,0,0,False,False
3088,3485,1963,3741,2219,351,65536,0,0,0,False,False
3089,3814,1523,4070,1779,351,65536,0,0,0,False,False
3090,3316,875,3572,1131,352,65536,0,0,0,False,False
3091,2633,1428,2889,1684,352,65536,0,0,0,False,False
3092,3910,1666,4166,1922,352,65536,0,0,0,False,False
3093,2168,1788,2424,2044,352,65536,0,0,0,False,False
3094,3833,857,4089,1113,352,65536,0,0,0,False,False
3095,1528,1368,1784,1624,352,65536,0,0,0,False,False
3096,3996,1100,4252,1356,352,65536,0,0,0,False,False
3097,2804,2436,3060,2692,352,65536,0,0,0,False,False
3098,3652,1342,3908,1598,352,65536,0,0,0,False,False
3099,3889,1150,4145,1406,352,65536,0,0,0,False,False
3100,2557,1711,2813,1967,352,65536,0,0,0,False,False
3101,3610,1864,3866,2120,352,65536,0,0,0,False,False
3102,2378,1157,2634,1413,352,65536,0,0,0,False,False
3103,2098,2069,2354,2325,352,65536,0,0,0,False,False
3104,1249,1194,1505,1450,352,65536,0,0,0,False,False
3105,2738,2185,2994,2441,352,65536,0,0,0,False,False
3106,1823,1970,2079,2226,352,65536,0,0,0,False,False
3107,3330,1438,3586,1694,352,63348,2188,0,0,True,False
3108,3248,1805,3504,2061,352,65536,0,0,0,False,False
3109,1981,2054,2237,2310,352,65536,0,0,0,False,False
3110,2542,1026,2798,1282,352,65536,0,0,0,False,False
3111,3245,1421,3501,1677,352,62292,3244,0,0,True,False
3112,1824,1781,2080,2037,352,62976,2560,0,0,True,False
3113,2564,1208,2820,1464,352,65536,0,0,0,False,False
3114,2650,1002,2906,1258,352,65536,0,0,0,False,False
3115,3454,1605,3710,1861,352,65536,0,0,0,False,False
3116,2245,1680,2501,1936,352,65536,0,0,0,False,False
3117,1962,2054,2218,2310,352,65536,0,0,0,False,False
3118,2077,1756,2333,2012,352,65536,0,0,0,False,False
3119,2404,2067,2660,2323,352,65536,0,0,0,False,False
3120,1852,964,2108,1220,355,65536,0,0,0,False,False
3121,3953,1495,4209,1751,355,65536,0,0,0,False,False
3122,2531,1089,2787,1345,355,65536,0,0,0,False,False
3123,1281,1085,1537,1341,355,65536,0,0,0,False,False
3124,2917,1982,3173,2238,355,65536,0,0,0,False,False
3125,2022,2123,2278,2379,355,65536,0,0,0,False,False
3126,2404,1998,2660,2254,355,65536,0,0,0,False,False
3127,1403,2088,1659,2344,355,65536,0,0,0,False,False
3128,2536,1602,2792,1858,355,65536,0,0,0,False,False
3129,3668,1739,3924,1995,355,65536,0,0,0,False,False
3130,2452,904,2708,1160,355,65536,0,0,0,False,False
3131,3844,1596,4100,1852,355,65536,0,0,0,False,False
3132,1154,884,1410,1140,355,65536,0,0,0,False,False
3133,2522,2430,2778,2686,355,65536,0,0,0,False,False
3134,1865,1031,2121,1287,355,65536,0,0,0,False,False
3135,1373,1888,1629,2144,355,65536,0,0,0,False,False
3136,3449,1204,3705,1460,355,65536,0,0,0,False,False
3137,3121,1278,3377,1534,355,65536,0,0,0,False,False
3138,2639,1320,2895,1576,355,65536,0,0,0,False,False
3139,3048,1552,3304,1808,355,65536,0,0,0,False,False
3140,2750,1740,3006,1996,355,65536,0,0,0,False,False
3141,1952,974,2208,1230,355,65536,0,0,0,False,False
3142,1875,2054,2131,2310,355,65536,0,0,0,False,False
3143,3710,2461,3966,2717,355,65536,0,0,0,False,False
3144,3343,2335,3599,2591,355,65536,0,0,0,False,False
3145,1889,2032,2145,2288,355,65536,0,0,0,False,False
3146,1136,846,1392,1102,355,65536,0,0,0,False,False
3147,3335,1783,3591,2039,355,65536,0,0,0,False,False
3148,3233,2380,3489,2636,355,65536,0,0,0,False,False
3149,3142,2012,3398,2268,355,65536,0,0,0,False,False
3150,3496,2362,3752,2618,356,65536,0,0,0,False,False
3151,2786,959,3042,1215,356,65536,0,0,0,False,False
3152,3990,1768,4246,2024,356,65536,0,0,0,False,False
3153,3271,2226,3527,2482,356,65536,0,0,0,False,False
3154,1809,2390,2065,2646,356,65536,0,0,0,False,False
3155,3796,996,4052,1252,356,65536,0,0,0,False,False
3156,3339,989,3595,1245,356,65536,0,0,0,False,False
3157,1962,1992,2218,2248,356,64252,1284,0,0,True,False
3158,3443,1933,3699,2189,356,65536,0,0,0,False,False
3159,2685,2383,2941,2639,356,65536,0,0,0,False,False
3160,1396,2237,1652,2493,356,62554,2982,0,0,True,False
3161,1215,1987,1471,2243,356,65536,0,0,0,False,False
3162,1187,1183,1443,1439,356,65536,0,0,0,False,True
3163,2247,1250,2503,1506,356,65536,0,0,0,False,False
3164,3321,1009,3577,1265,356,65536,0,0,0,False,False
3165,1882,1330,2138,1586,356,65536,0,0,0,False,False
3166,2236,1435,2492,1691,356,65536,0,0,0,False,False
3167,2330,1884,2586,2140,356,60116,5420,0,0,True,False
3168,3097,1845,3353,2101,356,65536,0,0,0,False,False
3169,2513,1074,2769,1330,356,65536,0,0,0,False,False
3170,3853,2124,4109,2380,356,65536,0,0,0,False,False
3171,2366,2444,2622,2700,356,65536,0,0,0,False,False
3172,2375,1644,2631,1900,356,65536,0,0,0,False,False
3173,2939,912,3195,1168,356,65536,0,0,0,False,False
3174,2172,1537,2428,1793,356,65536,0,0,0,False,False
3175,2820,1157,3076,1413,356,65536,0,0,0,False,False
3176,3793,1965,4049,2221,356,65536,0,0,0,False,False
3177,2275,1893,2531,2149,356,60936,4600,0,0,True,False
3178,2010,1509,2266,1765,356,65536,0,0,0,False,False
3179,3657,1666,3913,1922,356,65536,0,0,0,False,False
3180,3252,2041,3508,2297,357,65536,0,0,0,False,False
3181,2468,1443,2724,1699,357,65536,0,0,0,False,False
3182,2361,2225,2617,2481,357,65536,0,0,0,False,False
3183,2828,2226,3084,2482,357,65536,0,0,0,False,False
3184,2018,2468,2274,2724,357,65536,0,0,0,False,False
3185,2703,2205,2959,2461,357,65536,0,0,0,False,False
3186,1508,1459,1764,1715,357,65536,0,0,0,False,False
3187,3518,1015,3774,1271,357,65536,0,0,0,False,False
3188,1347,1535,1603,1791,357,65536,0,0,0,False,False
3189,2298,1310,2554,1566,357,65536,0,0,0,False,False
3190,3069,1967,3325,2223,357,65536,0,0,0,False,False
3191,3425,1211,3681,1467,357,65536,0,0,0,False,False
3192,3833,1940,4089,2196,357,65536,0,0,0,False,False
3193,3990,2172,4246,2428,357,65536,0,0,0,False,False
3194,3690,2393,3946,2649,357,65536,0,0,0,False,False
3195,3352,946,3608,1202,357,65536,0,0,0,False,False
3196,2510,1930,2766,2186,357,65536,0,0,0,False,False
3197,3653,1579,3909,1835,357,65536,0,0,0,False,False
3198,2790,1404,3046,1660,357,65536,0,0,0,False,False
3199,2355,1383,2611,1639,357,65536,0,0,0,False,False
3200,1688,2266,1944,2522,357,63692,1844,0,0,True,False
3201,3817,1518,4073,1774,357,65536,0,0,0,False,False
3202,2519,1578,2775,1834,357,65536,0,0,0,False,False
3203,2502,2055,2758,2311,357,65536,0,0,0,False,False
3204,2860,1933,3116,2189,357,65536,0,0,0,False,False
3205,2626,941,2882,1197,357,65536,0,0,0,False,False
3206,3467,1860,3723,2116,357,65536,0,0,0,False,False
3207,1520,1011,1776,1267,357,65536,0,0,0,False,False
3208,3459,1279,3715,1535,357,65536,0,0,0,False,False
3209,3337,2093,3593,2349,357,65536,0,0,0,False,False
3210,2558,987,2814,1243,358,65536,0,0,0,False,False
3211,3125,1001,3381,1257,358,65536,0,0,0,False,False
3212,1639,1169,1895,1425,358,65536,0,0,0,False,False
3213,3326,1475,3582,1731,358,64834,702,0,0,True,False
3214,2101,1234,2357,1490,358,65536,0,0,0,False,True
3215,1932,1718,2188,1974,358,65536,0,0,0,False,False
3216,2787,1327,3043,1583,358,65536,0,0,0,False,False
3217,1989,2088,2245,2344,358,63848,1688,0,0,True,False
3218,1881,2049,2137,2305,358,65536,0,0,0,False,False
3219,1558,2056,1814,2312,358,65536,0,0,0,False,False
3220,1514,1467,1770,1723,358,65536,0,0,0,False,False
3221,1259,1493,1515,1749,358,65536,0,0,0,False,False
3222,1358,1077,1614,1333,358,65536,0,0,0,False,False
3223,1459,1403,1715,1659,358,65536,0,0,0,False,False
3224,3502,880,3758,1136,358,65536,0,0,0,False,False
3225,2688,2185,2944,2441,358,65536,0,0,0,False,False
3226,1266,857,1522,1113,358,65536,0,0,0,False,False
3227,2479,1340,2735,1596,358,65536,0,0,0,False,False
3228,3985,1212,4241,1468,358,65536,0,0,0,False,False
3229,1811,1917,2067,2173,358,65536,0,0,0,False,False
3230,1840,1100,2096,1356,358,65536,0,0,0,False,False
3231,2802,911,3058,1167,358,65536,0,0,0,False,False
3232,2487,1082,2743,1338,358,65536,0,0,0,False,True
3233,2746,1794,3002,2050,358,63364,2172,0,0,True,False
3234,2704,1153,2960,1409,358,65536,0,0,0,False,False
3235,3505,2280,3761,2536,358,65536,0,0,0,False,False
3236,1505,2524,1761,2780,358,65536,0,0,0,False,False
3237,1601,1848,1857,2104,358,65536,0,0,0,False,False
3238,1412,949,1668,1205,358,65536,0,0,0,False,False
3239,2717,2203,2973,2459,358,65536,0,0,0,False,False
3240,1945,1376,2201,1632,585,65536,0,0,0,False,False
3241,3124,2051,3380,2307,585,65536,0,0,0,False,False
3242,3610,2323,3866,2579,585,65536,0,0,0,False,False
3243,3820,2326,4076,2582,585,65536,0,0,0,False,False
3244,1372,1782,1628,2038,585,65536,0,0,0,False,False
3245,1297,2098,1553,2354,585,65536,0,0,0,False,False
3246,3219,1614,3475,1870,585,65536,0,0,0,False,False
3247,3471,1804,3727,2060,585,65536,0,0,0,False,False
3248,2818,1917,3074,2173,585,65536,0,0,0,False,False
3249,3716,1536,3972,1792,585,65536,0,0,0,False,False
3250,3435,2518,3691,2774,585,65536,0,0,0,False,False
3251,1133,1834,1389,2090,585,65536,0,0,0,False,False
3252,1180,2509,1436,2765,585,65536,0,0,0,False,False
3253,1634,1109,1890,1365,585,65536,0,0,0,False,True
3254,1785,1764,2041,2020,585,65536,0,0,0,False,True
3255,3260,2471,3516,2727,585,65536,0,0,0,False,False
3256,1331,1840,1587,2096,585,65536,0,0,0,False,False
3257,3206,1765,3462,2021,585,65536,0,0,0,False,False
3258,3843,984,4099,1240,585,65536,0,0,0,False,False
3259,2730,1809,2986,2065,585,65536,0,0,0,False,False
3260,1509,1851,1765,2107,585,63502,0,2034,0,False,True
3261,2277,1070,2533,1326,585,65536,0,0,0,False,False
3262,2306,1916,2562,2172,585,65536,0,0,0,False,False
3263,1311,2317,1567,2573,585,65536,0,0,0,False,False
3264,3310,2223,3566,2479,585,65536,0,0,0,False,False
3265,2085,1356,2341,1612,585,65536,0,0,0,False,False
3266,3202,1332,3458,1588,585,65536,0,0,0,False,False
3267,3401,2368,3657,2624,585,65536,0,0,0,False,False
3268,3209,1306,3465,1562,585,65536,0,0,0,False,False
3269,1812,2304,2068,2560,585,65536,0,0,0,False,False
3270,2084,2063,2340,2319,586,65536,0,0,0,False,False
3271,1556,1823,1812,2079,586,65536,0,0,0,False,False
3272,1362,1515,1618,1771,586,65536,0,0,0,False,False
3273,2571,992,2827,1248,586,63608,1928,0,0,True,False
3274,2357,2459,2613,2715,586,65536,0,0,0,False,False
3275,2064,1160,2320,1416,586,65536,0,0,0,False,False
3276,3916,2303,4172,2559,586,65536,0,0,0,False,False
3277,2195,1963,2451,2219,586,65536,0,0,0,False,False
3278,1284,1713,1540,1969,586,65536,0,0,0,False,False
3279,3770,1357,4026,1613,586,65536,0,0,0,False,False
3280,2419,887,2675,1143,586,65536,0,0,0,False,False
3281,3858,1069,4114,1325,586,65536,0,0,0,False,False
3282,2760,1586,3016,1842,586,65536,0,0,0,False,False
3283,1347,1858,1603,2114,586,65536,0,0,0,False,False
3284,2068,1578,2324,1834,586,59020,6516,0,0,True,False
3285,1682,2332,1938,2588,586,65536,0,0,0,False,False
3286,2173,1541,2429,1797,586,60994,4542,0,0,True,False
3287,3819,1538,4075,1794,586,65536,0,0,0,False,False
3288,2931,1551,3187,1807,586,65536,0,0,0,False,False
3289,1763,2156,2019,2412,586,64226,1310,0,0,True,False
3290,1126,2338,1382,2594,586,65536,0,0,0,False,False
3291,2688,1278,2944,1534,586,65536,0,0,0,False,False
3292,2972,1508,3228,1764,586,65536,0,0,0,False,False
3293,3766,861,4022,1117,586,65536,0,0,0,False,False
3294,1950,1382,2206,1638,586,65536,0,0,0,False,False
3295,1287,1545,1543,1801,586,65536,0,0,0,False,False
3296,1477,1339,1733,1595,586,65536,0,0,0,False,False
3297,2172,1487,2428,1743,586,59660,5876,0,0,True,False
3298,3113,2072,3369,2328,586,65536,0,0,0,False,False
3299,3441,2391,3697,2647,586,65536,0,0,0,False,False
3300,3921,2307,4177,2563,587,65536,0,0,0,False,False
3301,1810,2011,2066,2267,587,65536,0,0,0,False,False
3302,3903,2260,4159,2516,587,65536,0,0,0,False,False
3303,2710,1015,2966,1271,587,65536,0,0,0,False,False
3304,1864,2248,2120,2504,587,65536,0,0,0,False,False
3305,1193,2488,1449,2744,587,65536,0,0,0,False,False
3306,2245,1469,2501,1725,587,65536,0,0,0,False,False
3307,3022,1481,3278,1737,587,65536,0,0,0,False,False
3308,3345,1669,3601,1925,587,64460,1076,0,0,True,False
3309,3753,1619,4009,1875,587,65536,0,0,0,False,False
3310,2395,1073,2651,1329,587,65536,0,0,0,False,False
3311,3862,1151,4118,1407,587,65536,0,0,0,False,False
3312,2184,908,2440,1164,587,65536,0,0,0,False,False
3313,2081,1479,2337,1735,587,65536,0,0,0,False,False
3314,2481,1099,2737,1355,587,65536,0,0,0,False,False
3315,1326,1605,1582,1861,587,65536,0,0,0,False,False
3316,2432,1623,2688,1879,587,65536,0,0,0,False,False
3317,1196,2154,1452,2410,587,65536,0,0,0,False,False
3318,2321,2146,2577,2402,587,65536,0,0,0,False,False
3319,1811,1936,2067,2192,587,65536,0,0,0,False,False
3320,1927,1188,2183,1444,587,65536,0,0,0,False,False
3321,1622,1291,1878,1547,587,63538,0,1998,0,False,False
3322,3422,2498,3678,2754,587,65536,0,0,0,False,False
3323,2934,1666,3190,1922,587,65068,468,0,0,True,False
3324,3660,1132,3916,1388,587,65536,0,0,0,False,False
3325,3444,2017,3700,2273,587,65536,0,0,0,False,False
3326,1717,1940,1973,2196,587,65536,0,0,0,False,False
3327,3010,977,3266,1233,587,65536,0,0,0,False,False
3328,2849,2315,3105,2571,587,65536,0,0,0,False,False
3329,2286,1084,2542,1340,587,65536,0,0,0,False,False
3330,3138,1496,3394,1752,588,61564,3972,0,0,True,False
3331,2851,2019,3107,2275,588,65536,0,0,0,False,False
3332,2878,1739,3134,1995,588,65536,0,0,0,False,False
3333,2928,1844,3184,2100,588,64988,548,0,0,True,False
3334,1638,1208,1894,1464,588,65536,0,0,0,False,False
3335,3328,1313,3584,1569,588,65536,0,0,0,False,False
3336,3331,1608,3587,1864,588,65536,0,0,0,False,False
3337,2164,1631,2420,1887,588,65536,0,0,0,False,False
3338,1204,2527,1460,2783,588,65536,0,0,0,False,False
3339,2474,2248,2730,2504,588,65536,0,0,0,False,False
3340,3025,2496,3281,2752,588,65536,0,0,0,False,False
3341,1696,2456,1952,2712,588,65536,0,0,0,False,False
3342,1582,1867,1838,2123,588,65536,0,0,0,False,False
3343,3867,1473,4123,1729,588,65536,0,0,0,False,False
3344,2648,2458,2904,2714,588,65536,0,0,0,False,False
3345,3851,1529,4107,1785,588,65536,0,0,0,False,False
3346,2128,1281,2384,1537,588,65536,0,0,0,False,False
3347,2940,2527,3196,2783,588,65536,0,0,0,False,False
3348,1519,2287,1775,2543,588,65536,0,0,0,False,False
3349,2940,2145,3196,2401,588,65536,0,0,0,False,False
3350,2906,856,3162,1112,588,65536,0,0,0,False,False
3351,3198,1639,3454,1895,588,65536,0,0,0,False,False
3352,2727,1592,2983,1848,588,65536,0,0,0,False,False
3353,2674,2099,2930,2355,588,65536,0,0,0,False,False
3354,1932,1838,2188,2094,588,65536,0,0,0,False,False
3355,2033,2219,2289,2475,588,65536,0,0,0,False,False
3356,3424,2175,3680,2431,588,65536,0,0,0,False,False
3357,1809,1272,2065,1528,588,65536,0,0,0,False,False
3358,2558,2321,2814,2577,588,65536,0,0,0,False,False
3359,2745,2311,3001,2567,588,65536,0,0,0,False,False
3360,1563,2244,1819,2500,591,65536,0,0,0,False,False
3361,2131,1874,2387,2130,591,65536,0,0,0,False,False
3362,3961,996,4217,1252,591,65536,0,0,0,False,False
3363,1395,1170,1651,1426,591,65536,0,0,0,False,False
3364,3179,2181,3435,2437,591,65536,0,0,0,False,False
3365,3291,1780,3547,2036,591,65536,0,0,0,False,False
3366,3572,1621,3828,1877,591,65536,0,0,0,False,False
3367,2039,2445,2295,2701,591,65536,0,0,0,False,False
3368,3467,2211,3723,2467,591,65536,0,0,0,False,False
3369,2365,1750,2621,2006,591,65536,0,0,0,False,True
3370,2343,1624,2599,1880,591,65536,0,0,0,False,False
3371,3291,1953,3547,2209,591,65536,0,0,0,False,False
3372,2267,978,2523,1234,591,65536,0,0,0,False,False
3373,3952,2176,4208,2432,591,65536,0,0,0,False,False
3374,2386,1005,2642,1261,591,65536,0,0,0,False,False
3375,1223,845,1479,1101,591,65536,0,0,0,False,False
3376,1516,855,1772,1111,591,65536,0,0,0,False,False
3377,2323,969,2579,1225,591,65536,0,0,0,False,False
3378,2785,1752,3041,2008,591,65536,0,0,0,False,False
3379,2119,1542,2375,1798,591,65536,0,0,0,False,False
3380,3011,1479,3267,1735,591,65536,0,0,0,False,False
3381,3582,1987,3838,2243,591,65536,0,0,0,False,False
3382,3841,2467,4097,2723,591,65536,0,0,0,False,True
3383,2019,1893,2275,2149,591,65536,0,0,0,False,False
3384,1869,1860,2125,2116,591,65536,0,0,0,False,False
3385,1632,1424,1888,1680,591,65536,0,0,0,False,False
3386,1420,1489,1676,1745,591,65536,0,0,0,False,False
3387,2001,1993,2257,2249,591,65536,0,0,0,False,False
3388,1798,1344,2054,1600,591,65536,0,0,0,False,False
3389,2781,965,3037,1221,591,65536,0,0,0,False,False
3390,2778,1389,3034,1645,592,65536,0,0,0,False,False
3391,3808,1586,4064,1842,592,65536,0,0,0,False,False
3392,3819,1070,4075,1326,592,65536,0,0,0,False,False
3393,1829,2136,2085,2392,592,65536,0,0,0,False,False
3394,3309,2283,3565,2539,592,63440,2096,0,0,True,False
3395,2507,1217,2763,1473,592,65536,0,0,0,False,False
3396,3667,2473,3923,2729,592,65536,0,0,0,False,False
3397,1370,1522,1626,1778,592,65536,0,0,0,False,False
3398,1273,2222,1529,2478,592,65536,0,0,0,False,False
3399,2954,1197,3210,1453,592,65536,0,0,0,False,False
3400,3741,2396,3997,2652,592,65536,0,0,0,False,False
3401,3255,1991,3511,2247,592,65536,0,0,0,False,False
3402,3044,2166,3300,2422,592,63403,2133,0,0,True,False
3403,3430,1332,3686,1588,592,65536,0,0,0,False,False
3404,2464,1904,2720,2160,592,65536,0,0,0,False,False
3405,3369,1704,3625,1960,592,65536,0,0,0,False,False
3406,3933,1813,4189,2069,592,65536,0,0,0,False,False
3407,3833,1729,4089,1985,592,65536,0,0,0,False,False
3408,1581,2165,1837,2421,592,65536,0,0,0,False,False
3409,1862,2428,2118,2684,592,65536,0,0,0,False,False
3410,2070,1445,2326,1701,592,65536,0,0,0,False,False
3411,1469,1493,1725,1749,592,65536,0,0,0,False,False
3412,2595,2115,2851,2371,592,65536,0,0,0,False,False
3413,3380,2284,3636,2540,592,63345,2191,0,0,True,False
3414,3505,1336,3761,1592,592,65536,0,0,0,False,False
3415,2685,2176,2941,2432,592,63538,1998,0,0,True,False
3416,2637,1247,2893,1503,592,65536,0,0,0,False,False
3417,2107,2329,2363,2585,592,65536,0,0,0,False,False
3418,3290,2302,3546,2558,592,63427,2109,0,0,True,False
3419,2353,1559,2609,1815,592,65536,0,0,0,False,False
3420,3964,1977,4220,2233,597,65536,0,0,0,False,False
3421,2394,1024,2650,1280,597,65536,0,0,0,False,False
3422,3963,921,4219,1177,597,65536,0,0,0,False,True
3423,2609,1234,2865,1490,597,65536,0,0,0,False,False
3424,2503,1611,2759,1867,597,65536,0,0,0,False,False
3425,2150,940,2406,1196,597,65536,0,0,0,False,False
3426,2459,983,2715,1239,597,65536,0,0,0,False,False
3427,1537,2253,1793,2509,597,65536,0,0,0,False,False
3428,1854,2366,2110,2622,597,65536,0,0,0,False,False
3429,1225,2284,1481,2540,597,65536,0,0,0,False,False
3430,1193,1365,1449,1621,597,65536,0,0,0,False,False
3431,2489,2283,2745,2539,597,65536,0,0,0,False,True
3432,3966,2199,4222,2455,597,65536,0,0,0,False,False
3433,1436,1565,1692,1821,597,65536,0,0,0,False,False
3434,1249,1739,1505,1995,597,65536,0,0,0,False,False
3435,3740,2463,3996,2719,597,65536,0,0,0,False,False
3436,1664,2101,1920,2357,597,65536,0,0,0,False,False
3437,1285,2051,1541,2307,597,65536,0,0,0,False,False
3438,3161,2263,3417,2519,597,65536,0,0,0,False,False
3439,1619,1002,1875,1258,597,65536,0,0,0,False,False
3440,2854,1471,3110,1727,597,65536,0,0,0,False,False
3441,1841,1919,2097,2175,597,65536,0,0,0,False,False
3442,2157,1890,2413,2146,597,65536,0,0,0,False,False
3443,3522,1407,3778,1663,597,65536,0,0,0,False,False
3444,1559,1563,1815,1819,597,65536,0,0,0,False,False
3445,1250,1254,1506,1510,597,65536,0,0,0,False,False
3446,1500,2331,1756,2587,597,65536,0,0,0,False,False
3447,2797,884,3053,1140,597,65536,0,0,0,False,False
3448,3006,1316,3262,1572,597,65536,0,0,0,False,False
3449,2869,2044,3125,2300,597,65536,0,0,0,False,False
3450,2724,1676,2980,1932,598,65536,0,0,0,False,False
3451,2823,2304,3079,2560,598,65536,0,0,0,False,False
3452,1441,1100,1697,1356,598,65536,0,0,0,False,False
3453,2481,1764,2737,2020,598,62558,2978,0,0,True,False
3454,2305,908,2561,1164,598,65536,0,0,0,False,False
3455,3284,2290,3540,2546,598,65536,0,0,0,False,False
3456,2216,1105,2472,1361,598,65536,0,0,0,False,False
3457,2446,2236,2702,2492,598,65536,0,0,0,False,False
3458,2376,972,2632,1228,598,65536,0,0,0,False,False
3459,2243,1123,2499,1379,598,65536,0,0,0,False,False
3460,2471,1344,2727,1600,598,65536,0,0,0,False,False
3461,3099,2212,3355,2468,598,65536,0,0,0,False,False
3462,2620,1030,2876,1286,598,65536,0,0,0,False,False
3463,2400,1245,2656,1501,598,65536,0,0,0,False,False
3464,3503,1384,3759,1640,598,65536,0,0,0,False,False
3465,3321,1888,3577,2144,598,61026,4510,0,0,True,False
3466,2358,2209,2614,2465,598,65536,0,0,0,False,False
3467,2103,1025,2359,1281,598,65536,0,0,0,False,False
3468,2197,2223,2453,2479,598,65536,0,0,0,False,False
3469,3604,1138,3860,1394,598,65536,0,0,0,False,False
3470,3334,1629,3590,1885,598,65536,0,0,0,False,False
3471,2241,2373,2497,2629,598,65536,0,0,0,False,False
3472,2683,1621,2939,1877,598,65536,0,0,0,False,False
3473,2530,1452,2786,1708,598,65536,0,0,0,False,False
3474,2211,2054,2467,2310,598,65536,0,0,0,False,False
3475,2194,2072,2450,2328,598,65536,0,0,0,False,False
3476,2850,2329,3106,2585,598,65536,0,0,0,False,False
3477,1442,1281,1698,1537,598,65536,0,0,0,False,False
3478,1271,1143,1527,1399,598,65536,0,0,0,False,False
3479,3865,2134,4121,2390,598,65536,0,0,0,False,True
3480,1769,1030,2025,1286,653,65536,0,0,0,False,False
3481,3844,2336,4100,2592,653,65536,0,0,0,False,False
3482,2295,1874,2551,2130,653,65536,0,0,0,False,False
3483,3067,2101,3323,2357,653,65536,0,0,0,False,False
3484,3196,1700,3452,1956,653,65536,0,0,0,False,False
3485,2876,1169,3132,1425,653,65536,0,0,0,False,False
3486,1687,1628,1943,1884,653,65536,0,0,0,False,False
3487,1904,1433,2160,1689,653,65536,0,0,0,False,False
3488,3284,1530,3540,1786,653,65536,0,0,0,False,False
3489,1820,1665,2076,1921,653,65536,0,0,0,False,False
3490,2069,1776,2325,2032,653,65536,0,0,0,False,False
3491,2724,946,2980,1202,653,65536,0,0,0,False,False
3492,2960,1362,3216,1618,653,65536,0,0,0,False,True
3493,2300,2298,2556,2554,653,65536,0,0,0,False,False
3494,1591,1116,1847,1372,653,65536,0,0,0,False,False
3495,1129,1796,1385,2052,653,65536,0,0,0,False,True
3496,2071,1582,2327,1838,653,65536,0,0,0,False,False
3497,3549,1227,3805,1483,653,65536,0,0,0,False,False
3498,3155,1319,3411,1575,653,65536,0,0,0,False,False
3499,3304,1488,3560,1744,653,65536,0,0,0,False,False
3500,3962,1517,4218,1773,653,65536,0,0,0,False,False
3501,1275,1197,1531,1453,653,65536,0,0,0,False,False
3502,1159,1887,1415,2143,653,65536,0,0,0,False,False
3503,1530,2418,1786,2674,653,65536,0,0,0,False,False
3504,3122,1663,3378,1919,653,65536,0,0,0,False,False
3505,1514,2234,1770,2490,653,65536,0,0,0,False,False
3506,3737,2362,3993,2618,653,65536,0,0,0,False,False
3507,3104,995,3360,1251,653,65536,0,0,0,False,False
3508,2556,1544,2812,1800,653,65536,0,0,0,False,False
3509,3612,2478,3868,2734,653,65536,0,0,0,False,False
3510,3583,1181,3839,1437,666,65536,0,0,0,False,False
3511,3788,2019,4044,2275,666,65536,0,0,0,False,False
3512,2199,1531,2455,1787,666,65536,0,0,0,False,False
3513,2370,1919,2626,2175,666,65536,0,0,0,False,False
3514,2552,2432,2808,2688,666,65536,0,0,0,False,False
3515,2065,1052,2321,1308,666,65536,0,0,0,False,False
3516,3624,1001,3880,1257,666,65536,0,0,0,False,False
3517,2464,1196,2720,1452,666,65536,0,0,0,False,False
3518,1889,2379,2145,2635,666,65536,0,0,0,False,False
3519,3278,1649,3534,1905,666,64498,0,1038,0,False,False
3520,2931,2359,3187,2615,666,64872,0,664,0,False,True
3521,2301,1919,2557,2175,666,65536,0,0,0,False,False
3522,1883,2234,2139,2490,666,65034,0,502,0,False,True
3523,1769,2229,2025,2485,666,65536,0,0,0,False,False
3524,3762,1615,4018,1871,666,65536,0,0,0,False,False
3525,2301,1891,2557,2147,666,65536,0,0,0,False,False
3526,1157,1602,1413,1858,666,65536,0,0,0,False,False
3527,1167,2165,1423,2421,666,65536,0,0,0,False,False
3528,3937,2058,4193,2314,666,65536,0,0,0,False,False
3529,3759,2354,4015,2610,666,65536,0,0,0,False,False
3530,2415,2468,2671,2724,666,65536,0,0,0,False,False
3531,3116,2054,3372,2310,666,65536,0,0,0,False,False
3532,1204,2086,1460,2342,666,65536,0,0,0,False,False
3533,1943,2075,2199,2331,666,65536,0,0,0,False,False
3534,1932,1996,2188,2252,666,65536,0,0,0,False,False
3535,3910,1245,4166,1501,666,65536,0,0,0,False,False
3536,3383,1096,3639,1352,666,65536,0,0,0,False,False
3537,2061,1610,2317,1866,666,65536,0,0,0,False,False
3538,3085,1485,3341,1741,666,65536,0,0,0,False,False
3539,3393,1380,3649,1636,666,63704,0,1832,0,False,True
3540,2866,2429,3122,2685,672,65536,0,0,0,False,False
3541,3054,2235,3310,2491,672,65536,0,0,0,False,False
3542,1516,1521,1772,1777,672,65536,0,0,0,False,False
3543,3707,2196,3963,2452,672,65536,0,0,0,False,False
3544,3401,1579,3657,1835,672,65536,0,0,0,False,False
3545,2287,1448,2543,1704,672,65536,0,0,0,False,False
3546,3032,1725,3288,1981,672,65536,0,0,0,False,False
3547,2340,1181,2596,1437,672,65536,0,0,0,False,False
3548,1589,1680,1845,1936,672,65536,0,0,0,False,False
3549,2373,2223,2629,2479,672,65536,0,0,0,False,False
3550,2016,1971,2272,2227,672,65536,0,0,0,False,False
3551,2936,971,3192,1227,672,65536,0,0,0,False,True
3552,3974,1267,4230,1523,672,65536,0,0,0,False,False
3553,2086,1342,2342,1598,672,65536,0,0,0,False,False
3554,2918,2148,3174,2404,672,65536,0,0,0,False,False
3555,2464,1758,2720,2014,672,65536,0,0,0,False,False
3556,1304,2379,1560,2635,672,65536,0,0,0,False,False
3557,1307,1817,1563,2073,672,65536,0,0,0,False,False
3558,2393,2039,2649,2295,672,65536,0,0,0,False,False
3559,2902,1983,3158,2239,672,65536,0,0,0,False,False
3560,3212,996,3468,1252,672,65536,0,0,0,False,False
3561,1883,1760,2139,2016,672,65536,0,0,0,False,False
3562,2060,2319,2316,2575,672,65536,0,0,0,False,False
3563,1329,2447,1585,2703,672,65536,0,0,0,False,False
3564,2071,2135,2327,2391,672,65536,0,0,0,False,False
3565,3828,1298,4084,1554,672,65536,0,0,0,False,False
3566,3188,1358,3444,1614,672,65536,0,0,0,False,False
3567,1711,1658,1967,1914,672,65536,0,0,0,False,False
3568,3297,2351,3553,2607,672,65536,0,0,0,False,False
3569,2804,858,3060,1114,672,65536,0,0,0,False,False
3570,1423,1288,1679,1544,695,64500,0,1036,0,False,False
3571,2103,2269,2359,2525,695,63760,0,1776,0,False,True
3572,1684,1597,1940,1853,695,65536,0,0,0,False,False
3573,2812,1262,3068,1518,695,65536,0,0,0,False,False
3574,1653,1459,1909,1715,695,65536,0,0,0,False,False
3575,2084,2218,2340,2474,695,63020,0,2516,0,False,False
3576,2429,865,2685,1121,695,65536,0,0,0,False,False
3577,3888,1002,4144,1258,695,65536,0,0,0,False,False
3578,1814,2163,2070,2419,695,65536,0,0,0,False,False
3579,2696,1544,2952,1800,695,65536,0,0,0,False,False
3580,3933,1508,4189,1764,695,65536,0,0,0,False,False
3581,2203,1091,2459,1347,695,61466,0,4070,0,False,True
3582,1783,2515,2039,2771,695,65536,0,0,0,False,False
3583,3928,2099,4184,2355,695,65536,0,0,0,False,False
3584,2504,1597,2760,1853,695,65536,0,0,0,False,False
3585,2762,1149,3018,1405,695,65536,0,0,0,False,False
3586,1322,2250,1578,2506,695,65536,0,0,0,False,False
3587,3592,1960,3848,2216,695,64092,0,1444,0,False,True
3588,2292,2060,2548,2316,695,63340,0,2196,0,False,True
3589,2016,1496,2272,1752,695,65536,0,0,0,False,False
3590,3274,1736,3530,1992,695,62556,0,2980,0,False,True
3591,3340,2306,3596,2562,695,65536,0,0,0,False,False
3592,2770,2363,3026,2619,695,65536,0,0,0,False,False
3593,2240,2510,2496,2766,695,65536,0,0,0,False,False
3594,2876,1474,3132,1730,695,65536,0,0,0,False,False
3595,2153,1643,2409,1899,695,62864,0,2672,0,False,True
3596,2901,2055,3157,2311,695,65214,0,322,0,False,True
3597,2758,896,3014,1152,695,65536,0,0,0,False,False
3598,3828,1628,4084,1884,695,65536,0,0,0,False,False
3599,1536,1772,1792,2028,695,65536,0,0,0,False,False
3600,2100,948,2356,1204,697,65536,0,0,0,False,False
3601,2355,992,2611,1248,697,65536,0,0,0,False,False
3602,3065,1213,3321,1469,697,65536,0,0,0,False,False
3603,2688,845,2944,1101,697,65536,0,0,0,False,False
3604,3743,1421,3999,1677,697,65536,0,0,0,False,False
3605,1404,859,1660,1115,697,65536,0,0,0,False,False
3606,3866,1967,4122,2223,697,65536,0,0,0,False,False
3607,1901,1417,2157,1673,697,65536,0,0,0,False,False
3608,3740,1435,3996,1691,697,65536,0,0,0,False,False
3609,1324,2010,1580,2266,697,65536,0,0,0,False,False
3610,2998,1352,3254,1608,697,65536,0,0,0,False,False
3611,2194,1642,2450,1898,697,65536,0,0,0,False,False
3612,3057,1574,3313,1830,697,65536,0,0,0,False,False
3613,1841,1847,2097,2103,697,65536,0,0,0,False,False
3614,3588,2328,3844,2584,697,65536,0,0,0,False,False
3615,2591,1959,2847,2215,697,65536,0,0,0,False,False
3616,3342,1077,3598,1333,697,65536,0,0,0,False,False
3617,3483,1583,3739,1839,697,65536,0,0,0,False,False
3618,3713,1182,3969,1438,697,65536,0,0,0,False,False
3619,2931,2089,3187,2345,697,65536,0,0,0,False,False
3620,3080,2128,3336,2384,697,65536,0,0,0,False,False
3621,2596,1749,2852,2005,697,65536,0,0,0,False,False
3622,1816,1805,2072,2061,697,65536,0,0,0,False,False
3623,1127,1664,1383,1920,697,65536,0,0,0,False,False
3624,2299,2208,2555,2464,697,65536,0,0,0,False,False
3625,2133,2091,2389,2347,697,65536,0,0,0,False,True
3626,1241,1838,1497,2094,697,65536,0,0,0,False,False
3627,2352,2047,2608,2303,697,65536,0,0,0,False,False
3628,3875,1314,4131,1570,697,65536,0,0,0,False,False
3629,2250,1358,2506,1614,697,65536,0,0,0,False,False
3630,2540,1105,2796,1361,744,65536,0,0,0,False,False
3631,1366,2443,1622,2699,744,65536,0,0,0,False,False
3632,3277,2195,3533,2451,744,65536,0,0,0,False,False
3633,2938,890,3194,1146,744,65536,0,0,0,False,False
3634,1673,1585,1929,1841,744,64432,0,1104,0,False,True
3635,2651,1665,2907,1921,744,65536,0,0,0,False,False
3636,2672,2359,2928,2615,744,65536,0,0,0,False,True
3637,2661,959,2917,1215,744,65536,0,0,0,False,False
3638,1431,1686,1687,1942,744,65536,0,0,0,False,False
3639,1844,2489,2100,2745,744,65536,0,0,0,False,False
3640,2402,1668,2658,1924,744,65004,0,532,0,False,False
3641,1201,1395,1457,1651,744,65536,0,0,0,False,False
3642,3139,1572,3395,1828,744,65536,0,0,0,False,False
3643,3802,2331,4058,2587,744,65536,0,0,0,False,False
3644,2153,1910,2409,2166,744,65476,0,60,0,False,True
3645,3475,2391,3731,2647,744,65536,0,0,0,False,False
3646,2613,1579,2869,1835,744,65536,0,0,0,False,False
3647,1783,1682,2039,1938,744,63440,0,2096,0,False,True
3648,2209,1190,2465,1446,744,65536,0,0,0,False,False
3649,1851,910,2107,1166,744,65536,0,0,0,False,False
3650,3046,1098,3302,1354,744,65536,0,0,0,False,False
3651,2015,1357,2271,1613,744,65536,0,0,0,False,False
3652,2701,1962,2957,2218,744,65536,0,0,0,False,False
3653,3954,1603,4210,1859,744,65536,0,0,0,False,False
3654,2522,2229,2778,2485,744,65536,0,0,0,False,False
3655,2240,1059,2496,1315,744,65536,0,0,0,False,False
3656,3742,1923,3998,2179,744,65536,0,0,0,False,False
3657,2461,1699,2717,1955,744,65536,0,0,0,False,False
3658,1506,2078,1762,2334,744,61408,0,4128,0,False,False
3659,3588,1193,3844,1449,744,65536,0,0,0,False,False
3660,1959,1565,2215,1821,787,60856,0,4680,0,False,True
3661,3876,1488,4132,1744,787,65536,0,0,0,False,False
3662,2000,1021,2256,1277,787,62048,0,3488,0,False,True
3663,3843,1161,4099,1417,787,65536,0,0,0,False,False
3664,2837,2249,3093,2505,787,65536,0,0,0,False,False
3665,2300,1028,2556,1284,787,65536,0,0,0,False,False
3666,3011,2075,3267,2331,787,65536,0,0,0,False,False
3667,3218,1269,3474,1525,787,65464,0,72,0,False,True
3668,2923,2314,3179,2570,787,65536,0,0,0,False,False
3669,2131,1182,2387,1438,787,61068,0,4468,0,False,True
3670,2644,1651,2900,1907,787,65536,0,0,0,False,False
3671,3487,1741,3743,1997,787,65536,0,0,0,False,False
3672,2936,1328,3192,1584,787,65536,0,0,0,False,False
3673,1174,2061,1430,2317,787,65536,0,0,0,False,False
3674,1988,1967,2244,2223,787,60574,0,4962,0,False,True
3675,1574,2466,1830,2722,787,65536,0,0,0,False,False
3676,1943,2383,2199,2639,787,65536,0,0,0,False,False
3677,2615,2275,2871,2531,787,65536,0,0,0,False,False
3678,3794,1168,4050,1424,787,65536,0,0,0,False,False
3679,2566,1170,2822,1426,787,65536,0,0,0,False,False
3680,2645,1384,2901,1640,787,65536,0,0,0,False,False
3681,1161,1082,1417,1338,787,65536,0,0,0,False,False
3682,1625,2002,1881,2258,787,60266,0,5270,0,False,True
3683,1230,1006,1486,1262,787,65536,0,0,0,False,False
3684,1918,1168,2174,1424,787,63112,0,2424,0,False,False
3685,2923,2302,3179,2558,787,65536,0,0,0,False,True
3686,1790,968,2046,1224,787,65536,0,0,0,False,False
3687,1123,2080,1379,2336,787,65536,0,0,0,False,False
3688,3213,1925,3469,2181,787,65082,0,454,0,False,True
3689,2675,1220,2931,1476,787,65536,0,0,0,False,False
3690,1797,1571,2053,1827,788,61995,3541,0,0,True,False
3691,1265,1469,1521,1725,788,65536,0,0,0,False,False
3692,3393,1907,3649,2163,788,63122,0,2414,0,False,False
3693,3535,1167,3791,1423,788,65536,0,0,0,False,False
3694,3750,1174,4006,1430,788,65536,0,0,0,False,False
3695,3718,2257,3974,2513,788,65536,0,0,0,False,False
3696,1510,2036,1766,2292,788,65536,0,0,0,False,False
3697,2670,2353,2926,2609,788,65536,0,0,0,False,False
3698,3226,1111,3482,1367,788,65536,0,0,0,False,False
3699,3380,2501,3636,2757,788,65536,0,0,0,False,False
3700,1188,1142,1444,1398,788,65536,0,0,0,False,False
3701,2660,1174,2916,1430,788,65536,0,0,0,False,False
3702,3371,1679,3627,1935,788,65536,0,0,0,False,False
3703,2498,1736,2754,1992,788,62444,3092,0,0,True,False
3704,3101,2105,3357,2361,788,65536,0,0,0,False,False
3705,1639,1231,1895,1487,788,65536,0,0,0,False,False
3706,2647,1139,2903,1395,788,65536,0,0,0,False,False
3707,3479,1529,3735,1785,788,65536,0,0,0,False,False
3708,3105,1581,3361,1837,788,65536,0,0,0,False,False
3709,2142,2051,2398,2307,788,65536,0,0,0,False,False
3710,3106,2109,3362,2365,788,65536,0,0,0,False,False
3711,3476,2150,3732,2406,788,62412,0,3124,0,False,True
3712,1311,2053,1567,2309,788,65536,0,0,0,False,False
3713,2038,2130,2294,2386,788,65536,0,0,0,False,False
3714,2153,1553,2409,1809,788,65536,0,0,0,False,False
3715,1855,2063,2111,2319,788,65536,0,0,0,False,False
3716,1292,1529,1548,1785,788,65536,0,0,0,False,False
3717,1159,1015,1415,1271,788,65536,0,0,0,False,False
3718,3140,1353,3396,1609,788,65536,0,0,0,False,False
3719,1691,1642,1947,1898,788,62020,3516,0,0,True,False
3720,3094,1439,3350,1695,790,65536,0,0,0,False,False
3721,3683,1189,3939,1445,790,65536,0,0,0,False,False
3722,2708,1513,2964,1769,790,65536,0,0,0,False,False
3723,3431,2393,3687,2649,790,65536,0,0,0,False,False
3724,1717,2358,1973,2614,790,65536,0,0,0,False,False
3725,1278,2048,1534,2304,790,65536,0,0,0,False,False
3726,3795,1434,4051,1690,790,65536,0,0,0,False,False
3727,1425,1608,1681,1864,790,65536,0,0,0,False,False
3728,2896,1402,3152,1658,790,65536,0,0,0,False,False
3729,2585,2505,2841,2761,790,65536,0,0,0,False,False
3730,1442,2396,1698,2652,790,65536,0,0,0,False,False
3731,3427,923,3683,1179,790,65536,0,0,0,False,True
3732,2138,1919,2394,2175,790,65536,0,0,0,False,False
3733,2770,876,3026,1132,790,65536,0,0,0,False,False
3734,1756,1573,2012,1829,790,65536,0,0,0,False,False
3735,3468,1111,3724,1367,790,65536,0,0,0,False,False
3736,3622,2523,3878,2779,790,65536,0,0,0,False,False
3737,3803,1459,4059,1715,790,65536,0,0,0,False,False
3738,3620,1676,3876,1932,790,65536,0,0,0,False,False
3739,2629,991,2885,1247,790,65536,0,0,0,False,False
3740,2969,2200,3225,2456,790,65536,0,0,0,False,False
3741,1763,1747,2019,2003,790,65536,0,0,0,False,False
3742,1606,2086,1862,2342,790,65536,0,0,0,False,False
3743,3379,1470,3635,1726,790,65536,0,0,0,False,False
3744,3275,1866,3531,2122,790,65536,0,0,0,False,False
3745,3869,1638,4125,1894,790,65536,0,0,0,False,False
3746,3963,2240,4219,2496,790,65536,0,0,0,False,False
3747,3562,2170,3818,2426,790,65536,0,0,0,False,False
3748,2001,977,2257,1233,790,65536,0,0,0,False,False
3749,1756,1977,2012,2233,790,65536,0,0,0,False,False
3750,2540,1970,2796,2226,791,65536,0,0,0,False,False
3751,2466,1354,2722,1610,791,65536,0,0,0,False,False
3752,1403,1565,1659,1821,791,65536,0,0,0,False,False
3753,3216,2527,3472,2783,791,65536,0,0,0,False,False
3754,3947,2129,4203,2385,791,65536,0,0,0,False,False
3755,2047,1550,2303,1806,791,65536,0,0,0,False,False
3756,2863,2495,3119,2751,791,65536,0,0,0,False,False
3757,1752,2469,2008,2725,791,65536,0,0,0,False,False
3758,2558,1334,2814,1590,791,65536,0,0,0,False,True
3759,3503,1531,3759,1787,791,65074,0,462,0,False,True
3760,1218,1027,1474,1283,791,65536,0,0,0,False,False
3761,2313,1197,2569,1453,791,65536,0,0,0,False,False
3762,1148,1595,1404,1851,791,65536,0,0,0,False,False
3763,2270,2482,2526,2738,791,65536,0,0,0,False,False
3764,1538,1762,1794,2018,791,65536,0,0,0,False,False
3765,3241,2422,3497,2678,791,65536,0,0,0,False,False
3766,2243,1818,2499,2074,791,65536,0,0,0,False,False
3767,3185,1335,3441,1591,791,65536,0,0,0,False,False
3768,2175,2010,2431,2266,791,62228,3308,0,0,True,False
3769,2039,2043,2295,2299,791,62288,3248,0,0,True,False
3770,1448,1757,1704,2013,791,65536,0,0,0,False,False
3771,2103,1720,2359,1976,791,65536,0,0,0,False,False
3772,3816,1974,4072,2230,791,65536,0,0,0,False,False
3773,1844,885,2100,1141,791,65536,0,0,0,False,False
3774,3590,1164,3846,1420,791,65536,0,0,0,False,False
3775,1226,2434,1482,2690,791,65536,0,0,0,False,False
3776,3683,1503,3939,1759,791,65536,0,0,0,False,False
3777,3550,2029,3806,2285,791,65536,0,0,0,False,False
3778,2271,2273,2527,2529,791,65536,0,0,0,False,False
3779,3520,2379,3776,2635,791,65536,0,0,0,False,False
3780,3690,1217,3946,1473,792,65536,0,0,0,False,False
3781,1133,1232,1389,1488,792,65536,0,0,0,False,False
3782,3531,1273,3787,1529,792,65536,0,0,0,False,False
3783,2661,1242,2917,1498,792,64968,568,0,0,True,False
3784,1279,937,1535,1193,792,65536,0,0,0,False,False
3785,1132,1989,1388,2245,792,65536,0,0,0,False,True
3786,2014,1320,2270,1576,792,64976,560,0,0,True,False
3787,1313,1298,1569,1554,792,65536,0,0,0,False,True
3788,1613,905,1869,1161,792,65536,0,0,0,False,False
3789,3204,1911,3460,2167,792,65536,0,0,0,False,False
3790,2617,1603,2873,1859,792,65536,0,0,0,False,False
3791,2789,1292,3045,1548,792,64230,1306,0,0,True,False
3792,1854,2302,2110,2558,792,65536,0,0,0,False,False
3793,3592,1782,3848,2038,792,65536,0,0,0,False,False
3794,3788,2099,4044,2355,792,65536,0,0,0,False,False
3795,1934,1580,2190,1836,792,65536,0,0,0,False,False
3796,2771,1386,3027,1642,792,64304,1232,0,0,True,False
3797,2407,1535,2663,1791,792,65536,0,0,0,False,False
3798,2960,2348,3216,2604,792,65536,0,0,0,False,False
3799,3467,2019,3723,2275,792,65536,0,0,0,False,False
3800,3960,2503,4216,2759,792,65536,0,0,0,False,False
3801,1443,1549,1699,1805,792,65536,0,0,0,False,False
3802,3712,2499,3968,2755,792,65536,0,0,0,False,False
3803,1683,960,1939,1216,792,65536,0,0,0,False,False
3804,1661,2121,1917,2377,792,65536,0,0,0,False,False
3805,2475,2297,2731,2553,792,65536,0,0,0,False,False
3806,2582,1758,2838,2014,792,65536,0,0,0,False,False
3807,2788,1757,3044,2013,792,65536,0,0,0,False,False
3808,2689,1273,2945,1529,792,64280,1256,0,0,True,False
3809,1739,2150,1995,2406,792,65536,0,0,0,False,False
3810,2516,1565,2772,1821,818,65536,0,0,0,False,False
3811,2086,1226,2342,1482,818,65536,0,0,0,False,False
3812,1585,1601,1841,1857,818,65536,0,0,0,False,False
3813,2184,1655,2440,1911,818,65536,0,0,0,False,False
3814,2864,2259,3120,2515,818,65536,0,0,0,False,False
3815,1953,1088,2209,1344,818,65536,0,0,0,False,False
3816,3203,2113,3459,2369,818,65536,0,0,0,False,False
3817,2995,2317,3251,2573,818,65536,0,0,0,False,False
3818,2289,1370,2545,1626,818,65536,0,0,0,False,False
3819,2862,2320,3118,2576,818,65536,0,0,0,False,False
3820,3748,1655,4004,1911,818,65536,0,0,0,False,False
3821,3498,857,3754,1113,818,65536,0,0,0,False,False
3822,1152,1066,1408,1322,818,65536,0,0,0,False,False
3823,2815,1958,3071,2214,818,65536,0,0,0,False,False
3824,3515,2006,3771,2262,818,65536,0,0,0,False,False
3825,3209,1379,3465,1635,818,65536,0,0,0,False,False
3826,3683,1495,3939,1751,818,65536,0,0,0,False,False
3827,1909,1777,2165,2033,818,65536,0,0,0,False,False
3828,2723,917,2979,1173,818,65536,0,0,0,False,False
3829,3240,1849,3496,2105,818,65536,0,0,0,False,False
3830,3529,2118,3785,2374,818,65536,0,0,0,False,False
3831,2079,857,2335,1113,818,65536,0,0,0,False,False
3832,3668,2302,3924,2558,818,65536,0,0,0,False,False
3833,3096,2482,3352,2738,818,65536,0,0,0,False,False
3834,3329,1488,3585,1744,818,65536,0,0,0,False,False
3835,3207,917,3463,1173,818,65536,0,0,0,False,False
3836,1204,1710,1460,1966,818,65536,0,0,0,False,False
3837,2326,2429,2582,2685,818,65536,0,0,0,False,False
3838,2924,2123,3180,2379,818,65536,0,0,0,False,False
3839,3833,2326,4089,2582,818,65536,0,0,0,False,False
3840,1320,1545,1576,1801,819,65536,0,0,0,False,False
3841,3809,1858,4065,2114,819,65536,0,0,0,False,False
3842,3099,1103,3355,1359,819,65536,0,0,0,False,True
3843,2544,1133,2800,1389,819,65536,0,0,0,False,False
3844,2036,1529,2292,1785,819,65536,0,0,0,False,False
3845,1773,1885,2029,2141,819,65536,0,0,0,False,False
3846,3823,1773,4079,2029,819,65536,0,0,0,False,False
3847,1689,1337,1945,1593,819,65536,0,0,0,False,False
3848,1424,914,1680,1170,819,65536,0,0,0,False,False
3849,2963,1156,3219,1412,819,65536,0,0,0,False,False
3850,2858,1830,3114,2086,819,65136,400,0,0,True,False
3851,3343,1500,3599,1756,819,63120,2416,0,0,True,False
3852,3365,931,3621,1187,819,65536,0,0,0,False,False
3853,1795,1395,2051,1651,819,65536,0,0,0,False,False
3854,1623,2219,1879,2475,819,65536,0,0,0,False,False
3855,1818,2409,2074,2665,819,65536,0,0,0,False,False
3856,3062,2051,3318,2307,819,65536,0,0,0,False,False
3857,2626,2357,2882,2613,819,65536,0,0,0,False,False
3858,3787,936,4043,1192,819,65536,0,0,0,False,False
3859,2644,1803,2900,2059,819,63104,2432,0,0,True,False
3860,2726,1252,2982,1508,819,65536,0,0,0,False,False
3861,2528,1404,2784,1660,819,65536,0,0,0,False,True
3862,2337,1571,2593,1827,819,65536,0,0,0,False,False
3863,1667,1867,1923,2123,819,65536,0,0,0,False,False
3864,3846,1744,4102,2000,819,65536,0,0,0,False,False
3865,2725,2492,2981,2748,819,65536,0,0,0,False,False
3866,2618,1362,2874,1618,819,65536,0,0,0,False,False
3867,1677,899,1933,1155,819,65536,0,0,0,False,False
3868,1528,999,1784,1255,819,65536,0,0,0,False,False
3869,3587,2191,3843,2447,819,65536,0,0,0,False,False
3870,2952,1774,3208,2030,836,65536,0,0,0,False,False
3871,1387,2363,1643,2619,836,65536,0,0,0,False,False
3872,1598,1969,1854,2225,836,65536,0,0,0,False,False
3873,1962,1253,2218,1509,836,65536,0,0,0,False,True
3874,2429,1251,2685,1507,836,65536,0,0,0,False,False
3875,2952,1811,3208,2067,836,65536,0,0,0,False,False
3876,3370,893,3626,1149,836,65536,0,0,0,False,True
3877,1395,1141,1651,1397,836,65536,0,0,0,False,False
3878,3294,2460,3550,2716,836,65536,0,0,0,False,False
3879,2334,994,2590,1250,836,65536,0,0,0,False,False
3880,1765,911,2021,1167,836,65536,0,0,0,False,False
3881,2869,1878,3125,2134,836,65536,0,0,0,False,False
3882,2937,1253,3193,1509,836,65536,0,0,0,False,False
3883,3628,1257,3884,1513,836,65536,0,0,0,False,False
3884,3464,1870,3720,2126,836,65536,0,0,0,False,False
3885,2764,2254,3020,2510,836,65536,0,0,0,False,False
3886,3758,2474,4014,2730,836,65536,0,0,0,False,False
3887,1176,1557,1432,1813,836,65536,0,0,0,False,False
3888,1797,1456,2053,1712,836,65536,0,0,0,False,True
3889,1493,2515,1749,2771,836,65536,0,0,0,False,False
3890,2479,1658,2735,1914,836,65536,0,0,0,False,False
3891,1475,2060,1731,2316,836,65536,0,0,0,False,False
3892,2976,973,3232,1229,836,65536,0,0,0,False,False
3893,2551,1339,2807,1595,836,65536,0,0,0,False,False
3894,3922,1450,4178,1706,836,65536,0,0,0,False,False
3895,1407,2057,1663,2313,836,65536,0,0,0,False,False
3896,3199,1725,3455,1981,836,65536,0,0,0,False,False
3897,2295,1262,2551,1518,836,65536,0,0,0,False,False
3898,3153,1444,3409,1700,836,65536,0,0,0,False,False
3899,3455,2070,3711,2326,836,65536,0,0,0,False,False
3900,2752,2081,3008,2337,855,65536,0,0,0,False,False
3901,3892,1495,4148,1751,855,65536,0,0,0,False,False
3902,1766,1019,2022,1275,855,64020,0,1516,0,False,True
3903,3093,951,3349,1207,855,65536,0,0,0,False,False
3904,1942,1924,2198,2180,855,65536,0,0,0,False,False
3905,1750,1777,2006,2033,855,65536,0,0,0,False,False
3906,2182,1600,2438,1856,855,65536,0,0,0,False,False
3907,2377,2142,2633,2398,855,65536,0,0,0,False,False
3908,3761,2040,4017,2296,855,65536,0,0,0,False,False
3909,1688,2441,1944,2697,855,65536,0,0,0,False,False
3910,1799,2100,2055,2356,855,65536,0,0,0,False,False
3911,1359,1628,1615,1884,855,63230,0,2306,0,False,True
3912,2649,1717,2905,1973,855,65536,0,0,0,False,False
3913,2393,1599,2649,1855,855,65334,0,202,0,False,False
3914,1842,1453,2098,1709,855,65536,0,0,0,False,False
3915,2758,1049,3014,1305,855,63866,0,1670,0,False,True
3916,1268,2137,1524,2393,855,65536,0,0,0,False,False
3917,1236,1752,1492,2008,855,65536,0,0,0,False,False
3918,3096,1941,3352,2197,855,65536,0,0,0,False,False
3919,3869,1684,4125,1940,855,65536,0,0,0,False,False
3920,2139,1924,2395,2180,855,65536,0,0,0,False,False
3921,2571,2002,2827,2258,855,65536,0,0,0,False,False
3922,3260,1344,3516,1600,855,65536,0,0,0,False,False
3923,2296,1883,2552,2139,855,65536,0,0,0,False,False
3924,3295,895,3551,1151,855,65536,0,0,0,False,False
3925,1353,1751,1609,2007,855,64554,0,982,0,False,True
3926,3751,1379,4007,1635,855,65536,0,0,0,False,False
3927,2692,874,2948,1130,855,65536,0,0,0,False,False
3928,1423,877,1679,1133,855,65536,0,0,0,False,False
3929,3272,1865,3528,2121,855,65536,0,0,0,False,False
3930,2278,1231,2534,1487,863,65536,0,0,0,False,False
3931,2612,2350,2868,2606,863,65536,0,0,0,False,False
3932,2995,1445,3251,1701,863,65536,0,0,0,False,False
3933,3354,2030,3610,2286,863,65536,0,0,0,False,False
3934,3503,2202,3759,2458,863,65536,0,0,0,False,False
3935,3851,1287,4107,1543,863,65536,0,0,0,False,False
3936,2643,2353,2899,2609,863,65536,0,0,0,False,False
3937,1785,1011,2041,1267,863,65536,0,0,0,False,False
3938,3892,914,4148,1170,863,65536,0,0,0,False,False
3939,3231,1607,3487,1863,863,65536,0,0,0,False,False
3940,2251,1486,2507,1742,863,65536,0,0,0,False,True
3941,2953,1595,3209,1851,863,65536,0,0,0,False,False
3942,1757,1217,2013,1473,863,65536,0,0,0,False,False
3943,1539,1584,1795,1840,863,65536,0,0,0,False,False
3944,3387,1013,3643,1269,863,65536,0,0,0,False,False
3945,3130,1255,3386,1511,863,65536,0,0,0,False,False
3946,1479,1126,1735,1382,863,65536,0,0,0,False,False
3947,1216,1105,1472,1361,863,65536,0,0,0,False,False
3948,2478,1529,2734,1785,863,63048,0,2488,0,False,True
3949,3366,1902,3622,2158,863,65536,0,0,0,False,False
3950,2468,2409,2724,2665,863,65536,0,0,0,False,False
3951,2306,1355,2562,1611,863,65536,0,0,0,False,False
3952,3217,2205,3473,2461,863,65536,0,0,0,False,False
3953,1566,1497,1822,1753,863,65536,0,0,0,False,False
3954,1192,1170,1448,1426,863,65536,0,0,0,False,False
3955,3408,1253,3664,1509,863,65536,0,0,0,False,False
3956,3813,2204,4069,2460,863,65536,0,0,0,False,False
3957,1974,2137,2230,2393,863,64212,0,1324,0,False,False
3958,3805,2235,4061,2491,863,65536,0,0,0,False,False
3959,1611,2296,1867,2552,863,64630,0,906,0,False,True
3960,2183,1034,2439,1290,880,65536,0,0,0,False,False
3961,3481,1269,3737,1525,880,65536,0,0,0,False,False
3962,3196,2256,3452,2512,880,65536,0,0,0,False,False
3963,2263,2004,2519,2260,880,65536,0,0,0,False,False
3964,2788,2076,3044,2332,880,65536,0,0,0,False,False
3965,2048,1678,2304,1934,880,65536,0,0,0,False,False
3966,2543,1065,2799,1321,880,64120,0,1416,0,False,True
3967,1550,2502,1806,2758,880,65536,0,0,0,False,False
3968,2804,1181,3060,1437,880,65536,0,0,0,False,False
3969,2749,1811,3005,2067,880,65536,0,0,0,False,False
3970,3255,1975,3511,2231,880,65536,0,0,0,False,False
3971,3426,1249,3682,1505,880,65536,0,0,0,False,False
3972,2337,1511,2593,1767,880,65536,0,0,0,False,False
3973,3852,1535,4108,1791,880,65536,0,0,0,False,False
3974,2707,1356,2963,1612,880,65536,0,0,0,False,False
3975,1526,1914,1782,2170,880,65536,0,0,0,False,False
3976,3364,1958,3620,2214,880,65536,0,0,0,False,False
3977,2400,2026,2656,2282,880,63332,0,2204,0,False,True
3978,2791,858,3047,1114,880,65536,0,0,0,False,False
3979,2912,1663,3168,1919,880,65536,0,0,0,False,False
3980,3168,2013,3424,2269,880,65536,0,0,0,False,False
3981,3062,1311,3318,1567,880,65536,0,0,0,False,False
3982,3784,2480,4040,2736,880,65536,0,0,0,False,False
3983,2138,2253,2394,2509,880,65536,0,0,0,False,False
3984,1781,1846,2037,2102,880,65536,0,0,0,False,False
3985,2780,1981,3036,2237,880,65536,0,0,0,False,False
3986,2193,946,2449,1202,880,65536,0,0,0,False,False
3987,3117,1325,3373,1581,880,65536,0,0,0,False,False
3988,1583,840,1839,1096,880,65536,0,0,0,False,False
3989,1741,2342,1997,2598,880,65536,0,0,0,False,False
3990,2009,1027,2265,1283,887,65536,0,0,0,False,False
3991,2915,979,3171,1235,887,65536,0,0,0,False,False
3992,2012,2083,2268,2339,887,65536,0,0,0,False,False
3993,3968,2378,4224,2634,887,65536,0,0,0,False,False
3994,2232,1704,2488,1960,887,65536,0,0,0,False,False
3995,2824,1611,3080,1867,887,65536,0,0,0,False,False
3996,3941,1897,4197,2153,887,65536,0,0,0,False,False
3997,2378,1787,2634,2043,887,65536,0,0,0,False,False
3998,2373,2065,2629,2321,887,65536,0,0,0,False,False
3999,3233,992,3489,1248,887,65536,0,0,0,False,False
4000,3348,2025,3604,2281,887,65536,0,0,0,False,False
4001,2738,1040,2994,1296,887,65536,0,0,0,False,False
4002,3490,1515,3746,1771,887,65536,0,0,0,False,False
4003,1995,1331,2251,1587,887,65536,0,0,0,False,False
4004,3164,2454,3420,2710,887,65536,0,0,0,False,False
4005,1966,1449,2222,1705,887,65536,0,0,0,False,False
4006,3865,2381,4121,2637,887,65536,0,0,0,False,False
4007,3988,1023,4244,1279,887,65536,0,0,0,False,False
4008,3346,2052,3602,2308,887,65536,0,0,0,False,False
4009,3773,1421,4029,1677,887,65536,0,0,0,False,False
4010,3075,1654,3331,1910,887,65536,0,0,0,False,False
4011,2959,1880,3215,2136,887,65536,0,0,0,False,False
4012,3147,2517,3403,2773,887,65536,0,0,0,False,False
4013,2227,1855,2483,2111,887,65536,0,0,0,False,False
4014,2119,2130,2375,2386,887,65536,0,0,0,False,False
4015,3041,1762,3297,2018,887,65536,0,0,0,False,False
4016,3060,1430,3316,1686,887,65536,0,0,0,False,False
4017,3512,2214,3768,2470,887,65536,0,0,0,False,False
4018,2134,1878,2390,2134,887,65536,0,0,0,False,False
4019,2445,2416,2701,2672,887,65536,0,0,0,False,False
4020,1170,1694,1426,1950,952,65536,0,0,0,False,False
4021,1192,1924,1448,2180,952,65536,0,0,0,False,False
4022,1130,2288,1386,2544,952,65536,0,0,0,False,False
4023,1822,1006,2078,1262,952,65536,0,0,0,False,True
4024,1732,1959,1988,2215,952,65536,0,0,0,False,False
4025,2581,2214,2837,2470,952,65536,0,0,0,False,False
4026,1855,2125,2111,2381,952,65536,0,0,0,False,False
4027,1934,2197,2190,2453,952,65536,0,0,0,False,False
4028,3879,2188,4135,2444,952,65536,0,0,0,False,False
4029,3292,2345,3548,2601,952,65536,0,0,0,False,False
4030,1725,930,1981,1186,952,65536,0,0,0,False,False
4031,2256,1208,2512,1464,952,65536,0,0,0,False,False
4032,1609,958,1865,1214,952,65536,0,0,0,False,False
4033,1230,1448,1486,1704,952,65536,0,0,0,False,False
4034,1582,1114,1838,1370,952,65536,0,0,0,False,False
4035,2014,1288,2270,1544,952,65536,0,0,0,False,False
4036,2434,2056,2690,2312,952,65536,0,0,0,False,False
4037,2855,1320,3111,1576,952,65536,0,0,0,False,False
4038,3020,1940,3276,2196,952,65536,0,0,0,False,False
4039,1526,1980,1782,2236,952,65536,0,0,0,False,False
4040,1446,923,1702,1179,952,65536,0,0,0,False,False
4041,3069,2243,3325,2499,952,65536,0,0,0,False,False
4042,3058,1412,3314,1668,952,64133,0,1403,0,False,True
4043,1456,1448,1712,1704,952,65536,0,0,0,False,False
4044,3837,1048,4093,1304,952,65536,0,0,0,False,False
4045,3429,1055,3685,1311,952,65536,0,0,0,False,False
4046,1774,2219,2030,2475,952,65536,0,0,0,False,False
4047,1865,2517,2121,2773,952,65536,0,0,0,False,False
4048,1432,2361,1688,2617,952,65536,0,0,0,False,False
4049,2498,2380,2754,2636,952,65536,0,0,0,False,False
4050,2284,1071,2540,1327,954,65536,0,0,0,False,False
4051,3029,1500,3285,1756,954,65536,0,0,0,False,False
4052,3757,851,4013,1107,954,65536,0,0,0,False,False
4053,1421,930,1677,1186,954,65536,0,0,0,False,False
4054,2720,995,2976,1251,954,65536,0,0,0,False,False
4055,1602,1892,1858,2148,954,65536,0,0,0,False,False
4056,2435,1686,2691,1942,954,65536,0,0,0,False,False
4057,1617,1036,1873,1292,954,65536,0,0,0,False,False
4058,3174,1637,3430,1893,954,65536,0,0,0,False,False
4059,3717,1444,3973,1700,954,65536,0,0,0,False,False
4060,1173,2310,1429,2566,954,65536,0,0,0,False,False
4061,2853,1761,3109,2017,954,65536,0,0,0,False,False
4062,1395,1372,1651,1628,954,65536,0,0,0,False,False
4063,1653,940,1909,1196,954,65536,0,0,0,False,False
4064,1646,881,1902,1137,954,65536,0,0,0,False,False
4065,1387,2516,1643,2772,954,65536,0,0,0,False,False
4066,2428,1269,2684,1525,954,65536,0,0,0,False,False
4067,2300,1237,2556,1493,954,65536,0,0,0,False,False
4068,2954,997,3210,1253,954,65536,0,0,0,False,False
4069,1638,2274,1894,2530,954,64338,0,1198,0,False,True
4070,2923,1033,3179,1289,954,65536,0,0,0,False,False
4071,3016,1304,3272,1560,954,65536,0,0,0,False,False
4072,3976,2240,4232,2496,954,65536,0,0,0,False,False
4073,1255,995,1511,1251,954,65536,0,0,0,False,False
4074,3929,1611,4185,1867,954,65536,0,0,0,False,False
4075,2283,1931,2539,2187,954,65536,0,0,0,False,False
4076,2535,1521,2791,1777,954,65536,0,0,0,False,False
4077,3785,2379,4041,2635,954,65536,0,0,0,False,False
4078,1975,1418,2231,1674,954,65536,0,0,0,False,False
4079,2195,1592,2451,1848,954,65536,0,0,0,False,False
4080,3512,1775,3768,2031,977,65536,0,0,0,False,False
4081,3172,2094,3428,2350,977,65536,0,0,0,False,False
4082,1168,1126,1424,1382,977,65536,0,0,0,False,False
4083,3902,2194,4158,2450,977,65536,0,0,0,False,False
4084,3793,2397,4049,2653,977,65536,0,0,0,False,False
4085,2027,1758,2283,2014,977,65536,0,0,0,False,False
4086,1432,2483,1688,2739,977,65536,0,0,0,False,False
4087,2894,2440,3150,2696,977,65536,0,0,0,False,False
4088,3950,1823,4206,2079,977,65536,0,0,0,False,False
4089,3362,1057,3618,1313,977,65536,0,0,0,False,False
4090,1876,1865,2132,2121,977,63848,0,1688,0,False,True
4091,1783,2217,2039,2473,977,65156,0,380,0,False,True
4092,3688,957,3944,1213,977,65536,0,0,0,False,False
4093,2907,1664,3163,1920,977,65536,0,0,0,False,False
4094,3799,1957,4055,2213,977,65536,0,0,0,False,False
4095,1697,1570,1953,1826,977,65536,0,0,0,False,False
4096,1441,2062,1697,2318,977,61484,0,4052,0,False,True
4097,2734,1364,2990,1620,977,65536,0,0,0,False,False
4098,1685,2354,1941,2610,977,65052,0,484,0,False,True
4099,3836,1121,4092,1377,977,65536,0,0,0,False,False
4100,1573,1003,1829,1259,977,65536,0,0,0,False,False
4101,1950,2142,2206,2398,977,62444,0,3092,0,False,False
4102,2208,1184,2464,1440,977,65536,0,0,0,False,False
4103,3239,2303,3495,2559,977,65536,0,0,0,False,False
4104,2994,969,3250,1225,977,65536,0,0,0,False,False
4105,2076,1417,2332,1673,977,65536,0,0,0,False,False
4106,3344,1186,3600,1442,977,65536,0,0,0,False,False
4107,2809,2469,3065,2725,977,65536,0,0,0,False,False
4108,1865,998,2121,1254,977,65536,0,0,0,False,False
4109,3345,893,3601,1149,977,65536,0,0,0,False,False
4110,2567,2382,2823,2638,1009,65536,0,0,0,False,False
4111,3593,1014,3849,1270,1009,65536,0,0,0,False,False
4112,1665,2289,1921,2545,1009,65536,0,0,0,False,False
4113,2249,2260,2505,2516,1009,65536,0,0,0,False,False
4114,2983,1910,3239,2166,1009,65536,0,0,0,False,False
4115,2109,2116,2365,2372,1009,65536,0,0,0,False,False
4116,3818,2298,4074,2554,1009,65536,0,0,0,False,False
4117,3318,1763,3574,2019,1009,65536,0,0,0,False,False
4118,1174,1838,1430,2094,1009,65536,0,0,0,False,False
4119,3169,1359,3425,1615,1009,65536,0,0,0,False,False
4120,2796,1786,3052,2042,1009,65536,0,0,0,False,False
4121,2691,1640,2947,1896,1009,65536,0,0,0,False,False
4122,3747,1648,4003,1904,1009,65536,0,0,0,False,False
4123,1400,1017,1656,1273,1009,65536,0,0,0,False,False
4124,2649,1943,2905,2199,1009,65536,0,0,0,False,False
4125,3978,1769,4234,2025,1009,65536,0,0,0,False,False
4126,1528,1613,1784,1869,1009,65536,0,0,0,False,False
4127,2427,2025,2683,2281,1009,65536,0,0,0,False,False
4128,3380,1007,3636,1263,1009,65536,0,0,0,False,False
4129,2344,2121,2600,2377,1009,65536,0,0,0,False,False
4130,3615,1896,3871,2152,1009,65536,0,0,0,False,False
4131,1445,1133,1701,1389,1009,65536,0,0,0,False,False
4132,2881,2346,3137,2602,1009,65536,0,0,0,False,False
4133,3475,1436,3731,1692,1009,65536,0,0,0,False,False
4134,2729,1934,2985,2190,1009,65536,0,0,0,False,False
4135,2452,862,2708,1118,1009,65536,0,0,0,False,False
4136,1305,1956,1561,2212,1009,65536,0,0,0,False,False
4137,3487,1799,3743,2055,1009,65536,0,0,0,False,False
4138,3596,1524,3852,1780,1009,65536,0,0,0,False,False
4139,3834,1917,4090,2173,1009,65536,0,0,0,False,False
4140,2697,1455,2953,1711,1031,65536,0,0,0,False,False
4141,2130,1773,2386,2029,1031,65536,0,0,0,False,False
4142,3107,1012,3363,1268,1031,65536,0,0,0,False,False
4143,2745,1011,3001,1267,1031,65536,0,0,0,False,False
4144,1754,1267,2010,1523,1031,65536,0,0,0,False,False
4145,3854,1448,4110,1704,1031,65536,0,0,0,False,False
4146,1594,860,1850,1116,1031,65536,0,0,0,False,False
4147,3190,1125,3446,1381,1031,65536,0,0,0,False,False
4148,1335,1416,1591,1672,1031,65536,0,0,0,False,False
4149,2128,2179,2384,2435,1031,65536,0,0,0,False,False
4150,3909,1124,4165,1380,1031,65536,0,0,0,False,False
4151,1168,1211,1424,1467,1031,65536,0,0,0,False,False
4152,3026,1660,3282,1916,1031,65536,0,0,0,False,False
4153,2440,1252,2696,1508,1031,65536,0,0,0,False,False
4154,2169,908,2425,1164,1031,65536,0,0,0,False,True
4155,3500,1610,3756,1866,1031,65536,0,0,0,False,False
4156,2191,1656,2447,1912,1031,65536,0,0,0,False,False
4157,2940,983,3196,1239,1031,65536,0,0,0,False,False
4158,1931,2354,2187,2610,1031,65536,0,0,0,False,False
4159,1971,1637,2227,1893,1031,65536,0,0,0,False,False
4160,2819,1856,3075,2112,1031,65536,0,0,0,False,False
4161,2839,1069,3095,1325,1031,65536,0,0,0,False,False
4162,2304,1225,2560,1481,1031,65536,0,0,0,False,False
4163,3995,2274,4251,2530,1031,65536,0,0,0,False,False
4164,1279,2379,1535,2635,1031,65536,0,0,0,False,False
4165,2632,2464,2888,2720,1031,65536,0,0,0,False,False
4166,2783,1607,3039,1863,1031,65536,0,0,0,False,False
4167,3201,2314,3457,2570,1031,65536,0,0,0,False,False
4168,2338,1241,2594,1497,1031,65536,0,0,0,False,False
4169,3232,2118,3488,2374,1031,65536,0,0,0,False,False
4170,3613,1978,3869,2234,1032,65536,0,0,0,False,False
4171,1495,1245,1751,1501,1032,65536,0,0,0,False,False
4172,1348,2075,1604,2331,1032,64942,594,0,0,True,False
4173,1264,2482,1520,2738,1032,65536,0,0,0,False,False
4174,3768,2512,4024,2768,1032,65536,0,0,0,False,False
4175,1388,1675,1644,1931,1032,65536,0,0,0,False,False
4176,3540,1599,3796,1855,1032,65536,0,0,0,False,False
4177,2559,2109,2815,2365,1032,64242,1294,0,0,True,False
4178,1161,2219,1417,2475,1032,65536,0,0,0,False,False
4179,2527,845,2783,1101,1032,65536,0,0,0,False,False
4180,2972,1953,3228,2209,1032,65536,0,0,0,False,False
4181,1482,2230,1738,2486,1032,64957,579,0,0,True,False
4182,1242,866,1498,1122,1032,65536,0,0,0,False,False
4183,3994,1332,4250,1588,1032,65536,0,0,0,False,False
4184,1807,1218,2063,1474,1032,65536,0,0,0,False,False
4185,3023,901,3279,1157,1032,65536,0,0,0,False,False
4186,2198,1570,2454,1826,1032,65536,0,0,0,False,False
4187,1613,1566,1869,1822,1032,65536,0,0,0,False,False
4188,1696,1562,1952,1818,1032,65536,0,0,0,False,False
4189,2363,2053,2619,2309,1032,64110,1426,0,0,True,False
4190,2423,1246,2679,1502,1032,65536,0,0,0,False,False
4191,3062,2422,3318,2678,1032,65536,0,0,0,False,False
4192,3908,2091,4164,2347,1032,65536,0,0,0,False,False
4193,1360,1748,1616,2004,1032,65536,0,0,0,False,False
4194,1340,1030,1596,1286,1032,65536,0,0,0,False,False
4195,1632,1724,1888,1980,1032,65536,0,0,0,False,False
4196,1755,1392,2011,1648,1032,65536,0,0,0,False,False
4197,2308,2491,2564,2747,1032,65536,0,0,0,False,False
4198,2707,1600,2963,1856,1032,65536,0,0,0,False,False
4199,2475,1088,2731,1344,1032,65536,0,0,0,False,False
4200,2090,1292,2346,1548,1033,65536,0,0,0,False,False
4201,3944,1697,4200,1953,1033,65536,0,0,0,False,False
4202,3002,1347,3258,1603,1033,65536,0,0,0,False,False
4203,3489,848,3745,1104,1033,65536,0,0,0,False,False
4204,1657,2158,1913,2414,1033,65536,0,0,0,False,False
4205,1501,2098,1757,2354,1033,65536,0,0,0,False,False
4206,1641,1509,1897,1765,1033,65536,0,0,0,False,False
4207,1344,2214,1600,2470,1033,65536,0,0,0,False,False
4208,1623,2252,1879,2508,1033,65536,0,0,0,False,False
4209,2070,901,2326,1157,1033,65536,0,0,0,False,False
4210,1555,842,1811,1098,1033,65536,0,0,0,False,False
4211,2998,1550,3254,1806,1033,65536,0,0,0,False,False
4212,3522,1951,3778,2207,1033,65536,0,0,0,False,False
4213,1214,1086,1470,1342,1033,65536,0,0,0,False,False
4214,3295,1592,3551,1848,1033,65536,0,0,0,False,False
4215,2240,920,2496,1176,1033,65536,0,0,0,False,False
4216,1529,2268,1785,2524,1033,65536,0,0,0,False,False
4217,3933,1398,4189,1654,1033,65536,0,0,0,False,False
4218,2286,1484,2542,1740,1033,65536,0,0,0,False,False
4219,2758,1702,3014,1958,1033,65536,0,0,0,False,False
4220,3164,938,3420,1194,1033,65536,0,0,0,False,False
4221,1589,1935,1845,2191,1033,65536,0,0,0,False,False
4222,1949,1421,2205,1677,1033,65536,0,0,0,False,False
4223,1121,1560,1377,1816,1033,65536,0,0,0,False,False
4224,2347,2507,2603,2763,1033,65536,0,0,0,False,False
4225,3729,1781,3985,2037,1033,65536,0,0,0,False,False
4226,2273,1879,2529,2135,1033,65536,0,0,0,False,False
4227,2646,2503,2902,2759,1033,65536,0,0,0,False,False
4228,3493,2512,3749,2768,1033,65536,0,0,0,False,False
4229,2909,956,3165,1212,1033,65536,0,0,0,False,False
4230,2724,915,2980,1171,1037,65536,0,0,0,False,False
4231,2363,2508,2619,2764,1037,65536,0,0,0,False,False
4232,3001,1856,3257,2112,1037,65536,0,0,0,False,False
4233,2625,2436,2881,2692,1037,65536,0,0,0,False,False
4234,2456,2474,2712,2730,1037,65536,0,0,0,False,False
4235,2732,1038,2988,1294,1037,65536,0,0,0,False,False
4236,2219,2210,2475,2466,1037,65536,0,0,0,False,False
4237,1233,1220,1489,1476,1037,65536,0,0,0,False,False
4238,1246,1467,1502,1723,1037,65536,0,0,0,False,False
4239,2554,1558,2810,1814,1037,65536,0,0,0,False,False
4240,2099,2528,2355,2784,1037,65536,0,0,0,False,False
4241,1739,1924,1995,2180,1037,65536,0,0,0,False,False
4242,1753,1183,2009,1439,1037,65536,0,0,0,False,False
4243,3188,1483,3444,1739,1037,65536,0,0,0,False,False
4244,1621,1931,1877,2187,1037,65536,0,0,0,False,False
4245,2296,1790,2552,2046,1037,65536,0,0,0,False,False
4246,3663,1168,3919,1424,1037,65536,0,0,0,False,False
4247,2665,2274,2921,2530,1037,65536,0,0,0,False,False
4248,1939,1527,2195,1783,1037,65536,0,0,0,False,False
4249,2963,846,3219,1102,1037,65536,0,0,0,False,False
4250,2301,1505,2557,1761,1037,65536,0,0,0,False,False
4251,1490,2105,1746,2361,1037,65536,0,0,0,False,False
4252,1455,1110,1711,1366,1037,65536,0,0,0,False,False
4253,3992,2264,4248,2520,1037,65536,0,0,0,False,False
4254,2789,2345,3045,2601,1037,65536,0,0,0,False,False
4255,2796,1775,3052,2031,1037,65536,0,0,0,False,False
4256,2605,1320,2861,1576,1037,65536,0,0,0,False,False
4257,3241,961,3497,1217,1037,65536,0,0,0,False,False
4258,2365,1082,2621,1338,1037,65536,0,0,0,False,False
4259,3904,2062,4160,2318,1037,65536,0,0,0,False,False
4260,1477,2381,1733,2637,1039,65536,0,0,0,False,False
4261,1916,1302,2172,1558,1039,65536,0,0,0,False,False
4262,2115,1544,2371,1800,1039,65536,0,0,0,False,False
4263,1148,1482,1404,1738,1039,65536,0,0,0,False,False
4264,2141,1644,2397,1900,1039,65536,0,0,0,False,False
4265,2991,1244,3247,1500,1039,65536,0,0,0,False,False
4266,2644,1614,2900,1870,1039,65536,0,0,0,False,False
4267,2644,2118,2900,2374,1039,65536,0,0,0,False,False
4268,1596,2019,1852,2275,1039,65536,0,0,0,False,False
4269,1406,2208,1662,2464,1039,65536,0,0,0,False,False
4270,1742,1987,1998,2243,1039,65536,0,0,0,False,False
4271,3988,2502,4244,2758,1039,65536,0,0,0,False,False
4272,1785,1091,2041,1347,1039,65536,0,0,0,False,False
4273,2541,2209,2797,2465,1039,65536,0,0,0,False,False
4274,2942,2104,3198,2360,1039,65536,0,0,0,False,False
4275,3956,947,4212,1203,1039,65536,0,0,0,False,False
4276,2734,2391,2990,2647,1039,65536,0,0,0,False,False
4277,1885,2504,2141,2760,1039,65536,0,0,0,False,False
4278,3010,2344,3266,2600,1039,65536,0,0,0,False,False
4279,1744,2115,2000,2371,1039,65536,0,0,0,False,False
4280,2935,1577,3191,1833,1039,65536,0,0,0,False,False
4281,2710,1148,2966,1404,1039,65536,0,0,0,False,False
4282,1324,1514,1580,1770,1039,65536,0,0,0,False,False
4283,1810,1715,2066,1971,1039,65536,0,0,0,False,False
4284,1453,1203,1709,1459,1039,65536,0,0,0,False,False
4285,3192,928,3448,1184,1039,65536,0,0,0,False,False
4286,1429,1594,1685,1850,1039,65536,0,0,0,False,False
4287,2626,2323,2882,2579,1039,65536,0,0,0,False,False
4288,2721,1715,2977,1971,1039,65536,0,0,0,False,False
4289,3341,835,3597,1091,1039,65536,0,0,0,False,False
4290,2642,1635,2898,1891,1089,65536,0,0,0,False,False
4291,2915,2145,3171,2401,1089,65536,0,0,0,False,False
4292,1348,2065,1604,2321,1089,65536,0,0,0,False,False
4293,3293,1880,3549,2136,1089,65536,0,0,0,False,False
4294,3323,1435,3579,1691,1089,65536,0,0,0,False,False
4295,1275,1585,1531,1841,1089,65536,0,0,0,False,False
4296,3107,1440,3363,1696,1089,65536,0,0,0,False,False
4297,3300,893,3556,1149,1089,65536,0,0,0,False,False
4298,3949,1463,4205,1719,1089,65536,0,0,0,False,False
4299,3015,926,3271,1182,1089,65536,0,0,0,False,False
4300,2901,1249,3157,1505,1089,65536,0,0,0,False,False
4301,2051,1374,2307,1630,1089,65536,0,0,0,False,False
4302,2798,1104,3054,1360,1089,65536,0,0,0,False,False
4303,1917,870,2173,1126,1089,65536,0,0,0,False,True
4304,3444,1772,3700,2028,1089,65536,0,0,0,False,False
4305,3532,2404,3788,2660,1089,65536,0,0,0,False,False
4306,3317,2476,3573,2732,1089,65536,0,0,0,False,False
4307,3991,2221,4247,2477,1089,65536,0,0,0,False,False
4308,2582,1478,2838,1734,1089,65536,0,0,0,False,False
4309,2881,1925,3137,2181,1089,65536,0,0,0,False,False
4310,2318,1772,2574,2028,1089,65536,0,0,0,False,False
4311,2065,1529,2321,1785,1089,65536,0,0,0,False,False
4312,2891,1337,3147,1593,1089,65536,0,0,0,False,True
4313,3321,1362,3577,1618,1089,65536,0,0,0,False,False
4314,2796,1546,3052,1802,1089,65536,0,0,0,False,False
4315,3575,956,3831,1212,1089,65536,0,0,0,False,False
4316,3324,1091,3580,1347,1089,65536,0,0,0,False,False
4317,1304,2024,1560,2280,1089,65536,0,0,0,False,False
4318,3526,1514,3782,1770,1089,65536,0,0,0,False,False
4319,1458,1840,1714,2096,1089,65536,0,0,0,False,False
4320,2362,1910,2618,2166,1090,65536,0,0,0,False,False
4321,3742,998,3998,1254,1090,65536,0,0,0,False,False
4322,1353,1841,1609,2097,1090,65536,0,0,0,False,False
4323,3928,2220,4184,2476,1090,65536,0,0,0,False,False
4324,2270,1168,2526,1424,1090,64891,645,0,0,True,False
4325,1713,2470,1969,2726,1090,65536,0,0,0,False,False
4326,2619,1233,2875,1489,1090,65536,0,0,0,False,False
4327,3538,1295,3794,1551,1090,65536,0,0,0,False,False
4328,3444,1110,3700,1366,1090,65536,0,0,0,False,False
4329,1718,935,1974,1191,1090,64604,0,932,0,False,True
4330,1639,2477,1895,2733,1090,65536,0,0,0,False,False
4331,2550,2163,2806,2419,1090,65536,0,0,0,False,False
4332,2792,989,3048,1245,1090,65536,0,0,0,False,False
4333,1767,1687,2023,1943,1090,65536,0,0,0,False,False
4334,2220,1508,2476,1764,1090,65536,0,0,0,False,False
4335,2268,1108,2524,1364,1090,64910,626,0,0,True,False
4336,3427,1260,3683,1516,1090,65536,0,0,0,False,False
4337,1797,1455,2053,1711,1090,65536,0,0,0,False,False
4338,2020,1353,2276,1609,1090,65536,0,0,0,False,False
4339,3130,1092,3386,1348,1090,65536,0,0,0,False,False
4340,3834,1930,4090,2186,1090,65536,0,0,0,False,False
4341,3758,1705,4014,1961,1090,65536,0,0,0,False,False
4342,1577,2200,1833,2456,1090,65536,0,0,0,False,False
4343,3721,1771,3977,2027,1090,65536,0,0,0,False,False
4344,3280,1516,3536,1772,1090,65536,0,0,0,False,False
4345,3862,1325,4118,1581,1090,65536,0,0,0,False,False
4346,2289,2097,2545,2353,1090,65536,0,0,0,False,False
4347,3113,2209,3369,2465,1090,65536,0,0,0,False,False
4348,2909,1206,3165,1462,1090,65536,0,0,0,False,False
4349,3531,2035,3787,2291,1090,65536,0,0,0,False,False
4350,3096,2461,3352,2717,1091,65536,0,0,0,False,False
4351,3245,2225,3501,2481,1091,65536,0,0,0,False,False
4352,2914,1445,3170,1701,1091,65536,0,0,0,False,False
4353,1539,887,1795,1143,1091,65536,0,0,0,False,False
4354,3472,893,3728,1149,1091,65536,0,0,0,False,False
4355,2674,1021,2930,1277,1091,65536,0,0,0,False,False
4356,3325,2255,3581,2511,1091,65536,0,0,0,False,False
4357,2054,1853,2310,2109,1091,65536,0,0,0,False,False
4358,3294,1380,3550,1636,1091,65536,0,0,0,False,False
4359,1506,1026,1762,1282,1091,65536,0,0,0,False,False
4360,3070,984,3326,1240,1091,65536,0,0,0,False,False
4361,3217,2133,3473,2389,1091,65536,0,0,0,False,False
4362,2596,2080,2852,2336,1091,65478,58,0,0,True,False
4363,3250,2360,3506,2616,1091,65536,0,0,0,False,False
4364,1446,1169,1702,1425,1091,65536,0,0,0,False,False
4365,1660,1755,1916,2011,1091,65536,0,0,0,False,False
4366,3002,1120,3258,1376,1091,65536,0,0,0,False,False
4367,1259,1083,1515,1339,1091,65536,0,0,0,False,False
4368,3575,1889,3831,2145,1091,65536,0,0,0,False,False
4369,3074,2045,3330,2301,1091,64236,1300,0,0,True,False
4370,2657,1490,2913,1746,1091,65536,0,0,0,False,False
4371,3776,1094,4032,1350,1091,65536,0,0,0,False,False
4372,2788,1134,3044,1390,1091,65536,0,0,0,False,False
4373,2735,1333,2991,1589,1091,65536,0,0,0,False,False
4374,2340,1679,2596,1935,1091,65536,0,0,0,False,False
4375,2622,884,2878,1140,1091,65536,0,0,0,False,False
4376,2326,1230,2582,1486,1091,65536,0,0,0,False,False
4377,3187,873,3443,1129,1091,65536,0,0,0,False,False
4378,3137,1136,3393,1392,1091,65536,0,0,0,False,False
4379,3758,2252,4014,2508,1091,65536,0,0,0,False,False
4380,2472,1278,2728,1534,1092,65536,0,0,0,False,False
4381,2762,1102,3018,1358,1092,65536,0,0,0,False,False
4382,3655,1489,3911,1745,1092,65536,0,0,0,False,False
4383,1725,2078,1981,2334,1092,65536,0,0,0,False,False
4384,2732,989,2988,1245,1092,65536,0,0,0,False,False
4385,2171,2096,2427,2352,1092,65536,0,0,0,False,False
4386,2740,1889,2996,2145,1092,65536,0,0,0,False,False
4387,2827,1669,3083,1925,1092,65536,0,0,0,False,False
4388,2815,1335,3071,1591,1092,64058,1478,0,0,True,False
4389,2796,1105,3052,1361,1092,65536,0,0,0,False,False
4390,2958,2433,3214,2689,1092,65536,0,0,0,False,False
4391,1952,2200,2208,2456,1092,65536,0,0,0,False,False
4392,2142,903,2398,1159,1092,65536,0,0,0,False,False
4393,3647,1802,3903,2058,1092,65536,0,0,0,False,False
4394,2408,1540,2664,1796,1092,65384,152,0,0,True,False
4395,3916,1994,4172,2250,1092,65536,0,0,0,False,False
4396,3785,1468,4041,1724,1092,65536,0,0,0,False,False
4397,2166,922,2422,1178,1092,65536,0,0,0,False,False
4398,3323,2323,3579,2579,1092,64465,1071,0,0,True,False
4399,2189,2406,2445,2662,1092,65536,0,0,0,False,False
4400,3050,1414,3306,1670,1092,63946,1590,0,0,True,False
4401,2343,2163,2599,2419,1092,65536,0,0,0,False,False
4402,3850,2155,4106,2411,1092,65536,0,0,0,False,False
4403,2299,1760,2555,2016,1092,65536,0,0,0,False,False
4404,2905,2308,3161,2564,1092,65536,0,0,0,False,False
4405,1220,1676,1476,1932,1092,65536,0,0,0,False,False
4406,2660,1574,2916,1830,1092,63636,1900,0,0,True,False
4407,2676,1620,2932,1876,1092,64491,1045,0,0,True,False
4408,1542,1822,1798,2078,1092,65536,0,0,0,False,False
4409,3648,1093,3904,1349,1092,65265,271,0,0,True,False
4410,2194,836,2450,1092,1101,65536,0,0,0,False,False
4411,2697,1728,2953,1984,1101,65536,0,0,0,False,False
4412,3957,2479,4213,2735,1101,65536,0,0,0,False,False
4413,2609,2296,2865,2552,1101,65536,0,0,0,False,True
4414,1993,1279,2249,1535,1101,65536,0,0,0,False,False
4415,2459,1866,2715,2122,1101,65536,0,0,0,False,False
4416,1921,1690,2177,1946,1101,65536,0,0,0,False,False
4417,1656,1076,1912,1332,1101,65536,0,0,0,False,False
4418,1841,2176,2097,2432,1101,65536,0,0,0,False,False
4419,2441,1177,2697,1433,1101,65536,0,0,0,False,False
4420,2886,1452,3142,1708,1101,65536,0,0,0,False,False
4421,1736,1577,1992,1833,1101,65536,0,0,0,False,False
4422,2845,1628,3101,1884,1101,65536,0,0,0,False,False
4423,1352,1284,1608,1540,1101,65536,0,0,0,False,False
4424,3415,1502,3671,1758,1101,65536,0,0,0,False,False
4425,1501,1009,1757,1265,1101,65536,0,0,0,False,False
4426,1968,2175,2224,2431,1101,65536,0,0,0,False,False
4427,1834,949,2090,1205,1101,65536,0,0,0,False,False
4428,1916,2402,2172,2658,1101,65536,0,0,0,False,False
4429,3624,1387,3880,1643,1101,65536,0,0,0,False,False
4430,2791,2168,3047,2424,1101,65536,0,0,0,False,False
4431,3330,985,3586,1241,1101,65536,0,0,0,False,False
4432,4000,1139,4256,1395,1101,65536,0,0,0,False,False
4433,2314,878,2570,1134,1101,65536,0,0,0,False,False
4434,3353,1301,3609,1557,1101,65536,0,0,0,False,False
4435,1725,1455,1981,1711,1101,65536,0,0,0,False,False
4436,2289,1758,2545,2014,1101,65536,0,0,0,False,False
4437,2606,1687,2862,1943,1101,65536,0,0,0,False,False
4438,1642,2501,1898,2757,1101,65536,0,0,0,False,False
4439,2903,1095,3159,1351,1101,65536,0,0,0,False,False
4440,2587,2395,2843,2651,1102,65536,0,0,0,False,False
4441,1210,1365,1466,1621,1102,65536,0,0,0,False,False
4442,2409,1314,2665,1570,1102,65536,0,0,0,False,False
4443,3503,1857,3759,2113,1102,65536,0,0,0,False,False
4444,1639,1090,1895,1346,1102,63945,1591,0,0,True,False
4445,2341,1278,2597,1534,1102,65536,0,0,0,False,False
4446,1857,1853,2113,2109,1102,65536,0,0,0,False,False
4447,1837,2528,2093,2784,1102,65536,0,0,0,False,False
4448,1590,1570,1846,1826,1102,65536,0,0,0,False,False
4449,2611,1063,2867,1319,1102,65536,0,0,0,False,True
4450,1157,1144,1413,1400,1102,65536,0,0,0,False,False
4451,3138,2268,3394,2524,1102,65536,0,0,0,False,False
4452,3108,1611,3364,1867,1102,65536,0,0,0,False,True
4453,3366,1897,3622,2153,1102,65536,0,0,0,False,False
4454,3349,1487,3605,1743,1102,65536,0,0,0,False,False
4455,2345,1759,2601,2015,1102,65536,0,0,0,False,False
4456,3486,1031,3742,1287,1102,65536,0,0,0,False,False
4457,2504,1566,2760,1822,1102,65536,0,0,0,False,False
4458,2152,1070,2408,1326,1102,64268,1268,0,0,True,False
4459,1389,999,1645,1255,1102,65536,0,0,0,False,False
4460,2587,2393,2843,2649,1102,65536,0,0,0,False,False
4461,1587,1773,1843,2029,1102,65536,0,0,0,False,False
4462,1311,1297,1567,1553,1102,65536,0,0,0,False,False
4463,2314,1699,2570,1955,1102,65536,0,0,0,False,False
4464,2282,1402,2538,1658,1102,65536,0,0,0,False,False
4465,1180,2277,1436,2533,1102,65536,0,0,0,False,False
4466,2468,2324,2724,2580,1102,65536,0,0,0,False,False
4467,3992,1205,4248,1461,1102,65536,0,0,0,False,False
4468,2612,1723,2868,1979,1102,65536,0,0,0,False,False
4469,3355,2146,3611,2402,1102,65536,0,0,0,False,False
4470,3423,2065,3679,2321,1103,65536,0,0,0,False,False
4471,2189,1599,2445,1855,1103,65536,0,0,0,False,False
4472,3301,1215,3557,1471,1103,65536,0,0,0,False,False
4473,3380,1700,3636,1956,1103,65536,0,0,0,False,False
4474,2124,1666,2380,1922,1103,65536,0,0,0,False,False
4475,3486,1189,3742,1445,1103,65536,0,0,0,False,False
4476,2829,2455,3085,2711,1103,65536,0,0,0,False,False
4477,2058,2361,2314,2617,1103,65536,0,0,0,False,False
4478,3136,1885,3392,2141,1103,65536,0,0,0,False,False
4479,2345,1047,2601,1303,1103,65536,0,0,0,False,False
4480,1379,911,1635,1167,1103,65536,0,0,0,False,False
4481,2295,2094,2551,2350,1103,65536,0,0,0,False,False
4482,3948,1956,4204,2212,1103,65536,0,0,0,False,False
4483,2141,973,2397,1229,1103,65536,0,0,0,False,False
4484,1327,1996,1583,2252,1103,65536,0,0,0,False,False
4485,2667,1635,2923,1891,1103,65536,0,0,0,False,False
4486,2524,1673,2780,1929,1103,65536,0,0,0,False,False
4487,3734,1872,3990,2128,1103,65536,0,0,0,False,False
4488,2672,1262,2928,1518,1103,65536,0,0,0,False,False
4489,3339,2395,3595,2651,1103,65536,0,0,0,False,False
4490,3359,840,3615,1096,1103,65536,0,0,0,False,False
4491,3092,1596,3348,1852,1103,65536,0,0,0,False,False
4492,3031,1249,3287,1505,1103,65536,0,0,0,False,False
4493,1126,1378,1382,1634,1103,65536,0,0,0,False,False
4494,1785,1879,2041,2135,1103,65536,0,0,0,False,False
4495,2157,1358,2413,1614,1103,65536,0,0,0,False,False
4496,1944,2184,2200,2440,1103,65536,0,0,0,False,False
4497,2477,837,2733,1093,1103,65536,0,0,0,False,False
4498,1432,1943,1688,2199,1103,65536,0,0,0,False,True
4499,3074,924,3330,1180,1103,65536,0,0,0,False,False
4500,2098,1300,2354,1556,1198,65536,0,0,0,False,False
4501,1649,1704,1905,1960,1198,65536,0,0,0,False,False
4502,2113,1601,2369,1857,1198,65536,0,0,0,False,True
4503,3312,2353,3568,2609,1198,65536,0,0,0,False,False
4504,3240,2349,3496,2605,1198,65536,0,0,0,False,False
4505,1267,2183,1523,2439,1198,65536,0,0,0,False,False
4506,2567,1460,2823,1716,1198,65536,0,0,0,False,False
4507,2880,1040,3136,1296,1198,65536,0,0,0,False,False
4508,2631,1837,2887,2093,1198,65536,0,0,0,False,False
4509,1373,1057,1629,1313,1198,65536,0,0,0,False,False
4510,2842,947,3098,1203,1198,65536,0,0,0,False,False
4511,1163,2496,1419,2752,1198,65536,0,0,0,False,False
4512,3365,1830,3621,2086,1198,65536,0,0,0,False,False
4513,3717,1464,3973,1720,1198,65536,0,0,0,False,False
4514,1457,1185,1713,1441,1198,65536,0,0,0,False,False
4515,2416,2524,2672,2780,1198,65536,0,0,0,False,False
4516,3869,1252,4125,1508,1198,65536,0,0,0,False,False
4517,1456,1303,1712,1559,1198,65536,0,0,0,False,False
4518,1440,2307,1696,2563,1198,65536,0,0,0,False,False
4519,2211,2222,2467,2478,1198,65536,0,0,0,False,False
4520,3354,1649,3610,1905,1198,65536,0,0,0,False,False
4521,3289,1752,3545,2008,1198,65536,0,0,0,False,False
4522,1381,999,1637,1255,1198,65536,0,0,0,False,False
4523,3415,1148,3671,1404,1198,65536,0,0,0,False,False
4524,3737,1331,3993,1587,1198,65536,0,0,0,False,False
4525,1888,1288,2144,1544,1198,65536,0,0,0,False,False
4526,3398,2225,3654,2481,1198,65523,0,13,0,False,True
4527,2828,2436,3084,2692,1198,65536,0,0,0,False,False
4528,2581,2435,2837,2691,1198,65510,0,26,0,False,True
4529,2709,903,2965,1159,1198,65536,0,0,0,False,False
4530,2326,1302,2582,1558,1241,65536,0,0,0,False,False
4531,3090,1287,3346,1543,1241,65536,0,0,0,False,False
4532,3751,2277,4007,2533,1241,65536,0,0,0,False,False
4533,3016,1065,3272,1321,1241,65536,0,0,0,False,False
4534,2196,1233,2452,1489,1241,65536,0,0,0,False,False
4535,1926,2134,2182,2390,1241,65536,0,0,0,False,False
4536,2955,1046,3211,1302,1241,65536,0,0,0,False,False
4537,2579,1942,2835,2198,1241,65536,0,0,0,False,False
4538,2385,1375,2641,1631,1241,65536,0,0,0,False,False
4539,3131,2477,3387,2733,1241,65536,0,0,0,False,False
4540,1665,2081,1921,2337,1241,65536,0,0,0,False,False
4541,3764,2055,4020,2311,1241,65536,0,0,0,False,False
4542,3321,2144,3577,2400,1241,65536,0,0,0,False,False
4543,1551,1343,1807,1599,1241,65536,0,0,0,False,False
4544,2272,2435,2528,2691,1241,65536,0,0,0,False,False
4545,2210,2093,2466,2349,1241,65536,0,0,0,False,False
4546,3767,1356,4023,1612,1241,65536,0,0,0,False,False
4547,3425,1535,3681,1791,1241,65536,0,0,0,False,False
4548,2686,1330,2942,1586,1241,65536,0,0,0,False,False
4549,3257,2169,3513,2425,1241,65536,0,0,0,False,False
4550,3993,1422,4249,1678,1241,65536,0,0,0,False,False
4551,1246,1311,1502,1567,1241,65536,0,0,0,False,False
4552,3690,1542,3946,1798,1241,65536,0,0,0,False,False
4553,1281,1737,1537,1993,1241,65536,0,0,0,False,False
4554,2647,1926,2903,2182,1241,65536,0,0,0,False,False
4555,3417,2502,3673,2758,1241,65536,0,0,0,False,False
4556,2129,1698,2385,1954,1241,65536,0,0,0,False,True
4557,2739,1436,2995,1692,1241,65536,0,0,0,False,False
4558,1199,2095,1455,2351,1241,65536,0,0,0,False,False
4559,2968,2085,3224,2341,1241,65536,0,0,0,False,False
4560,2729,2105,2985,2361,1328,65536,0,0,0,False,False
4561,3894,2206,4150,2462,1328,65536,0,0,0,False,False
4562,3409,1201,3665,1457,1328,65536,0,0,0,False,False
4563,2408,1844,2664,2100,1328,65536,0,0,0,False,False
4564,2546,1435,2802,1691,1328,65536,0,0,0,False,False
4565,1952,1167,2208,1423,1328,65536,0,0,0,False,False
4566,2194,1530,2450,1786,1328,65536,0,0,0,False,False
4567,2523,1921,2779,2177,1328,65536,0,0,0,False,False
4568,1529,1136,1785,1392,1328,65536,0,0,0,False,False
4569,3668,2137,3924,2393,1328,65536,0,0,0,False,False
4570,2711,1631,2967,1887,1328,65536,0,0,0,False,False
4571,2920,2194,3176,2450,1328,65536,0,0,0,False,False
4572,2436,1726,2692,1982,1328,65536,0,0,0,False,False
4573,1628,2421,1884,2677,1328,65536,0,0,0,False,False
4574,1259,1131,1515,1387,1328,65536,0,0,0,False,False
4575,2117,2039,2373,2295,1328,65536,0,0,0,False,False
4576,3685,1259,3941,1515,1328,65536,0,0,0,False,False
4577,2202,1903,2458,2159,1328,65536,0,0,0,False,False
4578,3590,2436,3846,2692,1328,65536,0,0,0,False,False
4579,3820,2208,4076,2464,1328,65536,0,0,0,False,False
4580,3406,2018,3662,2274,1328,65536,0,0,0,False,False
4581,1851,1577,2107,1833,1328,65536,0,0,0,False,False
4582,2471,1225,2727,1481,1328,65536,0,0,0,False,False
4583,2411,2448,2667,2704,1328,65536,0,0,0,False,False
4584,3868,855,4124,1111,1328,65536,0,0,0,False,False
4585,2182,2523,2438,2779,1328,65536,0,0,0,False,False
4586,3225,1381,3481,1637,1328,65536,0,0,0,False,False
4587,3304,2147,3560,2403,1328,65536,0,0,0,False,False
4588,3525,1505,3781,1761,1328,65536,0,0,0,False,False
4589,2043,2101,2299,2357,1328,65536,0,0,0,False,False
4590,1448,942,1704,1198,1340,65536,0,0,0,False,False
4591,1416,1093,1672,1349,1340,65536,0,0,0,False,False
4592,3784,1355,4040,1611,1340,65536,0,0,0,False,False
4593,1263,1073,1519,1329,1340,65536,0,0,0,False,False
4594,1701,1270,1957,1526,1340,65536,0,0,0,False,False
4595,2329,1010,2585,1266,1340,65536,0,0,0,False,False
4596,2678,1017,2934,1273,1340,65536,0,0,0,False,False
4597,3162,1310,3418,1566,1340,65536,0,0,0,False,False
4598,3116,2213,3372,2469,1340,65536,0,0,0,False,False
4599,2578,840,2834,1096,1340,65536,0,0,0,False,False
4600,2162,2360,2418,2616,1340,65536,0,0,0,False,False
4601,1943,2240,2199,2496,1340,65536,0,0,0,False,False
4602,1123,1155,1379,1411,1340,65536,0,0,0,False,False
4603,3379,2066,3635,2322,1340,65536,0,0,0,False,False
4604,1952,2023,2208,2279,1340,65536,0,0,0,False,False
4605,3382,1844,3638,2100,1340,65536,0,0,0,False,False
4606,2583,2102,2839,2358,1340,65536,0,0,0,False,False
4607,2529,1088,2785,1344,1340,65536,0,0,0,False,False
4608,1471,2060,1727,2316,1340,65536,0,0,0,False,False
4609,2253,1735,2509,1991,1340,65536,0,0,0,False,True
4610,1543,2183,1799,2439,1340,65536,0,0,0,False,False
4611,1401,1518,1657,1774,1340,65536,0,0,0,False,False
4612,3899,2024,4155,2280,1340,65536,0,0,0,False,False
4613,1825,1423,2081,1679,1340,65536,0,0,0,False,False
4614,1589,1602,1845,1858,1340,65536,0,0,0,False,False
4615,2011,1923,2267,2179,1340,65536,0,0,0,False,False
4616,1162,1249,1418,1505,1340,65536,0,0,0,False,False
4617,1177,1995,1433,2251,1340,65536,0,0,0,False,False
4618,1387,1112,1643,1368,1340,65536,0,0,0,False,False
4619,3770,2009,4026,2265,1340,65536,0,0,0,False,False
4620,3968,1966,4224,2222,1341,65536,0,0,0,False,False
4621,1448,1236,1704,1492,1341,65536,0,0,0,False,False
4622,2564,2076,2820,2332,1341,65536,0,0,0,False,False
4623,1717,1817,1973,2073,1341,65536,0,0,0,False,False
4624,3363,2084,3619,2340,1341,65536,0,0,0,False,True
4625,3235,1694,3491,1950,1341,65536,0,0,0,False,False
4626,2968,1036,3224,1292,1341,65531,5,0,0,True,False
4627,3751,2455,4007,2711,1341,65536,0,0,0,False,False
4628,3181,2460,3437,2716,1341,65536,0,0,0,False,False
4629,1304,900,1560,1156,1341,65536,0,0,0,False,False
4630,2052,2043,2308,2299,1341,65536,0,0,0,False,False
4631,2002,1969,2258,2225,1341,65536,0,0,0,False,False
4632,1318,2481,1574,2737,1341,65536,0,0,0,False,False
4633,3471,989,3727,1245,1341,65536,0,0,0,False,False
4634,1800,1772,2056,2028,1341,65536,0,0,0,False,False
4635,3523,2472,3779,2728,1341,65536,0,0,0,False,False
4636,1846,1055,2102,1311,1341,65536,0,0,0,False,False
4637,1201,1872,1457,2128,1341,65536,0,0,0,False,False
4638,2670,1088,2926,1344,1341,61846,3690,0,0,True,False
4639,2547,1383,2803,1639,1341,65536,0,0,0,False,False
4640,3643,1841,3899,2097,1341,65536,0,0,0,False,False
4641,3710,1136,3966,1392,1341,65536,0,0,0,False,False
4642,1493,1532,1749,1788,1341,65536,0,0,0,False,False
4643,2561,1239,2817,1495,1341,65536,0,0,0,False,False
4644,2548,1132,2804,1388,1341,63262,2274,0,0,True,False
4645,2487,1120,2743,1376,1341,64148,1388,0,0,True,False
4646,2933,2259,3189,2515,1341,65536,0,0,0,False,False
4647,3763,2089,4019,2345,1341,65536,0,0,0,False,False
4648,3707,2462,3963,2718,1341,65536,0,0,0,False,False
4649,3830,2118,4086,2374,1341,65536,0,0,0,False,False
4650,1613,2449,1869,2705,1351,65536,0,0,0,False,False
4651,2025,1862,2281,2118,1351,65536,0,0,0,False,False
4652,1436,2508,1692,2764,1351,65536,0,0,0,False,False
4653,1796,1433,2052,1689,1351,65536,0,0,0,False,False
4654,3820,1506,4076,1762,1351,65536,0,0,0,False,False
4655,1419,2039,1675,2295,1351,65536,0,0,0,False,False
4656,1940,1749,2196,2005,1351,65536,0,0,0,False,False
4657,3006,923,3262,1179,1351,65536,0,0,0,False,False
4658,3794,1432,4050,1688,1351,65536,0,0,0,False,False
4659,3937,2098,4193,2354,1351,65536,0,0,0,False,False
4660,2487,1826,2743,2082,1351,65536,0,0,0,False,False
4661,1754,1159,2010,1415,1351,65536,0,0,0,False,False
4662,3056,1510,3312,1766,1351,65536,0,0,0,False,False
4663,1415,1594,1671,1850,1351,65536,0,0,0,False,False
4664,1515,1396,1771,1652,1351,65536,0,0,0,False,True
4665,3627,1896,3883,2152,1351,65536,0,0,0,False,False
4666,1183,2187,1439,2443,1351,65536,0,0,0,False,False
4667,3015,1569,3271,1825,1351,65536,0,0,0,False,False
4668,3539,2218,3795,2474,1351,65536,0,0,0,False,False
4669,2636,1731,2892,1987,1351,65536,0,0,0,False,False
4670,3182,1130,3438,1386,1351,65536,0,0,0,False,False
4671,3514,2279,3770,2535,1351,65536,0,0,0,False,False
4672,1303,1921,1559,2177,1351,65536,0,0,0,False,False
4673,2392,909,2648,1165,1351,65536,0,0,0,False,False
4674,3129,1255,3385,1511,1351,65536,0,0,0,False,True
4675,2641,2216,2897,2472,1351,65536,0,0,0,False,False
4676,1627,2374,1883,2630,1351,65536,0,0,0,False,False
4677,2838,1943,3094,2199,1351,65536,0,0,0,False,True
4678,3623,1137,3879,1393,1351,65536,0,0,0,False,False
4679,3453,1185,3709,1441,1351,65536,0,0,0,False,False
4680,1498,1861,1754,2117,1391,65536,0,0,0,False,False
4681,2036,1096,2292,1352,1391,65536,0,0,0,False,False
4682,2393,1099,2649,1355,1391,65536,0,0,0,False,False
4683,2378,1525,2634,1781,1391,65536,0,0,0,False,False
4684,2952,1083,3208,1339,1391,65536,0,0,0,False,False
4685,1659,2359,1915,2615,1391,65536,0,0,0,False,False
4686,2376,993,2632,1249,1391,65536,0,0,0,False,False
4687,1423,1699,1679,1955,1391,65536,0,0,0,False,False
4688,2397,1812,2653,2068,1391,65536,0,0,0,False,False
4689,1343,2519,1599,2775,1391,65536,0,0,0,False,False
4690,3752,2370,4008,2626,1391,65536,0,0,0,False,False
4691,2385,2519,2641,2775,1391,65536,0,0,0,False,False
4692,1293,2057,1549,2313,1391,65536,0,0,0,False,False
4693,2624,2428,2880,2684,1391,65536,0,0,0,False,False
4694,2843,2138,3099,2394,1391,65536,0,0,0,False,False
4695,3526,1973,3782,2229,1391,65536,0,0,0,False,False
4696,2406,1661,2662,1917,1391,65536,0,0,0,False,False
4697,1220,1924,1476,2180,1391,65536,0,0,0,False,False
4698,2698,1215,2954,1471,1391,65536,0,0,0,False,False
4699,2403,1016,2659,1272,1391,65536,0,0,0,False,False
4700,3084,1234,3340,1490,1391,65536,0,0,0,False,False
4701,1801,1623,2057,1879,1391,65536,0,0,0,False,False
4702,3931,2217,4187,2473,1391,65536,0,0,0,False,False
4703,2816,1157,3072,1413,1391,65536,0,0,0,False,False
4704,2810,1111,3066,1367,1391,65536,0,0,0,False,False
4705,3184,1114,3440,1370,1391,65536,0,0,0,False,False
4706,2604,1973,2860,2229,1391,65536,0,0,0,False,False
4707,3855,1428,4111,1684,1391,65536,0,0,0,False,False
4708,2386,1961,2642,2217,1391,65536,0,0,0,False,False
4709,1335,1839,1591,2095,1391,65536,0,0,0,False,False
4710,3069,1857,3325,2113,1393,65536,0,0,0,False,False
4711,1766,1324,2022,1580,1393,65536,0,0,0,False,False
4712,3356,1245,3612,1501,1393,65536,0,0,0,False,False
4713,2299,970,2555,1226,1393,65536,0,0,0,False,False
4714,1952,2043,2208,2299,1393,65536,0,0,0,False,False
4715,3305,1195,3561,1451,1393,65536,0,0,0,False,False
4716,2872,1124,3128,1380,1393,65536,0,0,0,False,False
4717,3997,1452,4253,1708,1393,65536,0,0,0,False,False
4718,1453,2145,1709,2401,1393,65536,0,0,0,False,False
4719,1434,1905,1690,2161,1393,65536,0,0,0,False,False
4720,3452,1871,3708,2127,1393,65536,0,0,0,False,False
4721,1457,1268,1713,1524,1393,65536,0,0,0,False,False
4722,2436,922,2692,1178,1393,65536,0,0,0,False,False
4723,3031,1315,3287,1571,1393,65536,0,0,0,False,False
4724,1768,2408,2024,2664,1393,65536,0,0,0,False,False
4725,1706,1759,1962,2015,1393,65536,0,0,0,False,False
4726,1429,1490,1685,1746,1393,65536,0,0,0,False,False
4727,2949,1150,3205,1406,1393,65536,0,0,0,False,False
4728,1369,2427,1625,2683,1393,65536,0,0,0,False,False
4729,3171,2288,3427,2544,1393,65536,0,0,0,False,False
4730,1981,1207,2237,1463,1393,65536,0,0,0,False,False
4731,1765,2226,2021,2482,1393,65536,0,0,0,False,False
4732,1339,1980,1595,2236,1393,65536,0,0,0,False,False
4733,2351,1806,2607,2062,1393,65536,0,0,0,False,False
4734,2961,1414,3217,1670,1393,65536,0,0,0,False,False
4735,1804,2195,2060,2451,1393,65536,0,0,0,False,False
4736,2012,1648,2268,1904,1393,65536,0,0,0,False,False
4737,1415,2437,1671,2693,1393,65536,0,0,0,False,False
4738,1515,1015,1771,1271,1393,65536,0,0,0,False,False
4739,2416,1678,2672,1934,1393,65536,0,0,0,False,False
4740,1738,2498,1994,2754,1394,65536,0,0,0,False,False
4741,1317,2360,1573,2616,1394,65536,0,0,0,False,False
4742,2073,1916,2329,2172,1394,65536,0,0,0,False,False
4743,3873,940,4129,1196,1394,65536,0,0,0,False,False
4744,3878,927,4134,1183,1394,65536,0,0,0,False,False
4745,2792,1943,3048,2199,1394,65536,0,0,0,False,False
4746,2304,1018,2560,1274,1394,65536,0,0,0,False,False
4747,3696,2121,3952,2377,1394,65536,0,0,0,False,False
4748,2092,1852,2348,2108,1394,65536,0,0,0,False,False
4749,2109,1307,2365,1563,1394,65536,0,0,0,False,False
4750,2622,1518,2878,1774,1394,65536,0,0,0,False,False
4751,3002,2196,3258,2452,1394,65536,0,0,0,False,False
4752,1691,1811,1947,2067,1394,65536,0,0,0,False,False
4753,1164,2150,1420,2406,1394,65536,0,0,0,False,False
4754,3486,1807,3742,2063,1394,65536,0,0,0,False,False
4755,3264,1717,3520,1973,1394,65536,0,0,0,False,False
4756,3943,914,4199,1170,1394,65536,0,0,0,False,False
4757,3171,2023,3427,2279,1394,65536,0,0,0,False,False
4758,3700,2392,3956,2648,1394,65536,0,0,0,False,False
4759,3891,1823,4147,2079,1394,65536,0,0,0,False,True
4760,1362,959,1618,1215,1394,65536,0,0,0,False,False
4761,1978,1753,2234,2009,1394,65536,0,0,0,False,False
4762,1505,1605,1761,1861,1394,65536,0,0,0,False,False
4763,3526,1620,3782,1876,1394,65536,0,0,0,False,False
4764,3421,1991,3677,2247,1394,65536,0,0,0,False,False
4765,2405,1907,2661,2163,1394,65536,0,0,0,False,False
4766,2066,905,2322,1161,1394,65536,0,0,0,False,False
4767,3006,1325,3262,1581,1394,65536,0,0,0,False,False
4768,3061,2213,3317,2469,1394,65536,0,0,0,False,False
4769,3008,2167,3264,2423,1394,65536,0,0,0,False,False
4770,1949,1183,2205,1439,1404,65536,0,0,0,False,False
4771,1582,1969,1838,2225,1404,65536,0,0,0,False,False
4772,3588,1127,3844,1383,1404,65536,0,0,0,False,False
4773,2201,1990,2457,2246,1404,65536,0,0,0,False,False
4774,2242,888,2498,1144,1404,65536,0,0,0,False,False
4775,1320,1806,1576,2062,1404,65536,0,0,0,False,False
4776,2766,1429,3022,1685,1404,65536,0,0,0,False,False
4777,3659,1768,3915,2024,1404,65536,0,0,0,False,False
4778,3360,1661,3616,1917,1404,65536,0,0,0,False,False
4779,2832,999,3088,1255,1404,65536,0,0,0,False,False
4780,2413,2337,2669,2593,1404,65536,0,0,0,False,False
4781,2351,1492,2607,1748,1404,65536,0,0,0,False,False
4782,2241,1755,2497,2011,1404,65536,0,0,0,False,False
4783,3355,2513,3611,2769,1404,65536,0,0,0,False,False
4784,2018,2224,2274,2480,1404,65536,0,0,0,False,False
4785,2694,1215,2950,1471,1404,65536,0,0,0,False,False
4786,1735,2229,1991,2485,1404,65536,0,0,0,False,False
4787,2144,1925,2400,2181,1404,65536,0,0,0,False,False
4788,2740,1393,2996,1649,1404,65536,0,0,0,False,False
4789,3517,1669,3773,1925,1404,65536,0,0,0,False,False
4790,2775,1915,3031,2171,1404,65536,0,0,0,False,False
4791,2155,1910,2411,2166,1404,65536,0,0,0,False,False
4792,1685,1307,1941,1563,1404,65536,0,0,0,False,False
4793,1947,845,2203,1101,1404,65536,0,0,0,False,False
4794,1828,2265,2084,2521,1404,65536,0,0,0,False,False
4795,1818,2447,2074,2703,1404,65536,0,0,0,False,False
4796,2784,1301,3040,1557,1404,65536,0,0,0,False,False
4797,2069,2020,2325,2276,1404,65536,0,0,0,False,False
4798,3068,1229,3324,1485,1404,65536,0,0,0,False,False
4799,3469,1793,3725,2049,1404,65536,0,0,0,False,False
4800,1633,1606,1889,1862,1405,65536,0,0,0,False,False
4801,3015,2403,3271,2659,1405,65536,0,0,0,False,False
4802,1742,1315,1998,1571,1405,65536,0,0,0,False,False
4803,3519,2150,3775,2406,1405,65536,0,0,0,False,False
4804,1392,2184,1648,2440,1405,65536,0,0,0,False,False
4805,2539,1364,2795,1620,1405,65536,0,0,0,False,False
4806,2823,1755,3079,2011,1405,64902,634,0,0,True,False
4807,1648,985,1904,1241,1405,65536,0,0,0,False,False
4808,3050,2337,3306,2593,1405,65536,0,0,0,False,False
4809,3113,1474,3369,1730,1405,65536,0,0,0,False,False
4810,3742,1590,3998,1846,1405,65536,0,0,0,False,False
4811,3601,2109,3857,2365,1405,65536,0,0,0,False,False
4812,1364,1338,1620,1594,1405,65536,0,0,0,False,False
4813,1983,1730,2239,1986,1405,65536,0,0,0,False,False
4814,1442,2187,1698,2443,1405,65536,0,0,0,False,False
4815,3637,2111,3893,2367,1405,65536,0,0,0,False,False
4816,3006,1308,3262,1564,1405,65536,0,0,0,False,False
4817,2149,1884,2405,2140,1405,65536,0,0,0,False,False
4818,3542,2099,3798,2355,1405,65536,0,0,0,False,False
4819,3872,1919,4128,2175,1405,65536,0,0,0,False,False
4820,3200,1800,3456,2056,1405,64666,870,0,0,True,False
4821,3683,1772,3939,2028,1405,65536,0,0,0,False,False
4822,2798,1488,3054,1744,1405,62069,3467,0,0,True,False
4823,1238,1822,1494,2078,1405,65536,0,0,0,False,False
4824,3291,2470,3547,2726,1405,65536,0,0,0,False,False
4825,2678,1766,2934,2022,1405,65536,0,0,0,False,False
4826,3984,1083,4240,1339,1405,65536,0,0,0,False,False
4827,1398,1780,1654,2036,1405,65536,0,0,0,False,False
4828,2124,2149,2380,2405,1405,65536,0,0,0,False,False
4829,2557,2449,2813,2705,1405,65536,0,0,0,False,False
4830,2391,2212,2647,2468,1409,65536,0,0,0,False,False
4831,3715,1199,3971,1455,1409,65536,0,0,0,False,False
4832,3636,972,3892,1228,1409,65536,0,0,0,False,False
4833,2124,905,2380,1161,1409,65536,0,0,0,False,False
4834,3375,1428,3631,1684,1409,65536,0,0,0,False,False
4835,2202,1974,2458,2230,1409,65536,0,0,0,False,False
4836,3569,1307,3825,1563,1409,65536,0,0,0,False,False
4837,1494,1680,1750,1936,1409,65536,0,0,0,False,False
4838,2236,1016,2492,1272,1409,65536,0,0,0,False,False
4839,1376,1372,1632,1628,1409,65536,0,0,0,False,False
4840,2338,1020,2594,1276,1409,65536,0,0,0,False,False
4841,1976,2307,2232,2563,1409,65536,0,0,0,False,False
4842,3395,1090,3651,1346,1409,65536,0,0,0,False,False
4843,2421,1066,2677,1322,1409,65536,0,0,0,False,False
4844,1779,983,2035,1239,1409,65536,0,0,0,False,False
4845,3850,1486,4106,1742,1409,65536,0,0,0,False,False
4846,1993,1485,2249,1741,1409,65536,0,0,0,False,False
4847,3377,1955,3633,2211,1409,65536,0,0,0,False,False
4848,2268,1355,2524,1611,1409,65536,0,0,0,False,False
4849,2169,838,2425,1094,1409,65536,0,0,0,False,False
4850,3236,2165,3492,2421,1409,65536,0,0,0,False,False
4851,2960,2174,3216,2430,1409,65536,0,0,0,False,False
4852,1562,1309,1818,1565,1409,65536,0,0,0,False,False
4853,1956,1310,2212,1566,1409,65536,0,0,0,False,False
4854,3688,1057,3944,1313,1409,65536,0,0,0,False,False
4855,2671,2140,2927,2396,1409,65536,0,0,0,False,False
4856,2688,1203,2944,1459,1409,65536,0,0,0,False,True
4857,2918,1083,3174,1339,1409,65536,0,0,0,False,False
4858,3802,1067,4058,1323,1409,65536,0,0,0,False,False
4859,2361,1674,2617,1930,1409,65536,0,0,0,False,False
4860,1837,2490,2093,2746,1410,65536,0,0,0,False,False
4861,1211,1024,1467,1280,1410,65536,0,0,0,False,False
4862,2883,2087,3139,2343,1410,65536,0,0,0,False,False
4863,3623,1550,3879,1806,1410,65536,0,0,0,False,False
4864,1446,1122,1702,1378,1410,65536,0,0,0,False,False
4865,3123,2305,3379,2561,1410,65536,0,0,0,False,False
4866,1580,2289,1836,2545,1410,65536,0,0,0,False,False
4867,3935,1310,4191,1566,1410,65536,0,0,0,False,False
4868,3477,2094,3733,2350,1410,65536,0,0,0,False,False
4869,2780,1969,3036,2225,1410,65536,0,0,0,False,False
4870,2777,2465,3033,2721,1410,65536,0,0,0,False,False
4871,1387,2007,1643,2263,1410,65536,0,0,0,False,False
4872,2722,1026,2978,1282,1410,62529,3007,0,0,True,False
4873,1463,1507,1719,1763,1410,65536,0,0,0,False,False
4874,3809,1646,4065,1902,1410,65536,0,0,0,False,False
4875,1156,1464,1412,1720,1410,65536,0,0,0,False,False
4876,2117,2271,2373,2527,1410,65536,0,0,0,False,False
4877,2017,878,2273,1134,1410,65536,0,0,0,False,False
4878,3069,2161,3325,2417,1410,65536,0,0,0,False,False
4879,1833,2261,2089,2517,1410,65536,0,0,0,False,False
4880,1468,2223,1724,2479,1410,65536,0,0,0,False,False
4881,2706,1246,2962,1502,1410,65305,231,0,0,True,False
4882,1901,1102,2157,1358,1410,65536,0,0,0,False,False
4883,2542,2106,2798,2362,1410,65536,0,0,0,False,False
4884,3671,1272,3927,1528,1410,64847,689,0,0,True,False
4885,3572,2430,3828,2686,1410,65536,0,0,0,False,False
4886,3768,955,4024,1211,1410,65536,0,0,0,False,False
4887,1859,1925,2115,2181,1410,65536,0,0,0,False,False
4888,1718,2105,1974,2361,1410,65536,0,0,0,False,False
4889,1747,1721,2003,1977,1410,65536,0,0,0,False,False
4890,2386,1878,2642,2134,1411,65536,0,0,0,False,False
4891,2070,1472,2326,1728,1411,62605,2931,0,0,True,False
4892,1469,2050,1725,2306,1411,65536,0,0,0,False,False
4893,3786,1158,4042,1414,1411,65536,0,0,0,False,False
4894,2745,1812,3001,2068,1411,65536,0,0,0,False,False
4895,2817,1025,3073,1281,1411,65536,0,0,0,False,False
4896,1838,2122,2094,2378,1411,64644,892,0,0,True,False
4897,1548,2429,1804,2685,1411,65536,0,0,0,False,False
4898,3211,1847,3467,2103,1411,65536,0,0,0,False,False
4899,1255,1729,1511,1985,1411,65536,0,0,0,False,False
4900,3735,969,3991,1225,1411,65536,0,0,0,False,False
4901,2764,1517,3020,1773,1411,65536,0,0,0,False,False
4902,2177,2179,2433,2435,1411,63642,1894,0,0,True,False
4903,1729,2417,1985,2673,1411,65536,0,0,0,False,False
4904,1817,1842,2073,2098,1411,65536,0,0,0,False,False
4905,3178,1382,3434,1638,1411,65536,0,0,0,False,False
4906,2704,1404,2960,1660,1411,65536,0,0,0,False,False
4907,1909,1296,2165,1552,1411,62559,2977,0,0,True,False
4908,3126,1649,3382,1905,1411,65536,0,0,0,False,False
4909,3524,1508,3780,1764,1411,65536,0,0,0,False,False
4910,2664,1851,2920,2107,1411,65536,0,0,0,False,False
4911,3193,1420,3449,1676,1411,65536,0,0,0,False,False
4912,1789,972,2045,1228,1411,64895,641,0,0,True,False
4913,3796,1717,4052,1973,1411,65536,0,0,0,False,True
4914,2393,1867,2649,2123,1411,65536,0,0,0,False,False
4915,1137,924,1393,1180,1411,65536,0,0,0,False,False
4916,2007,1585,2263,1841,1411,64767,769,0,0,True,False
4917,1658,1352,1914,1608,1411,65536,0,0,0,False,False
4918,2479,1602,2735,1858,1411,65536,0,0,0,False,False
4919,1751,925,2007,1181,1411,65007,529,0,0,True,False
4920,3694,1682,3950,1938,1415,65536,0,0,0,False,False
4921,3291,1780,3547,2036,1415,65536,0,0,0,False,False
4922,3484,1757,3740,2013,1415,65536,0,0,0,False,False
4923,1476,2140,1732,2396,1415,65536,0,0,0,False,False
4924,2240,1636,2496,1892,1415,65536,0,0,0,False,False
4925,2330,2087,2586,2343,1415,65536,0,0,0,False,False
4926,2401,1422,2657,1678,1415,65536,0,0,0,False,False
4927,2770,1208,3026,1464,1415,65536,0,0,0,False,False
4928,3328,1820,3584,2076,1415,65536,0,0,0,False,False
4929,1923,1793,2179,2049,1415,65536,0,0,0,False,False
4930,1670,1234,1926,1490,1415,65536,0,0,0,False,False
4931,1419,2199,1675,2455,1415,65536,0,0,0,False,False
4932,2666,1489,2922,1745,1415,65536,0,0,0,False,False
4933,1786,1113,2042,1369,1415,65536,0,0,0,False,False
4934,1187,1504,1443,1760,1415,65536,0,0,0,False,False
4935,2975,1731,3231,1987,1415,65536,0,0,0,False,False
4936,1301,2256,1557,2512,1415,65536,0,0,0,False,False
4937,2935,2487,3191,2743,1415,65536,0,0,0,False,True
4938,1767,1439,2023,1695,1415,65536,0,0,0,False,False
4939,1675,1109,1931,1365,1415,65536,0,0,0,False,False
4940,3699,1862,3955,2118,1415,65536,0,0,0,False,False
4941,3353,1701,3609,1957,1415,65536,0,0,0,False,False
4942,3323,1689,3579,1945,1415,65536,0,0,0,False,False
4943,1233,1600,1489,1856,1415,65536,0,0,0,False,False
4944,1936,2464,2192,2720,1415,65536,0,0,0,False,False
4945,1846,937,2102,1193,1415,65536,0,0,0,False,False
4946,2159,1175,2415,1431,1415,65536,0,0,0,False,False
4947,2423,2303,2679,2559,1415,65536,0,0,0,False,False
4948,3608,2030,3864,2286,1415,65536,0,0,0,False,False
4949,2947,2495,3203,2751,1415,65536,0,0,0,False,True
4950,1299,2379,1555,2635,1416,65536,0,0,0,False,False
4951,3890,1210,4146,1466,1416,65536,0,0,0,False,True
4952,3147,2019,3403,2275,1416,64514,1022,0,0,True,False
4953,1921,2272,2177,2528,1416,65536,0,0,0,False,False
4954,3123,1615,3379,1871,1416,65536,0,0,0,False,False
4955,1384,971,1640,1227,1416,65536,0,0,0,False,False
4956,1251,1320,1507,1576,1416,65536,0,0,0,False,False
4957,1208,1241,1464,1497,1416,65536,0,0,0,False,False
4958,2615,2113,2871,2369,1416,65536,0,0,0,False,False
4959,3325,2061,3581,2317,1416,65536,0,0,0,False,False
4960,3836,1039,4092,1295,1416,65536,0,0,0,False,False
4961,2965,884,3221,1140,1416,65536,0,0,0,False,False
4962,1414,1562,1670,1818,1416,65536,0,0,0,False,False
4963,2700,1845,2956,2101,1416,64891,645,0,0,True,False
4964,2355,967,2611,1223,1416,65536,0,0,0,False,False
4965,3260,2192,3516,2448,1416,64632,904,0,0,True,False
4966,2826,1529,3082,1785,1416,65504,32,0,0,True,False
4967,2656,2191,2912,2447,1416,65536,0,0,0,False,False
4968,1822,1896,2078,2152,1416,65536,0,0,0,False,False
4969,2177,1703,2433,1959,1416,65536,0,0,0,False,False
4970,3584,2194,3840,2450,1416,65536,0,0,0,False,False
4971,1548,1223,1804,1479,1416,65536,0,0,0,False,False
4972,3196,978,3452,1234,1416,65536,0,0,0,False,False
4973,2821,2525,3077,2781,1416,65536,0,0,0,False,False
4974,1488,1524,1744,1780,1416,65536,0,0,0,False,False
4975,2540,1783,2796,2039,1416,65536,0,0,0,False,False
4976,3761,2087,4017,2343,1416,65536,0,0,0,False,False
4977,3062,2206,3318,2462,1416,64945,591,0,0,True,False
4978,2070,1284,2326,1540,1416,65536,0,0,0,False,False
4979,3657,2081,3913,2337,1416,65536,0,0,0,False,False
4980,2050,1349,2306,1605,1438,65536,0,0,0,False,False
4981,3175,1027,3431,1283,1438,65536,0,0,0,False,True
4982,2614,2509,2870,2765,1438,65536,0,0,0,False,False
4983,2359,2226,2615,2482,1438,65536,0,0,0,False,False
4984,1199,2116,1455,2372,1438,65536,0,0,0,False,False
4985,2876,1580,3132,1836,1438,65536,0,0,0,False,False
4986,1733,1071,1989,1327,1438,65536,0,0,0,False,False
4987,3382,1959,3638,2215,1438,65536,0,0,0,False,False
4988,2368,1160,2624,1416,1438,65536,0,0,0,False,False
4989,3791,897,4047,1153,1438,65536,0,0,0,False,False
4990,1303,1508,1559,1764,1438,65536,0,0,0,False,False
4991,3844,1315,4100,1571,1438,65536,0,0,0,False,False
4992,3874,895,4130,1151,1438,65536,0,0,0,False,False
4993,1840,2144,2096,2400,1438,65536,0,0,0,False,False
4994,3877,2097,4133,2353,1438,65536,0,0,0,False,False
4995,1853,2360,2109,2616,1438,65536,0,0,0,False,False
4996,2744,910,3000,1166,1438,65536,0,0,0,False,False
4997,2425,1665,2681,1921,1438,65536,0,0,0,False,False
4998,1887,1111,2143,1367,1438,65536,0,0,0,False,False
4999,2479,2030,2735,2286,1438,65536,0,0,0,False,False
5000,1492,1644,1748,1900,1438,65536,0,0,0,False,False
5001,2815,1796,3071,2052,1438,65536,0,0,0,False,False
5002,1797,1839,2053,2095,1438,65536,0,0,0,False,False
5003,3528,1502,3784,1758,1438,65536,0,0,0,False,False
5004,1292,2446,1548,2702,1438,65536,0,0,0,False,False
5005,2198,965,2454,1221,1438,65536,0,0,0,False,False
5006,1214,1997,1470,2253,1438,65536,0,0,0,False,False
5007,3203,1273,3459,1529,1438,65536,0,0,0,False,False
5008,1627,2341,1883,2597,1438,65536,0,0,0,False,False
5009,1229,1088,1485,1344,1438,65536,0,0,0,False,False
5010,2065,2101,2321,2357,1478,65536,0,0,0,False,False
5011,3795,1338,4051,1594,1478,65536,0,0,0,False,False
5012,1860,1737,2116,1993,1478,65536,0,0,0,False,False
5013,3621,1789,3877,2045,1478,65536,0,0,0,False,False
5014,2320,1805,2576,2061,1478,65536,0,0,0,False,False
5015,2060,1251,2316,1507,1478,65536,0,0,0,False,False
5016,1784,2269,2040,2525,1478,65536,0,0,0,False,False
5017,1143,1040,1399,1296,1478,65536,0,0,0,False,False
5018,3750,1104,4006,1360,1478,65536,0,0,0,False,False
5019,3817,939,4073,1195,1478,65536,0,0,0,False,False
5020,1817,939,2073,1195,1478,65536,0,0,0,False,True
5021,1471,911,1727,1167,1478,65536,0,0,0,False,False
5022,3807,2148,4063,2404,1478,65536,0,0,0,False,False
5023,3767,1781,4023,2037,1478,65536,0,0,0,False,False
5024,3031,1342,3287,1598,1478,65536,0,0,0,False,False
5025,3833,1468,4089,1724,1478,65536,0,0,0,False,False
5026,1262,1280,1518,1536,1478,65536,0,0,0,False,False
5027,3869,941,4125,1197,1478,65536,0,0,0,False,False
5028,1936,1328,2192,1584,1478,65536,0,0,0,False,False
5029,2596,904,2852,1160,1478,65536,0,0,0,False,False
5030,3356,999,3612,1255,1478,65536,0,0,0,False,False
5031,1413,2256,1669,2512,1478,65536,0,0,0,False,False
5032,2569,1219,2825,1475,1478,65536,0,0,0,False,False
5033,2445,1517,2701,1773,1478,65536,0,0,0,False,False
5034,1918,1274,2174,1530,1478,65536,0,0,0,False,False
5035,2254,2423,2510,2679,1478,65536,0,0,0,False,False
5036,3697,2519,3953,2775,1478,65536,0,0,0,False,False
5037,1864,2516,2120,2772,1478,65536,0,0,0,False,False
5038,1824,1363,2080,1619,1478,65536,0,0,0,False,False
5039,2130,999,2386,1255,1478,65536,0,0,0,False,False
5040,3484,1644,3740,1900,1494,65536,0,0,0,False,True
5041,3052,1451,3308,1707,1494,65536,0,0,0,False,False
5042,2462,2236,2718,2492,1494,65536,0,0,0,False,False
5043,1419,1333,1675,1589,1494,65536,0,0,0,False,False
5044,2228,1258,2484,1514,1494,65536,0,0,0,False,False
5045,3444,2001,3700,2257,1494,65536,0,0,0,False,False
5046,1965,913,2221,1169,1494,65536,0,0,0,False,False
5047,1715,2309,1971,2565,1494,65536,0,0,0,False,False
5048,3455,1456,3711,1712,1494,65536,0,0,0,False,False
5049,2962,2264,3218,2520,1494,65536,0,0,0,False,False
5050,2875,2349,3131,2605,1494,65536,0,0,0,False,False
5051,3430,2526,3686,2782,1494,65536,0,0,0,False,False
5052,3766,1519,4022,1775,1494,65536,0,0,0,False,False
5053,3282,1201,3538,1457,1494,65536,0,0,0,False,False
5054,3534,1610,3790,1866,1494,65536,0,0,0,False,False
5055,2771,966,3027,1222,1494,65536,0,0,0,False,False
5056,1370,1758,1626,2014,1494,65536,0,0,0,False,False
5057,2865,1317,3121,1573,1494,65536,0,0,0,False,False
5058,2394,1293,2650,1549,1494,65536,0,0,0,False,False
5059,3643,1659,3899,1915,1494,65536,0,0,0,False,False
5060,2386,1338,2642,1594,1494,65536,0,0,0,False,False
5061,1514,1661,1770,1917,1494,65536,0,0,0,False,False
5062,1713,2516,1969,2772,1494,65536,0,0,0,False,False
5063,2833,1492,3089,1748,1494,65536,0,0,0,False,False
5064,3078,1607,3334,1863,1494,65536,0,0,0,False,False
5065,2236,1963,2492,2219,1494,65536,0,0,0,False,False
5066,1964,1109,2220,1365,1494,65536,0,0,0,False,False
5067,3156,1812,3412,2068,1494,65536,0,0,0,False,False
5068,2796,1653,3052,1909,1494,65536,0,0,0,False,False
5069,3287,994,3543,1250,1494,65536,0,0,0,False,False
5070,1142,2256,1398,2512,1495,65536,0,0,0,False,False
5071,3232,1203,3488,1459,1495,65536,0,0,0,False,False
5072,3878,1127,4134,1383,1495,65536,0,0,0,False,False
5073,2886,2527,3142,2783,1495,65536,0,0,0,False,False
5074,2684,1620,2940,1876,1495,64873,663,0,0,True,False
5075,1746,1349,2002,1605,1495,65536,0,0,0,False,False
5076,3441,1948,3697,2204,1495,65536,0,0,0,False,False
5077,3248,2228,3504,2484,1495,65536,0,0,0,False,False
5078,1760,1542,2016,1798,1495,65536,0,0,0,False,False
5079,1865,1097,2121,1353,1495,65536,0,0,0,False,False
5080,1898,1489,2154,1745,1495,65536,0,0,0,False,False
5081,1992,2368,2248,2624,1495,65536,0,0,0,False,False
5082,3774,2081,4030,2337,1495,65536,0,0,0,False,False
5083,1556,1564,1812,1820,1495,65536,0,0,0,False,False
5084,2067,1527,2323,1783,1495,65536,0,0,0,False,False
5085,2109,2258,2365,2514,1495,65536,0,0,0,False,False
5086,1797,2254,2053,2510,1495,65536,0,0,0,False,False
5087,3529,2435,3785,2691,1495,65536,0,0,0,False,False
5088,1565,2395,1821,2651,1495,65536,0,0,0,False,False
5089,3321,2397,3577,2653,1495,65536,0,0,0,False,False
5090,3818,2217,4074,2473,1495,65536,0,0,0,False,False
5091,2568,1175,2824,1431,1495,64373,1163,0,0,True,False
5092,3058,1789,3314,2045,1495,65536,0,0,0,False,False
5093,2132,1989,2388,2245,1495,65536,0,0,0,False,False
5094,2874,2225,3130,2481,1495,65536,0,0,0,False,False
5095,1748,901,2004,1157,1495,65536,0,0,0,False,False
5096,3189,1839,3445,2095,1495,65536,0,0,0,False,False
5097,2182,1392,2438,1648,1495,65536,0,0,0,False,False
5098,3618,2272,3874,2528,1495,65536,0,0,0,False,False
5099,2780,1997,3036,2253,1495,65536,0,0,0,False,False
5100,1599,2058,1855,2314,1521,62691,0,2845,0,False,False
5101,1722,891,1978,1147,1521,65034,0,502,0,False,False
5102,2350,1668,2606,1924,1521,65536,0,0,0,False,False
5103,3785,1498,4041,1754,1521,65536,0,0,0,False,False
5104,2066,2199,2322,2455,1521,65536,0,0,0,False,False
5105,3179,920,3435,1176,1521,65536,0,0,0,False,False
5106,1978,1142,2234,1398,1521,65536,0,0,0,False,False
5107,1673,861,1929,1117,1521,65241,0,295,0,False,True
5108,2954,2120,3210,2376,1521,65536,0,0,0,False,False
5109,3008,1395,3264,1651,1521,65536,0,0,0,False,False
5110,3931,2037,4187,2293,1521,65536,0,0,0,False,False
5111,2015,1199,2271,1455,1521,65536,0,0,0,False,True
5112,2919,1961,3175,2217,1521,65536,0,0,0,False,False
5113,3109,1218,3365,1474,1521,65536,0,0,0,False,False
5114,1955,1081,2211,1337,1521,65536,0,0,0,False,False
5115,1866,2028,2122,2284,1521,65536,0,0,0,False,False
5116,2903,2271,3159,2527,1521,65536,0,0,0,False,False
5117,3486,2249,3742,2505,1521,65536,0,0,0,False,False
5118,3448,1775,3704,2031,1521,65536,0,0,0,False,False
5119,3807,2310,4063,2566,1521,65536,0,0,0,False,False
5120,2012,1589,2268,1845,1521,65536,0,0,0,False,False
5121,1618,839,1874,1095,1521,65382,0,154,0,False,True
5122,1364,1034,1620,1290,1521,65536,0,0,0,False,False
5123,3456,1572,3712,1828,1521,65536,0,0,0,False,False
5124,2611,1245,2867,1501,1521,65536,0,0,0,False,False
5125,1857,2454,2113,2710,1521,65536,0,0,0,False,False
5126,1703,1995,1959,2251,1521,65157,0,379,0,False,False
5127,3945,2194,4201,2450,1521,65536,0,0,0,False,False
5128,3213,1849,3469,2105,1521,65536,0,0,0,False,False
5129,1746,1080,2002,1336,1521,65536,0,0,0,False,False
5130,3083,2024,3339,2280,1602,65536,0,0,0,False,False
5131,1544,1969,1800,2225,1602,65536,0,0,0,False,False
5132,1750,1026,2006,1282,1602,65536,0,0,0,False,False
5133,1134,1661,1390,1917,1602,65536,0,0,0,False,False
5134,3919,2421,4175,2677,1602,65536,0,0,0,False,False
5135,2301,1417,2557,1673,1602,65536,0,0,0,False,False
5136,2603,2078,2859,2334,1602,65536,0,0,0,False,False
5137,3689,1773,3945,2029,1602,65536,0,0,0,False,False
5138,3634,1155,3890,1411,1602,65536,0,0,0,False,False
5139,3605,1696,3861,1952,1602,65536,0,0,0,False,False
5140,1307,1805,1563,2061,1602,65536,0,0,0,False,False
5141,1922,970,2178,1226,1602,65536,0,0,0,False,False
5142,2280,2087,2536,2343,1602,65536,0,0,0,False,False
5143,1230,2030,1486,2286,1602,65536,0,0,0,False,False
5144,2872,1725,3128,1981,1602,65536,0,0,0,False,False
5145,3866,1906,4122,2162,1602,65536,0,0,0,False,False
5146,1949,2268,2205,2524,1602,65536,0,0,0,False,False
5147,1658,1003,1914,1259,1602,65536,0,0,0,False,False
5148,2804,2395,3060,2651,1602,65536,0,0,0,False,False
5149,2383,1428,2639,1684,1602,65536,0,0,0,False,False
5150,3707,1377,3963,1633,1602,65536,0,0,0,False,False
5151,1618,1778,1874,2034,1602,65536,0,0,0,False,True
5152,2647,1137,2903,1393,1602,65536,0,0,0,False,False
5153,2149,2391,2405,2647,1602,65536,0,0,0,False,False
5154,3298,1823,3554,2079,1602,65536,0,0,0,False,False
5155,2344,1003,2600,1259,1602,65536,0,0,0,False,False
5156,2221,1006,2477,1262,1602,65536,0,0,0,False,False
5157,2039,1050,2295,1306,1602,65536,0,0,0,False,False
5158,3952,1289,4208,1545,1602,65536,0,0,0,False,False
5159,1710,1461,1966,1717,1602,65536,0,0,0,False,False
5160,1626,2457,1882,2713,1764,65536,0,0,0,False,False
5161,2882,1991,3138,2247,1764,65536,0,0,0,False,True
5162,1311,1911,1567,2167,1764,65536,0,0,0,False,False
5163,1601,2242,1857,2498,1764,65536,0,0,0,False,False
5164,3023,2147,3279,2403,1764,65536,0,0,0,False,False
5165,1598,1308,1854,1564,1764,65536,0,0,0,False,False
5166,3483,1799,3739,2055,1764,65536,0,0,0,False,False
5167,2434,2268,2690,2524,1764,65536,0,0,0,False,False
5168,2771,2110,3027,2366,1764,65536,0,0,0,False,False
5169,3540,1529,3796,1785,1764,65536,0,0,0,False,False
5170,1873,2292,2129,2548,1764,65536,0,0,0,False,True
5171,2866,1228,3122,1484,1764,65536,0,0,0,False,False
5172,3526,1937,3782,2193,1764,65536,0,0,0,False,False
5173,1250,1457,1506,1713,1764,65536,0,0,0,False,False
5174,3515,2231,3771,2487,1764,65536,0,0,0,False,False
5175,3114,1476,3370,1732,1764,65536,0,0,0,False,False
5176,2689,1652,2945,1908,1764,65536,0,0,0,False,False
5177,3593,1033,3849,1289,1764,65536,0,0,0,False,False
5178,1169,1196,1425,1452,1764,65536,0,0,0,False,False
5179,3896,1577,4152,1833,1764,65536,0,0,0,False,False
5180,2606,1661,2862,1917,1764,65536,0,0,0,False,False
5181,2498,1185,2754,1441,1764,65536,0,0,0,False,False
5182,1168,1587,1424,1843,1764,65536,0,0,0,False,False
5183,2342,1799,2598,2055,1764,65536,0,0,0,False,False
5184,2590,1394,2846,1650,1764,65536,0,0,0,False,False
5185,2506,2481,2762,2737,1764,65536,0,0,0,False,False
5186,2841,2088,3097,2344,1764,65536,0,0,0,False,False
5187,2297,1261,2553,1517,1764,65536,0,0,0,False,False
5188,3548,1753,3804,2009,1764,65536,0,0,0,False,False
5189,1681,1132,1937,1388,1764,65536,0,0,0,False,False
5190,2021,1293,2277,1549,2005,65536,0,0,0,False,False
5191,1374,1040,1630,1296,2005,65536,0,0,0,False,False
5192,1137,1218,1393,1474,2005,65536,0,0,0,False,False
5193,2727,2299,2983,2555,2005,65536,0,0,0,False,False
5194,1633,1724,1889,1980,2005,65536,0,0,0,False,False
5195,3053,981,3309,1237,2005,65536,0,0,0,False,False
5196,1297,1391,1553,1647,2005,65536,0,0,0,False,False
5197,1405,1915,1661,2171,2005,65536,0,0,0,False,False
5198,1981,2514,2237,2770,2005,65536,0,0,0,False,True
5199,1839,1129,2095,1385,2005,65536,0,0,0,False,False
5200,1902,1902,2158,2158,2005,65536,0,0,0,False,False
5201,3669,1118,3925,1374,2005,65536,0,0,0,False,False
5202,2167,1897,2423,2153,2005,65536,0,0,0,False,False
5203,1958,1144,2214,1400,2005,65536,0,0,0,False,False
5204,3691,1073,3947,1329,2005,65536,0,0,0,False,False
5205,3697,1834,3953,2090,2005,65536,0,0,0,False,False
5206,3482,1104,3738,1360,2005,65536,0,0,0,False,False
5207,3071,2254,3327,2510,2005,65536,0,0,0,False,False
5208,2515,871,2771,1127,2005,65536,0,0,0,False,False
5209,1170,1819,1426,2075,2005,65536,0,0,0,False,False
5210,2070,1480,2326,1736,2005,65536,0,0,0,False,False
5211,2286,1117,2542,1373,2005,65536,0,0,0,False,False
5212,1551,1760,1807,2016,2005,65536,0,0,0,False,False
5213,1716,1285,1972,1541,2005,65536,0,0,0,False,False
5214,1438,1553,1694,1809,2005,65536,0,0,0,False,False
5215,3617,1376,3873,1632,2005,65536,0,0,0,False,True
5216,3344,1040,3600,1296,2005,65536,0,0,0,False,False
5217,3898,1589,4154,1845,2005,65536,0,0,0,False,False
5218,2400,1765,2656,2021,2005,65536,0,0,0,False,False
5219,1522,2324,1778,2580,2005,65536,0,0,0,False,False
5220,3963,1448,4219,1704,2040,65536,0,0,0,False,False
5221,3276,1831,3532,2087,2040,65536,0,0,0,False,False
5222,1617,1340,1873,1596,2040,65536,0,0,0,False,False
5223,1986,2230,2242,2486,2040,65536,0,0,0,False,False
5224,3617,1720,3873,1976,2040,65536,0,0,0,False,True
5225,1458,842,1714,1098,2040,65536,0,0,0,False,False
5226,3189,2322,3445,2578,2040,65536,0,0,0,False,False
5227,2405,1552,2661,1808,2040,65536,0,0,0,False,False
5228,1267,1589,1523,1845,2040,65536,0,0,0,False,False
5229,2686,1150,2942,1406,2040,65536,0,0,0,False,False
5230,1324,1734,1580,1990,2040,65536,0,0,0,False,False
5231,1564,1072,1820,1328,2040,65536,0,0,0,False,True
5232,2050,2266,2306,2522,2040,65536,0,0,0,False,False
5233,2927,1740,3183,1996,2040,65536,0,0,0,False,False
5234,3402,1844,3658,2100,2040,65536,0,0,0,False,False
5235,3286,944,3542,1200,2040,65536,0,0,0,False,False
5236,1791,1735,2047,1991,2040,65536,0,0,0,False,False
5237,1547,879,1803,1135,2040,65536,0,0,0,False,False
5238,1683,2271,1939,2527,2040,65536,0,0,0,False,False
5239,2177,2171,2433,2427,2040,65536,0,0,0,False,False
5240,1558,2236,1814,2492,2040,65536,0,0,0,False,False
5241,2067,1249,2323,1505,2040,65536,0,0,0,False,False
5242,3839,1219,4095,1475,2040,65536,0,0,0,False,False
5243,2610,1236,2866,1492,2040,65536,0,0,0,False,False
5244,2069,2470,2325,2726,2040,65536,0,0,0,False,False
5245,3012,1089,3268,1345,2040,65536,0,0,0,False,False
5246,2997,1500,3253,1756,2040,65536,0,0,0,False,False
5247,2853,1063,3109,1319,2040,65536,0,0,0,False,False
5248,2837,1121,3093,1377,2040,65536,0,0,0,False,False
5249,2094,2224,2350,2480,2040,65536,0,0,0,False,False
5250,3742,2276,3998,2532,2044,65536,0,0,0,False,False
5251,1606,1162,1862,1418,2044,65536,0,0,0,False,False
5252,1321,977,1577,1233,2044,65536,0,0,0,False,False
5253,3645,1073,3901,1329,2044,65536,0,0,0,False,False
5254,3051,1984,3307,2240,2044,65536,0,0,0,False,False
5255,3025,2416,3281,2672,2044,65536,0,0,0,False,False
5256,2008,1313,2264,1569,2044,65536,0,0,0,False,False
5257,1385,1167,1641,1423,2044,65536,0,0,0,False,False
5258,1285,1379,1541,1635,2044,65536,0,0,0,False,False
5259,2984,1015,3240,1271,2044,65536,0,0,0,False,False
5260,3367,1639,3623,1895,2044,65536,0,0,0,False,False
5261,2646,1391,2902,1647,2044,65536,0,0,0,False,False
5262,2686,1205,2942,1461,2044,65536,0,0,0,False,False
5263,3474,1849,3730,2105,2044,65536,0,0,0,False,False
5264,2970,1761,3226,2017,2044,65536,0,0,0,False,False
5265,3833,1461,4089,1717,2044,65536,0,0,0,False,False
5266,2742,1706,2998,1962,2044,65536,0,0,0,False,False
5267,3004,1222,3260,1478,2044,65536,0,0,0,False,False
5268,3427,2298,3683,2554,2044,65536,0,0,0,False,False
5269,1339,2008,1595,2264,2044,65536,0,0,0,False,False
5270,2089,1458,2345,1714,2044,65536,0,0,0,False,False
5271,3881,949,4137,1205,2044,65536,0,0,0,False,False
5272,2563,2114,2819,2370,2044,65536,0,0,0,False,False
5273,3954,1267,4210,1523,2044,65536,0,0,0,False,False
5274,2539,2181,2795,2437,2044,65536,0,0,0,False,False
5275,3260,1571,3516,1827,2044,65536,0,0,0,False,False
5276,2458,2122,2714,2378,2044,65536,0,0,0,False,False
5277,2280,2024,2536,2280,2044,65536,0,0,0,False,False
5278,3603,1183,3859,1439,2044,65536,0,0,0,False,False
5279,1268,2343,1524,2599,2044,65536,0,0,0,False,False
5280,2318,1256,2574,1512,2046,65536,0,0,0,False,False
5281,1538,2383,1794,2639,2046,65536,0,0,0,False,False
5282,1688,2515,1944,2771,2046,65536,0,0,0,False,False
5283,2876,2288,3132,2544,2046,65536,0,0,0,False,False
5284,2063,1877,2319,2133,2046,65536,0,0,0,False,False
5285,1943,1819,2199,2075,2046,65536,0,0,0,False,False
5286,1641,1856,1897,2112,2046,65536,0,0,0,False,False
5287,3221,2266,3477,2522,2046,65536,0,0,0,False,False
5288,2355,1246,2611,1502,2046,65536,0,0,0,False,False
5289,3981,1649,4237,1905,2046,65536,0,0,0,False,False
5290,2154,937,2410,1193,2046,65536,0,0,0,False,False
5291,2542,1631,2798,1887,2046,65536,0,0,0,False,False
5292,1302,2067,1558,2323,2046,65536,0,0,0,False,True
5293,1232,1914,1488,2170,2046,65536,0,0,0,False,False
5294,3987,1318,4243,1574,2046,65536,0,0,0,False,False
5295,2557,1614,2813,1870,2046,65536,0,0,0,False,False
5296,3428,1539,3684,1795,2046,65536,0,0,0,False,False
5297,3319,1634,3575,1890,2046,65536,0,0,0,False,False
5298,1475,2218,1731,2474,2046,65536,0,0,0,False,True
5299,3137,2303,3393,2559,2046,65536,0,0,0,False,False
5300,3334,858,3590,1114,2046,65536,0,0,0,False,False
5301,1952,1488,2208,1744,2046,65536,0,0,0,False,False
5302,3770,1831,4026,2087,2046,65536,0,0,0,False,False
5303,3701,1549,3957,1805,2046,65536,0,0,0,False,False
5304,1124,1379,1380,1635,2046,65536,0,0,0,False,False
5305,3063,900,3319,1156,2046,65536,0,0,0,False,False
5306,2381,867,2637,1123,2046,65536,0,0,0,False,False
5307,2684,1676,2940,1932,2046,65536,0,0,0,False,False
5308,1370,2429,1626,2685,2046,65536,0,0,0,False,False
5309,3648,978,3904,1234,2046,65536,0,0,0,False,False
5310,3466,2492,3722,2748,2047,65536,0,0,0,False,False
5311,2000,1790,2256,2046,2047,65536,0,0,0,False,False
5312,2583,1543,2839,1799,2047,65536,0,0,0,False,False
5313,3973,936,4229,1192,2047,65536,0,0,0,False,False
5314,2855,1471,3111,1727,2047,65536,0,0,0,False,False
5315,3208,1127,3464,1383,2047,65536,0,0,0,False,False
5316,2307,1867,2563,2123,2047,65164,372,0,0,True,False
5317,3363,1354,3619,1610,2047,65536,0,0,0,False,False
5318,2313,1192,2569,1448,2047,65536,0,0,0,False,False
5319,1725,1159,1981,1415,2047,65536,0,0,0,False,False
5320,2736,1193,2992,1449,2047,65536,0,0,0,False,False
5321,3931,2311,4187,2567,2047,65536,0,0,0,False,False
5322,1243,839,1499,1095,2047,65536,0,0,0,False,False
5323,1403,1921,1659,2177,2047,65536,0,0,0,False,False
5324,2069,1817,2325,2073,2047,65536,0,0,0,False,False
5325,2078,840,2334,1096,2047,65536,0,0,0,False,False
5326,3090,2389,3346,2645,2047,65536,0,0,0,False,False
5327,3806,2480,4062,2736,2047,65536,0,0,0,False,False
5328,1965,2464,2221,2720,2047,65536,0,0,0,False,False
5329,2208,2143,2464,2399,2047,65536,0,0,0,False,False
5330,3620,881,3876,1137,2047,65536,0,0,0,False,False
5331,3485,1299,3741,1555,2047,65536,0,0,0,False,False
5332,1147,1924,1403,2180,2047,65536,0,0,0,False,False
5333,1800,2343,2056,2599,2047,65536,0,0,0,False,False
5334,1529,1152,1785,1408,2047,65536,0,0,0,False,False
5335,2573,1260,2829,1516,2047,65536,0,0,0,False,False
5336,1952,2364,2208,2620,2047,65536,0,0,0,False,False
5337,3630,2493,3886,2749,2047,65536,0,0,0,False,False
5338,2758,2358,3014,2614,2047,65536,0,0,0,False,False
5339,1860,1816,2116,2072,2047,65536,0,0,0,False,True
5340,2749,1683,3005,1939,2085,65536,0,0,0,False,False
5341,1505,1221,1761,1477,2085,65536,0,0,0,False,False
5342,1228,1404,1484,1660,2085,65536,0,0,0,False,False
5343,1838,2392,2094,2648,2085,65536,0,0,0,False,False
5344,1566,2481,1822,2737,2085,65536,0,0,0,False,False
5345,2868,938,3124,1194,2085,65536,0,0,0,False,False
5346,3722,1781,3978,2037,2085,65536,0,0,0,False,False
5347,1329,2176,1585,2432,2085,65536,0,0,0,False,False
5348,2743,2181,2999,2437,2085,65536,0,0,0,False,False
5349,2833,1548,3089,1804,2085,65536,0,0,0,False,False
5350,2296,2012,2552,2268,2085,65536,0,0,0,False,False
5351,3157,957,3413,1213,2085,65536,0,0,0,False,False
5352,3285,1970,3541,2226,2085,65536,0,0,0,False,False
5353,3028,2518,3284,2774,2085,65536,0,0,0,False,False
5354,3765,1273,4021,1529,2085,65536,0,0,0,False,False
5355,2236,2455,2492,2711,2085,65536,0,0,0,False,False
5356,2807,1354,3063,1610,2085,65536,0,0,0,False,False
5357,2477,2390,2733,2646,2085,65536,0,0,0,False,False
5358,1236,1094,1492,1350,2085,65536,0,0,0,False,False
5359,2301,1724,2557,1980,2085,65536,0,0,0,False,False
5360,1392,2026,1648,2282,2085,65536,0,0,0,False,False
5361,3779,2215,4035,2471,2085,65536,0,0,0,False,False
5362,1675,1634,1931,1890,2085,65536,0,0,0,False,False
5363,2227,2021,2483,2277,2085,65536,0,0,0,False,False
5364,1952,1642,2208,1898,2085,65536,0,0,0,False,False
5365,3297,2215,3553,2471,2085,65536,0,0,0,False,False
5366,3114,1754,3370,2010,2085,65536,0,0,0,False,False
5367,3380,1483,3636,1739,2085,65536,0,0,0,False,False
5368,3612,1962,3868,2218,2085,65536,0,0,0,False,False
5369,3470,989,3726,1245,2085,64992,0,544,0,False,True
5370,2673,1574,2929,1830,2093,65536,0,0,0,False,False
5371,3629,1313,3885,1569,2093,65536,0,0,0,False,False
5372,2952,1006,3208,1262,2093,65536,0,0,0,False,False
5373,2016,1953,2272,2209,2093,65536,0,0,0,False,False
5374,3678,1130,3934,1386,2093,65536,0,0,0,False,False
5375,1463,1743,1719,1999,2093,65536,0,0,0,False,False
5376,2340,1338,2596,1594,2093,65536,0,0,0,False,False
5377,3219,1184,3475,1440,2093,65536,0,0,0,False,False
5378,2526,999,2782,1255,2093,65536,0,0,0,False,False
5379,2975,1302,3231,1558,2093,65536,0,0,0,False,False
5380,2047,2119,2303,2375,2093,65536,0,0,0,False,False
5381,2405,1831,2661,2087,2093,65536,0,0,0,False,False
5382,2078,2516,2334,2772,2093,65536,0,0,0,False,False
5383,2456,2391,2712,2647,2093,65536,0,0,0,False,False
5384,2963,2248,3219,2504,2093,65536,0,0,0,False,False
5385,2742,1201,2998,1457,2093,65536,0,0,0,False,False
5386,2117,1432,2373,1688,2093,65536,0,0,0,False,False
5387,1523,1488,1779,1744,2093,65536,0,0,0,False,False
5388,3912,1003,4168,1259,2093,65536,0,0,0,False,False
5389,1761,1252,2017,1508,2093,65536,0,0,0,False,False
5390,2440,2090,2696,2346,2093,65536,0,0,0,False,False
5391,2448,2280,2704,2536,2093,65536,0,0,0,False,False
5392,1321,2439,1577,2695,2093,65536,0,0,0,False,False
5393,3146,1964,3402,2220,2093,65536,0,0,0,False,False
5394,3657,2410,3913,2666,2093,65536,0,0,0,False,False
5395,2501,2041,2757,2297,2093,65536,0,0,0,False,False
5396,1183,2434,1439,2690,2093,65536,0,0,0,False,False
5397,3365,2189,3621,2445,2093,65536,0,0,0,False,False
5398,1357,2316,1613,2572,2093,65536,0,0,0,False,True
5399,2228,981,2484,1237,2093,65536,0,0,0,False,False
5400,2000,1526,2256,1782,2095,65536,0,0,0,False,False
5401,3350,1092,3606,1348,2095,65536,0,0,0,False,False
5402,2048,1388,2304,1644,2095,65536,0,0,0,False,False
5403,3634,1987,3890,2243,2095,65536,0,0,0,False,False
5404,1328,1538,1584,1794,2095,65536,0,0,0,False,False
5405,3416,1233,3672,1489,2095,65536,0,0,0,False,False
5406,2002,2477,2258,2733,2095,65536,0,0,0,False,False
5407,2343,1109,2599,1365,2095,65536,0,0,0,False,False
5408,3577,1207,3833,1463,2095,65536,0,0,0,False,False
5409,1342,2527,1598,2783,2095,65536,0,0,0,False,False
5410,1173,2388,1429,2644,2095,65536,0,0,0,False,False
5411,2127,1059,2383,1315,2095,65536,0,0,0,False,False
5412,1373,1988,1629,2244,2095,65536,0,0,0,False,False
5413,1199,1313,1455,1569,2095,65536,0,0,0,False,False
5414,1262,1423,1518,1679,2095,65536,0,0,0,False,False
5415,2049,856,2305,1112,2095,65536,0,0,0,False,False
5416,3950,2009,4206,2265,2095,65536,0,0,0,False,False
5417,2064,2473,2320,2729,2095,65536,0,0,0,False,False
5418,1753,1407,2009,1663,2095,65536,0,0,0,False,False
5419,2470,1388,2726,1644,2095,65536,0,0,0,False,False
5420,2172,2457,2428,2713,2095,65536,0,0,0,False,False
5421,3401,1449,3657,1705,2095,65536,0,0,0,False,False
5422,2654,1207,2910,1463,2095,65536,0,0,0,False,False
5423,1250,2365,1506,2621,2095,65536,0,0,0,False,False
5424,3610,1625,3866,1881,2095,65536,0,0,0,False,False
5425,1649,2029,1905,2285,2095,65536,0,0,0,False,False
5426,1595,2351,1851,2607,2095,65536,0,0,0,False,False
5427,3826,2017,4082,2273,2095,65536,0,0,0,False,False
5428,2776,1604,3032,1860,2095,65536,0,0,0,False,False
5429,3558,1913,3814,2169,2095,65536,0,0,0,False,False
5430,2993,1841,3249,2097,2096,65536,0,0,0,False,False
5431,2873,917,3129,1173,2096,65536,0,0,0,False,False
5432,2975,1660,3231,1916,2096,65536,0,0,0,False,False
5433,3481,1830,3737,2086,2096,65536,0,0,0,False,False
5434,2631,1903,2887,2159,2096,65536,0,0,0,False,False
5435,1808,1581,2064,1837,2096,65536,0,0,0,False,False
5436,3954,1713,4210,1969,2096,65536,0,0,0,False,False
5437,2611,2092,2867,2348,2096,65536,0,0,0,False,False
5438,3748,1726,4004,1982,2096,65536,0,0,0,False,False
5439,1313,983,1569,1239,2096,65536,0,0,0,False,False
5440,2885,998,3141,1254,2096,65536,0,0,0,False,False
5441,1720,2431,1976,2687,2096,65536,0,0,0,False,False
5442,2896,1139,3152,1395,2096,65536,0,0,0,False,False
5443,3693,1584,3949,1840,2096,65536,0,0,0,False,False
5444,1248,1858,1504,2114,2096,65536,0,0,0,False,False
5445,1386,1734,1642,1990,2096,65536,0,0,0,False,False
5446,2015,2372,2271,2628,2096,65536,0,0,0,False,False
5447,3755,1456,4011,1712,2096,65536,0,0,0,False,False
5448,1560,1892,1816,2148,2096,65536,0,0,0,False,False
5449,3765,2272,4021,2528,2096,65536,0,0,0,False,False
5450,3373,2272,3629,2528,2096,65536,0,0,0,False,False
5451,2390,2408,2646,2664,2096,65536,0,0,0,False,False
5452,2079,2477,2335,2733,2096,65536,0,0,0,False,False
5453,3227,1409,3483,1665,2096,65536,0,0,0,False,False
5454,3638,2355,3894,2611,2096,65536,0,0,0,False,False
5455,2466,2047,2722,2303,2096,65536,0,0,0,False,False
5456,2299,1272,2555,1528,2096,64089,1447,0,0,True,False
5457,1411,2332,1667,2588,2096,65536,0,0,0,False,False
5458,3493,1369,3749,1625,2096,65536,0,0,0,False,False
5459,3197,921,3453,1177,2096,65536,0,0,0,False,False
5460,2276,950,2532,1206,2097,65536,0,0,0,False,False
5461,3260,865,3516,1121,2097,65536,0,0,0,False,False
5462,1380,860,1636,1116,2097,65536,0,0,0,False,False
5463,2684,1045,2940,1301,2097,65536,0,0,0,False,False
5464,2383,2348,2639,2604,2097,65536,0,0,0,False,False
5465,3240,2218,3496,2474,2097,65536,0,0,0,False,False
5466,2946,1453,3202,1709,2097,65536,0,0,0,False,False
5467,1339,2130,1595,2386,2097,65536,0,0,0,False,False
5468,1541,2477,1797,2733,2097,65536,0,0,0,False,False
5469,3387,1726,3643,1982,2097,65536,0,0,0,False,False
5470,3046,1185,3302,1441,2097,65536,0,0,0,False,False
5471,2306,1381,2562,1637,2097,65437,99,0,0,True,False
5472,1258,1461,1514,1717,2097,65536,0,0,0,False,False
5473,1215,1319,1471,1575,2097,65536,0,0,0,False,False
5474,1845,1452,2101,1708,2097,65536,0,0,0,False,False
5475,3766,1692,4022,1948,2097,65536,0,0,0,False,False
5476,3711,1186,3967,1442,2097,65536,0,0,0,False,False
5477,2304,2260,2560,2516,2097,65536,0,0,0,False,False
5478,2026,1071,2282,1327,2097,62469,3067,0,0,True,False
5479,2823,1899,3079,2155,2097,65536,0,0,0,False,False
5480,2344,1275,2600,1531,2097,65536,0,0,0,False,False
5481,2133,1082,2389,1338,2097,62318,3218,0,0,True,False
5482,2252,888,2508,1144,2097,65536,0,0,0,False,True
5483,2176,1514,2432,1770,2097,63623,1913,0,0,True,False
5484,3056,1455,3312,1711,2097,65536,0,0,0,False,False
5485,1700,898,1956,1154,2097,65536,0,0,0,False,False
5486,1936,1236,2192,1492,2097,65536,0,0,0,False,False
5487,1186,1935,1442,2191,2097,64522,1014,0,0,True,False
5488,3666,1869,3922,2125,2097,65536,0,0,0,False,False
5489,1147,1033,1403,1289,2097,65536,0,0,0,False,False
5490,3853,1444,4109,1700,2098,65536,0,0,0,False,True
5491,3698,1583,3954,1839,2098,64545,991,0,0,True,False
5492,1474,2337,1730,2593,2098,65536,0,0,0,False,False
5493,2915,1611,3171,1867,2098,62384,3152,0,0,True,False
5494,1948,1084,2204,1340,2098,65536,0,0,0,False,False
5495,2878,1522,3134,1778,2098,62373,3163,0,0,True,False
5496,2415,1373,2671,1629,2098,64645,891,0,0,True,False
5497,1627,2355,1883,2611,2098,65536,0,0,0,False,True
5498,3702,2263,3958,2519,2098,65536,0,0,0,False,False
5499,3314,1885,3570,2141,2098,65536,0,0,0,False,False
5500,2979,1257,3235,1513,2098,65536,0,0,0,False,False
5501,1987,1763,2243,2019,2098,65536,0,0,0,False,False
5502,2898,2015,3154,2271,2098,65536,0,0,0,False,False
5503,3659,1031,3915,1287,2098,65536,0,0,0,False,False
5504,2084,2082,2340,2338,2098,63437,2099,0,0,True,False
5505,2193,1473,2449,1729,2098,65536,0,0,0,False,False
5506,3295,1574,3551,1830,2098,62449,3087,0,0,True,False
5507,1812,2288,2068,2544,2098,65536,0,0,0,False,False
5508,3159,1130,3415,1386,2098,65536,0,0,0,False,False
5509,2345,1674,2601,1930,2098,63890,1646,0,0,True,False
5510,2014,2423,2270,2679,2098,65536,0,0,0,False,False
5511,1265,1143,1521,1399,2098,65425,111,0,0,True,False
5512,2882,1998,3138,2254,2098,65536,0,0,0,False,False
5513,3269,1696,3525,1952,2098,62447,3089,0,0,True,False
5514,2331,1495,2587,1751,2098,65536,0,0,0,False,False
5515,3331,986,3587,1242,2098,65536,0,0,0,False,False
5516,1218,1716,1474,1972,2098,65536,0,0,0,False,False
5517,2460,2062,2716,2318,2098,65536,0,0,0,False,False
5518,3003,1189,3259,1445,2098,65536,0,0,0,False,False
5519,1837,1664,2093,1920,2098,65536,0,0,0,False,False
5520,3520,2377,3776,2633,2099,65536,0,0,0,False,False
5521,3831,1289,4087,1545,2099,65536,0,0,0,False,False
5522,1530,1349,1786,1605,2099,65536,0,0,0,False,False
5523,3614,2106,3870,2362,2099,65536,0,0,0,False,False
5524,2063,2389,2319,2645,2099,65536,0,0,0,False,False
5525,2250,1287,2506,1543,2099,65536,0,0,0,False,False
5526,3100,1899,3356,2155,2099,65536,0,0,0,False,False
5527,1976,2376,2232,2632,2099,65536,0,0,0,False,False
5528,2326,1464,2582,1720,2099,65536,0,0,0,False,False
5529,2920,2383,3176,2639,2099,65536,0,0,0,False,False
5530,1557,1266,1813,1522,2099,65536,0,0,0,False,False
5531,1339,1558,1595,1814,2099,65536,0,0,0,False,False
5532,1201,1511,1457,1767,2099,65536,0,0,0,False,False
5533,3569,2099,3825,2355,2099,65536,0,0,0,False,False
5534,3802,1806,4058,2062,2099,65536,0,0,0,False,False
5535,2759,1119,3015,1375,2099,65536,0,0,0,False,False
5536,2260,1590,2516,1846,2099,63866,1670,0,0,True,False
5537,1144,1686,1400,1942,2099,65536,0,0,0,False,False
5538,2833,1628,3089,1884,2099,65536,0,0,0,False,False
5539,2272,2378,2528,2634,2099,65536,0,0,0,False,False
5540,3081,1995,3337,2251,2099,65536,0,0,0,False,False
5541,3577,2094,3833,2350,2099,65536,0,0,0,False,False
5542,1606,1938,1862,2194,2099,65536,0,0,0,False,False
5543,1909,1649,2165,1905,2099,65536,0,0,0,False,False
5544,3322,2003,3578,2259,2099,65536,0,0,0,False,False
5545,2149,1844,2405,2100,2099,65181,355,0,0,True,False
5546,1979,1725,2235,1981,2099,65536,0,0,0,False,False
5547,3122,2488,3378,2744,2099,65536,0,0,0,False,False
5548,2874,1976,3130,2232,2099,65536,0,0,0,False,False
5549,2754,1165,3010,1421,2099,65536,0,0,0,False,False
5550,3870,1618,4126,1874,2101,65536,0,0,0,False,False
5551,2446,1484,2702,1740,2101,65536,0,0,0,False,False
5552,1682,1892,1938,2148,2101,65536,0,0,0,False,False
5553,3638,961,3894,1217,2101,65536,0,0,0,False,False
5554,1191,1060,1447,1316,2101,65536,0,0,0,False,True
5555,2858,2050,3114,2306,2101,65536,0,0,0,False,False
5556,3150,1142,3406,1398,2101,65536,0,0,0,False,False
5557,1496,2258,1752,2514,2101,65536,0,0,0,False,False
5558,2077,2203,2333,2459,2101,65536,0,0,0,False,False
5559,3695,1446,3951,1702,2101,65536,0,0,0,False,False
5560,1121,1027,1377,1283,2101,65536,0,0,0,False,False
5561,3548,1402,3804,1658,2101,65536,0,0,0,False,False
5562,2943,1700,3199,1956,2101,65536,0,0,0,False,False
5563,3548,2021,3804,2277,2101,65536,0,0,0,False,False
5564,3539,1627,3795,1883,2101,65536,0,0,0,False,False
5565,2694,1158,2950,1414,2101,65536,0,0,0,False,False
5566,2425,2207,2681,2463,2101,65536,0,0,0,False,False
5567,3825,2294,4081,2550,2101,65536,0,0,0,False,True
5568,1382,1732,1638,1988,2101,65536,0,0,0,False,False
5569,3690,2012,3946,2268,2101,65536,0,0,0,False,False
5570,2358,1112,2614,1368,2101,65536,0,0,0,False,False
5571,2230,1494,2486,1750,2101,65536,0,0,0,False,False
5572,1872,936,2128,1192,2101,65536,0,0,0,False,False
5573,2935,1475,3191,1731,2101,65536,0,0,0,False,False
5574,1314,1117,1570,1373,2101,65536,0,0,0,False,False
5575,3890,2191,4146,2447,2101,65536,0,0,0,False,False
5576,1147,1989,1403,2245,2101,65536,0,0,0,False,False
5577,3505,1393,3761,1649,2101,65536,0,0,0,False,False
5578,3901,895,4157,1151,2101,65536,0,0,0,False,False
5579,3750,1309,4006,1565,2101,65536,0,0,0,False,False
5580,3220,931,3476,1187,2163,65536,0,0,0,False,False
5581,2146,1079,2402,1335,2163,65536,0,0,0,False,False
5582,2694,1454,2950,1710,2163,65536,0,0,0,False,False
5583,2605,1346,2861,1602,2163,65536,0,0,0,False,False
5584,3932,1538,4188,1794,2163,65536,0,0,0,False,False
5585,3445,2066,3701,2322,2163,65536,0,0,0,False,False
5586,1413,2149,1669,2405,2163,65536,0,0,0,False,False
5587,3760,1206,4016,1462,2163,65536,0,0,0,False,False
5588,1523,1834,1779,2090,2163,65536,0,0,0,False,False
5589,2840,1304,3096,1560,2163,65536,0,0,0,False,False
5590,3227,2249,3483,2505,2163,65536,0,0,0,False,False
5591,2773,1864,3029,2120,2163,65536,0,0,0,False,False
5592,3530,958,3786,1214,2163,65536,0,0,0,False,False
5593,3605,964,3861,1220,2163,65536,0,0,0,False,False
5594,3045,1041,3301,1297,2163,65536,0,0,0,False,False
5595,3757,1073,4013,1329,2163,65536,0,0,0,False,False
5596,2382,1861,2638,2117,2163,65536,0,0,0,False,False
5597,1820,2374,2076,2630,2163,65536,0,0,0,False,False
5598,1932,2199,2188,2455,2163,65536,0,0,0,False,False
5599,3323,1516,3579,1772,2163,65536,0,0,0,False,False
5600,3341,1019,3597,1275,2163,65536,0,0,0,False,False
5601,2347,1207,2603,1463,2163,65536,0,0,0,False,False
5602,1692,1523,1948,1779,2163,65536,0,0,0,False,False
5603,2447,976,2703,1232,2163,65536,0,0,0,False,False
5604,1288,1936,1544,2192,2163,65536,0,0,0,False,False
5605,3279,2175,3535,2431,2163,65536,0,0,0,False,False
5606,2594,1261,2850,1517,2163,65536,0,0,0,False,False
5607,3343,1351,3599,1607,2163,65536,0,0,0,False,False
5608,3898,1711,4154,1967,2163,65536,0,0,0,False,False
5609,2309,1162,2565,1418,2163,65536,0,0,0,False,False
5610,1928,1941,2184,2197,2164,63513,2023,0,0,True,False
5611,3597,2119,3853,2375,2164,65536,0,0,0,False,False
5612,2497,925,2753,1181,2164,65536,0,0,0,False,False
5613,2072,1093,2328,1349,2164,65536,0,0,0,False,False
5614,1351,2141,1607,2397,2164,65536,0,0,0,False,False
5615,1764,1294,2020,1550,2164,65061,475,0,0,True,False
5616,3368,2363,3624,2619,2164,65536,0,0,0,False,False
5617,1418,1542,1674,1798,2164,65536,0,0,0,False,False
5618,2411,1443,2667,1699,2164,65536,0,0,0,False,False
5619,2105,2128,2361,2384,2164,61669,3867,0,0,True,False
5620,1897,1382,2153,1638,2164,65245,291,0,0,True,False
5621,1310,1380,1566,1636,2164,65536,0,0,0,False,False
5622,2686,2133,2942,2389,2164,65536,0,0,0,False,False
5623,1853,1435,2109,1691,2164,64314,1222,0,0,True,False
5624,1505,1111,1761,1367,2164,64261,1275,0,0,True,False
5625,3330,2499,3586,2755,2164,65536,0,0,0,False,False
5626,2691,1179,2947,1435,2164,65536,0,0,0,False,False
5627,2898,2001,3154,2257,2164,65536,0,0,0,False,False
5628,2212,1042,2468,1298,2164,65536,0,0,0,False,False
5629,2998,2076,3254,2332,2164,65536,0,0,0,False,False
5630,3964,1052,4220,1308,2164,65536,0,0,0,False,False
5631,2252,1215,2508,1471,2164,65536,0,0,0,False,False
5632,1659,2299,1915,2555,2164,65536,0,0,0,False,False
5633,1299,1414,1555,1670,2164,65536,0,0,0,False,False
5634,3172,968,3428,1224,2164,65536,0,0,0,False,False
5635,3207,2176,3463,2432,2164,65536,0,0,0,False,False
5636,2035,2435,2291,2691,2164,65536,0,0,0,False,False
5637,3066,1760,3322,2016,2164,65536,0,0,0,False,False
5638,1900,1423,2156,1679,2164,64535,1001,0,0,True,False
5639,2557,2129,2813,2385,2164,65536,0,0,0,False,False
5640,1598,1933,1854,2189,2169,65536,0,0,0,False,False
5641,2762,1962,3018,2218,2169,65536,0,0,0,False,False
5642,1838,1854,2094,2110,2169,65536,0,0,0,False,False
5643,1708,1543,1964,1799,2169,65536,0,0,0,False,False
5644,1965,1318,2221,1574,2169,65536,0,0,0,False,False
5645,1415,1704,1671,1960,2169,65536,0,0,0,False,False
5646,3960,2212,4216,2468,2169,65536,0,0,0,False,False
5647,1277,1385,1533,1641,2169,65536,0,0,0,False,False
5648,1528,2484,1784,2740,2169,65536,0,0,0,False,False
5649,1641,1937,1897,2193,2169,65536,0,0,0,False,False
5650,3360,1331,3616,1587,2169,65536,0,0,0,False,False
5651,3651,1524,3907,1780,2169,65536,0,0,0,False,False
5652,2577,1186,2833,1442,2169,65536,0,0,0,False,False
5653,2643,2426,2899,2682,2169,65536,0,0,0,False,False
5654,1664,1416,1920,1672,2169,65536,0,0,0,False,False
5655,1872,1277,2128,1533,2169,65536,0,0,0,False,False
5656,3184,2220,3440,2476,2169,65536,0,0,0,False,False
5657,3192,2159,3448,2415,2169,65536,0,0,0,False,False
5658,2913,2278,3169,2534,2169,65536,0,0,0,False,False
5659,2987,2062,3243,2318,2169,65536,0,0,0,False,False
5660,1607,1652,1863,1908,2169,65536,0,0,0,False,False
5661,2522,2337,2778,2593,2169,65536,0,0,0,False,False
5662,3498,1719,3754,1975,2169,65536,0,0,0,False,False
5663,2938,1821,3194,2077,2169,65536,0,0,0,False,False
5664,2888,1366,3144,1622,2169,65536,0,0,0,False,False
5665,1775,1013,2031,1269,2169,65536,0,0,0,False,False
5666,1394,1921,1650,2177,2169,65536,0,0,0,False,False
5667,1996,1726,2252,1982,2169,65536,0,0,0,False,False
5668,2821,1915,3077,2171,2169,65536,0,0,0,False,False
5669,1868,2052,2124,2308,2169,65536,0,0,0,False,False
5670,1758,2063,2014,2319,2170,65536,0,0,0,False,False
5671,1486,1679,1742,1935,2170,65536,0,0,0,False,False
5672,3530,2400,3786,2656,2170,65536,0,0,0,False,False
5673,3968,1734,4224,1990,2170,65536,0,0,0,False,False
5674,3923,1403,4179,1659,2170,65536,0,0,0,False,False
5675,1204,1447,1460,1703,2170,65536,0,0,0,False,False
5676,3108,1656,3364,1912,2170,65536,0,0,0,False,False
5677,2920,2021,3176,2277,2170,65536,0,0,0,False,False
5678,3185,2250,3441,2506,2170,65536,0,0,0,False,False
5679,3360,865,3616,1121,2170,65536,0,0,0,False,False
5680,2913,1112,3169,1368,2170,65536,0,0,0,False,False
5681,1235,1625,1491,1881,2170,65536,0,0,0,False,False
5682,3760,2336,4016,2592,2170,65536,0,0,0,False,False
5683,3761,837,4017,1093,2170,65536,0,0,0,False,False
5684,1701,2262,1957,2518,2170,65536,0,0,0,False,False
5685,2152,2133,2408,2389,2170,65536,0,0,0,False,False
5686,3977,1033,4233,1289,2170,65536,0,0,0,False,False
5687,3873,1849,4129,2105,2170,65536,0,0,0,False,False
5688,2607,868,2863,1124,2170,65536,0,0,0,False,False
5689,2905,1569,3161,1825,2170,65536,0,0,0,False,False
5690,2427,1322,2683,1578,2170,65536,0,0,0,False,False
5691,3454,1169,3710,1425,2170,65536,0,0,0,False,False
5692,3682,1640,3938,1896,2170,65536,0,0,0,False,False
5693,2320,1641,2576,1897,2170,65536,0,0,0,False,False
5694,3141,1127,3397,1383,2170,65536,0,0,0,False,False
5695,1488,1451,1744,1707,2170,65536,0,0,0,False,False
5696,3717,1742,3973,1998,2170,65536,0,0,0,False,False
5697,3263,1939,3519,2195,2170,65536,0,0,0,False,False
5698,3197,1468,3453,1724,2170,65536,0,0,0,False,False
5699,2447,2406,2703,2662,2170,65536,0,0,0,False,False
5700,2031,2270,2287,2526,2171,65536,0,0,0,False,False
5701,1897,1325,2153,1581,2171,65536,0,0,0,False,False
5702,3675,851,3931,1107,2171,65536,0,0,0,False,False
5703,2715,2276,2971,2532,2171,65536,0,0,0,False,False
5704,3466,2230,3722,2486,2171,65536,0,0,0,False,False
5705,3144,1701,3400,1957,2171,65536,0,0,0,False,False
5706,1955,1916,2211,2172,2171,65536,0,0,0,False,False
5707,2975,2343,3231,2599,2171,65536,0,0,0,False,False
5708,3697,998,3953,1254,2171,65536,0,0,0,False,False
5709,1691,1773,1947,2029,2171,65536,0,0,0,False,False
5710,3886,2428,4142,2684,2171,65536,0,0,0,False,False
5711,2784,2466,3040,2722,2171,65536,0,0,0,False,False
5712,2578,2511,2834,2767,2171,65536,0,0,0,False,False
5713,1883,1657,2139,1913,2171,65536,0,0,0,False,False
5714,2918,2417,3174,2673,2171,65536,0,0,0,False,False
5715,2654,2377,2910,2633,2171,65536,0,0,0,False,False
5716,1774,1244,2030,1500,2171,65536,0,0,0,False,False
5717,2405,1438,2661,1694,2171,65536,0,0,0,False,False
5718,2354,2274,2610,2530,2171,65536,0,0,0,False,False
5719,3275,1122,3531,1378,2171,62080,3456,0,0,True,False
5720,2304,996,2560,1252,2171,65536,0,0,0,False,False
5721,2901,887,3157,1143,2171,65536,0,0,0,False,False
5722,2095,1868,2351,2124,2171,65536,0,0,0,False,False
5723,2706,2029,2962,2285,2171,65536,0,0,0,False,False
5724,2773,1556,3029,1812,2171,65536,0,0,0,False,False
5725,3376,945,3632,1201,2171,65536,0,0,0,False,False
5726,1728,2340,1984,2596,2171,65536,0,0,0,False,False
5727,2706,2301,2962,2557,2171,65536,0,0,0,False,False
5728,2738,1724,2994,1980,2171,65536,0,0,0,False,False
5729,1567,1607,1823,1863,2171,65536,0,0,0,False,False
5730,3186,1556,3442,1812,2172,65536,0,0,0,False,False
5731,3477,838,3733,1094,2172,65536,0,0,0,False,False
5732,1327,1550,1583,1806,2172,65536,0,0,0,False,False
5733,3824,1552,4080,1808,2172,65536,0,0,0,False,True
5734,2725,1201,2981,1457,2172,65536,0,0,0,False,False
5735,1841,1078,2097,1334,2172,65536,0,0,0,False,False
5736,2196,1320,2452,1576,2172,65536,0,0,0,False,False
5737,1169,906,1425,1162,2172,65536,0,0,0,False,False
5738,3601,2363,3857,2619,2172,65536,0,0,0,False,False
5739,2360,1029,2616,1285,2172,65536,0,0,0,False,False
5740,2489,1009,2745,1265,2172,65536,0,0,0,False,False
5741,3674,2477,3930,2733,2172,65536,0,0,0,False,False
5742,3952,1726,4208,1982,2172,65536,0,0,0,False,False
5743,3445,1620,3701,1876,2172,65536,0,0,0,False,False
5744,2905,2375,3161,2631,2172,65536,0,0,0,False,False
5745,2363,2465,2619,2721,2172,65536,0,0,0,False,False
5746,3742,1359,3998,1615,2172,65536,0,0,0,False,False
5747,3184,1982,3440,2238,2172,65536,0,0,0,False,False
5748,3672,1471,3928,1727,2172,65536,0,0,0,False,False
5749,1747,992,2003,1248,2172,65536,0,0,0,False,False
5750,3435,1546,3691,1802,2172,65536,0,0,0,False,False
5751,3821,2033,4077,2289,2172,65536,0,0,0,False,False
5752,1162,2515,1418,2771,2172,65536,0,0,0,False,False
5753,1417,867,1673,1123,2172,65536,0,0,0,False,False
5754,1942,842,2198,1098,2172,65536,0,0,0,False,False
5755,1497,1352,1753,1608,2172,65536,0,0,0,False,False
5756,1190,908,1446,1164,2172,65536,0,0,0,False,False
5757,3564,2196,3820,2452,2172,65536,0,0,0,False,False
5758,1655,2179,1911,2435,2172,65536,0,0,0,False,False
5759,2806,2044,3062,2300,2172,65536,0,0,0,False,False
5760,1206,1054,1462,1310,0,0,0,0,0,False,False
5761,2978,2158,3234,2414,0,0,0,0,0,False,False
5762,1265,2106,1521,2362,0,0,0,0,0,False,False
5763,2186,1524,2442,1780,0,0,0,0,0,False,False
5764,3980,1421,4236,1677,0,0,0,0,0,False,False
5765,2517,2298,2773,2554,0,0,0,0,0,False,False
5766,3825,1973,4081,2229,0,0,0,0,0,False,False
5767,1907,1818,2163,2074,0,0,0,0,0,False,False
5768,2332,2041,2588,2297,0,0,0,0,0,False,False
5769,2925,1866,3181,2122,0,0,0,0,0,False,False
5770,3641,1767,3897,2023,0,0,0,0,0,False,False
5771,2182,1375,2438,1631,0,0,0,0,0,False,False
5772,3587,2106,3843,2362,0,0,0,0,0,False,False
5773,1211,1182,1467,1438,0,0,0,0,0,False,False
5774,3675,2132,3931,2388,0,0,0,0,0,False,False
5775,3226,1188,3482,1444,0,0,0,0,0,False,False
5776,3141,2491,3397,2747,0,0,0,0,0,False,False
5777,2595,1671,2851,1927,0,0,0,0,0,False,False
5778,3351,1005,3607,1261,0,0,0,0,0,False,False
5779,1634,1267,1890,1523,0,0,0,0,0,False,False
5780,2191,2337,2447,2593,0,0,0,0,0,False,False
5781,2658,1530,2914,1786,0,0,0,0,0,False,False
5782,1625,2337,1881,2593,0,0,0,0,0,False,False
5783,1417,1980,1673,2236,0,0,0,0,0,False,False
5784,3297,1719,3553,1975,0,0,0,0,0,False,False
5785,3729,1098,3985,1354,0,0,0,0,0,False,False
5786,2406,2272,2662,2528,0,0,0,0,0,False,False
5787,2039,2084,2295,2340,0,0,0,0,0,False,False
5788,1757,2408,2013,2664,0,0,0,0,0,False,False
5789,2538,1175,2794,1431,0,0,0,0,0,False,False
5790,2181,2474,2437,2730,2,65536,0,0,0,False,False
5791,2001,2442,2257,2698,2,65536,0,0,0,False,False
5792,3429,1440,3685,1696,2,65536,0,0,0,False,False
5793,3813,2149,4069,2405,2,65536,0,0,0,False,False
5794,1448,1585,1704,1841,2,65536,0,0,0,False,False
5795,2043,1050,2299,1306,2,64928,0,608,0,False,True
5796,3389,2342,3645,2598,2,65536,0,0,0,False,False
5797,1817,1986,2073,2242,2,64568,0,968,0,False,True
5798,2815,1812,3071,2068,2,65536,0,0,0,False,False
5799,3887,1551,4143,1807,2,65536,0,0,0,False,False
5800,2470,1147,2726,1403,2,65536,0,0,0,False,False
5801,2820,1489,3076,1745,2,65536,0,0,0,False,False
5802,2348,1556,2604,1812,2,65536,0,0,0,False,False
5803,1637,1656,1893,1912,2,64480,0,1056,0,False,True
5804,3579,1703,3835,1959,2,65536,0,0,0,False,False
5805,3422,1542,3678,1798,2,65536,0,0,0,False,False
5806,1439,958,1695,1214,2,65536,0,0,0,False,False
5807,2641,968,2897,1224,2,65536,0,0,0,False,False
5808,3235,2004,3491,2260,2,65536,0,0,0,False,False
5809,2699,1968,2955,2224,2,65536,0,0,0,False,False
5810,2969,2479,3225,2735,2,65536,0,0,0,False,False
5811,3048,1171,3304,1427,2,65536,0,0,0,False,False
5812,2159,1007,2415,1263,2,64858,0,678,0,False,True
5813,2621,1502,2877,1758,2,65536,0,0,0,False,False
5814,3228,2453,3484,2709,2,65536,0,0,0,False,False
5815,1908,2301,2164,2557,2,65410,0,126,0,False,True
5816,3258,2238,3514,2494,2,65536,0,0,0,False,False
5817,2107,1986,2363,2242,2,65536,0,0,0,False,False
5818,1139,1647,1395,1903,2,65536,0,0,0,False,False
5819,3409,1610,3665,1866,2,65536,0,0,0,False,False
5820,3144,1776,3400,2032,17,65536,0,0,0,False,False
5821,2020,2271,2276,2527,17,65536,0,0,0,False,True
5822,2793,891,3049,1147,17,65536,0,0,0,False,False
5823,1347,1739,1603,1995,17,65536,0,0,0,False,False
5824,2984,2187,3240,2443,17,65536,0,0,0,False,False
5825,3907,1186,4163,1442,17,65536,0,0,0,False,False
5826,3692,2244,3948,2500,17,65536,0,0,0,False,False
5827,2136,1204,2392,1460,17,65536,0,0,0,False,False
5828,1534,1543,1790,1799,17,65536,0,0,0,False,False
5829,3198,1724,3454,1980,17,65536,0,0,0,False,False
5830,3186,2314,3442,2570,17,65536,0,0,0,False,False
5831,3195,1081,3451,1337,17,65536,0,0,0,False,False
5832,3304,1138,3560,1394,17,65536,0,0,0,False,False
5833,3083,2132,3339,2388,17,65536,0,0,0,False,False
5834,2532,2515,2788,2771,17,65536,0,0,0,False,False
5835,2451,1670,2707,1926,17,65536,0,0,0,False,False
5836,3532,1983,3788,2239,17,65536,0,0,0,False,False
5837,3861,1678,4117,1934,17,65536,0,0,0,False,False
5838,3342,1497,3598,1753,17,65536,0,0,0,False,False
5839,2941,1059,3197,1315,17,65536,0,0,0,False,True
5840,1691,1760,1947,2016,17,65536,0,0,0,False,False
5841,1378,1528,1634,1784,17,65536,0,0,0,False,False
5842,2628,1661,2884,1917,17,65536,0,0,0,False,False
5843,2427,1568,2683,1824,17,65536,0,0,0,False,False
5844,1493,2477,1749,2733,17,65536,0,0,0,False,False
5845,3099,992,3355,1248,17,65536,0,0,0,False,False
5846,3862,1484,4118,1740,17,65536,0,0,0,False,False
5847,2951,1247,3207,1503,17,65536,0,0,0,False,False
5848,1185,927,1441,1183,17,65536,0,0,0,False,False
5849,2757,1607,3013,1863,17,65536,0,0,0,False,False
5850,3748,2465,4004,2721,20,65536,0,0,0,False,False
5851,2862,1736,3118,1992,20,65536,0,0,0,False,False
5852,1756,1773,2012,2029,20,65536,0,0,0,False,False
5853,1661,2356,1917,2612,20,65536,0,0,0,False,False
5854,2145,2298,2401,2554,20,65536,0,0,0,False,False
5855,1983,2109,2239,2365,20,65536,0,0,0,False,False
5856,1891,949,2147,1205,20,65536,0,0,0,False,False
5857,1471,2319,1727,2575,20,65536,0,0,0,False,False
5858,2459,2156,2715,2412,20,65536,0,0,0,False,False
5859,3330,1719,3586,1975,20,65536,0,0,0,False,False
5860,3759,1793,4015,2049,20,65536,0,0,0,False,False
5861,1713,2249,1969,2505,20,65536,0,0,0,False,False
5862,2684,2515,2940,2771,20,65536,0,0,0,False,False
5863,2836,1395,3092,1651,20,65536,0,0,0,False,False
5864,2749,905,3005,1161,20,65536,0,0,0,False,False
5865,1912,1916,2168,2172,20,65536,0,0,0,False,False
5866,1814,1900,2070,2156,20,65536,0,0,0,False,False
5867,1437,1164,1693,1420,20,65536,0,0,0,False,True
5868,1477,845,1733,1101,20,65536,0,0,0,False,False
5869,2474,1531,2730,1787,20,65536,0,0,0,False,True
5870,3158,1783,3414,2039,20,65536,0,0,0,False,False
5871,3357,1932,3613,2188,20,65536,0,0,0,False,False
5872,1667,989,1923,1245,20,65536,0,0,0,False,False
5873,2763,1987,3019,2243,20,65536,0,0,0,False,False
5874,3680,2169,3936,2425,20,65536,0,0,0,False,False
5875,2996,2394,3252,2650,20,65536,0,0,0,False,False
5876,3734,2060,3990,2316,20,65536,0,0,0,False,False
5877,2140,1879,2396,2135,20,65536,0,0,0,False,False
5878,1381,1021,1637,1277,20,65536,0,0,0,False,False
5879,3029,2082,3285,2338,20,65536,0,0,0,False,False
5880,3974,1836,4230,2092,21,65536,0,0,0,False,False
5881,1268,1523,1524,1779,21,65536,0,0,0,False,False
5882,2724,1403,2980,1659,21,65536,0,0,0,False,False
5883,3783,1517,4039,1773,21,65536,0,0,0,False,False
5884,1614,1465,1870,1721,21,65536,0,0,0,False,False
5885,2036,2357,2292,2613,21,65536,0,0,0,False,False
5886,3823,930,4079,1186,21,65536,0,0,0,False,False
5887,2035,1869,2291,2125,21,65536,0,0,0,False,False
5888,2559,1443,2815,1699,21,65536,0,0,0,False,False
5889,2258,1921,2514,2177,21,64443,1093,0,0,True,False
5890,2443,1636,2699,1892,21,65536,0,0,0,False,False
5891,1544,1889,1800,2145,21,65536,0,0,0,False,False
5892,1922,1851,2178,2107,21,65536,0,0,0,False,False
5893,2988,1678,3244,1934,21,65536,0,0,0,False,False
5894,1167,1492,1423,1748,21,65536,0,0,0,False,False
5895,1484,944,1740,1200,21,65536,0,0,0,False,False
5896,1564,1373,1820,1629,21,65536,0,0,0,False,False
5897,1591,1844,1847,2100,21,65536,0,0,0,False,False
5898,3501,1384,3757,1640,21,65536,0,0,0,False,False
5899,3850,1701,4106,1957,21,65536,0,0,0,False,False
5900,3260,2492,3516,2748,21,65536,0,0,0,False,False
5901,2097,1162,2353,1418,21,64529,1007,0,0,True,False
5902,3116,2459,3372,2715,21,65520,16,0,0,True,False
5903,1161,1415,1417,1671,21,65536,0,0,0,False,False
5904,3651,988,3907,1244,21,65536,0,0,0,False,True
5905,3419,1906,3675,2162,21,65536,0,0,0,False,False
5906,2078,966,2334,1222,21,65536,0,0,0,False,False
5907,1745,1405,2001,1661,21,65536,0,0,0,False,False
5908,3536,1758,3792,2014,21,65536,0,0,0,False,False
5909,2548,2267,2804,2523,21,65536,0,0,0,False,False
5910,2559,2260,2815,2516,25,65536,0,0,0,False,False
5911,3124,1249,3380,1505,25,65536,0,0,0,False,False
5912,3895,2371,4151,2627,25,65536,0,0,0,False,False
5913,1897,1185,2153,1441,25,65536,0,0,0,False,False
5914,2427,2133,2683,2389,25,65536,0,0,0,False,False
5915,1433,1485,1689,1741,25,65536,0,0,0,False,False
5916,3501,1597,3757,1853,25,65536,0,0,0,False,False
5917,2089,2441,2345,2697,25,65536,0,0,0,False,False
5918,2136,2022,2392,2278,25,65536,0,0,0,False,False
5919,3722,1162,3978,1418,25,65536,0,0,0,False,False
5920,3297,1774,3553,2030,25,65536,0,0,0,False,False
5921,1608,1713,1864,1969,25,65536,0,0,0,False,False
5922,3037,1424,3293,1680,25,65536,0,0,0,False,False
5923,1548,2071,1804,2327,25,65536,0,0,0,False,False
5924,3233,2305,3489,2561,25,65536,0,0,0,False,False
5925,3204,1910,3460,2166,25,65536,0,0,0,False,False
5926,1309,1214,1565,1470,25,65536,0,0,0,False,False
5927,1475,1075,1731,1331,25,65536,0,0,0,False,False
5928,3505,1484,3761,1740,25,65536,0,0,0,False,False
5929,3078,2316,3334,2572,25,65536,0,0,0,False,False
5930,1727,2455,1983,2711,25,65536,0,0,0,False,False
5931,1806,1096,2062,1352,25,65536,0,0,0,False,False
5932,3321,1847,3577,2103,25,65536,0,0,0,False,False
5933,2804,1649,3060,1905,25,65536,0,0,0,False,False
5934,3903,1829,4159,2085,25,65536,0,0,0,False,False
5935,3400,2225,3656,2481,25,65536,0,0,0,False,False
5936,2736,1309,2992,1565,25,65536,0,0,0,False,False
5937,1633,1698,1889,1954,25,65536,0,0,0,False,False
5938,1196,2462,1452,2718,25,65536,0,0,0,False,False
5939,3550,1378,3806,1634,25,65536,0,0,0,False,False
5940,2516,2182,2772,2438,27,65536,0,0,0,False,False
5941,1136,2054,1392,2310,27,65536,0,0,0,False,False
5942,2714,1860,2970,2116,27,65536,0,0,0,False,False
5943,3103,1494,3359,1750,27,65536,0,0,0,False,False
5944,3782,1764,4038,2020,27,65536,0,0,0,False,False
5945,3536,2174,3792,2430,27,65536,0,0,0,False,False
5946,1851,1118,2107,1374,27,65536,0,0,0,False,False
5947,2562,1939,2818,2195,27,65536,0,0,0,False,False
5948,3050,2231,3306,2487,27,65536,0,0,0,False,False
5949,3912,1091,4168,1347,27,65536,0,0,0,False,False
5950,1717,2331,1973,2587,27,65536,0,0,0,False,False
5951,3869,1472,4125,1728,27,65536,0,0,0,False,False
5952,2218,861,2474,1117,27,65536,0,0,0,False,False
5953,2304,1492,2560,1748,27,65536,0,0,0,False,False
5954,1817,1066,2073,1322,27,65536,0,0,0,False,False
5955,3797,1599,4053,1855,27,65536,0,0,0,False,False
5956,2947,1936,3203,2192,27,65536,0,0,0,False,False
5957,2068,1721,2324,1977,27,65536,0,0,0,False,False
5958,2134,1140,2390,1396,27,65536,0,0,0,False,False
5959,3708,1835,3964,2091,27,65536,0,0,0,False,False
5960,2783,1077,3039,1333,27,65536,0,0,0,False,False
5961,1986,1791,2242,2047,27,65536,0,0,0,False,False
5962,1725,1637,1981,1893,27,65536,0,0,0,False,False
5963,1297,998,1553,1254,27,65536,0,0,0,False,False
5964,1588,1416,1844,1672,27,65536,0,0,0,False,False
5965,1966,1594,2222,1850,27,65536,0,0,0,False,False
5966,1690,1169,1946,1425,27,65536,0,0,0,False,False
5967,3513,1872,3769,2128,27,65536,0,0,0,False,False
5968,1205,2050,1461,2306,27,65536,0,0,0,False,False
5969,1162,1472,1418,1728,27,65536,0,0,0,False,False
5970,2455,1123,2711,1379,29,65536,0,0,0,False,False
5971,1179,1830,1435,2086,29,65536,0,0,0,False,False
5972,1931,1296,2187,1552,29,65536,0,0,0,False,False
5973,2183,1130,2439,1386,29,65536,0,0,0,False,False
5974,3698,1258,3954,1514,29,65536,0,0,0,False,False
5975,2290,1148,2546,1404,29,65536,0,0,0,False,False
5976,2147,2349,2403,2605,29,65536,0,0,0,False,False
5977,2266,1597,2522,1853,29,65536,0,0,0,False,False
5978,3448,1896,3704,2152,29,65536,0,0,0,False,False
5979,3590,2091,3846,2347,29,65536,0,0,0,False,False
5980,3581,904,3837,1160,29,65536,0,0,0,False,False
5981,2295,1397,2551,1653,29,65536,0,0,0,False,False
5982,2023,2421,2279,2677,29,65536,0,0,0,False,False
5983,2342,2315,2598,2571,29,65536,0,0,0,False,False
5984,1735,1747,1991,2003,29,65536,0,0,0,False,False
5985,2511,1745,2767,2001,29,65536,0,0,0,False,False
5986,1230,1758,1486,2014,29,65536,0,0,0,False,False
5987,2455,2079,2711,2335,29,65536,0,0,0,False,False
5988,3566,914,3822,1170,29,65536,0,0,0,False,False
5989,1686,2493,1942,2749,29,65536,0,0,0,False,False
5990,2189,1024,2445,1280,29,65536,0,0,0,False,False
5991,2740,1366,2996,1622,29,65536,0,0,0,False,False
5992,1351,1797,1607,2053,29,65536,0,0,0,False,False
5993,3656,2454,3912,2710,29,65536,0,0,0,False,False
5994,1517,2528,1773,2784,29,65536,0,0,0,False,False
5995,2116,2005,2372,2261,29,65536,0,0,0,False,False
5996,2368,1627,2624,1883,29,65536,0,0,0,False,False
5997,2007,1949,2263,2205,29,65536,0,0,0,False,False
5998,1989,1993,2245,2249,29,65536,0,0,0,False,False
5999,3449,2466,3705,2722,29,65536,0,0,0,False,False
6000,1670,1386,1926,1642,33,65536,0,0,0,False,False
6001,1218,2448,1474,2704,33,65536,0,0,0,False,False
6002,3713,1458,3969,1714,33,65536,0,0,0,False,False
6003,2718,1556,2974,1812,33,65536,0,0,0,False,False
6004,2509,1275,2765,1531,33,65536,0,0,0,False,False
6005,3030,1983,3286,2239,33,65536,0,0,0,False,False
6006,3489,1573,3745,1829,33,65536,0,0,0,False,False
6007,3364,1069,3620,1325,33,65536,0,0,0,False,False
6008,3719,1511,3975,1767,33,65536,0,0,0,False,False
6009,1133,2476,1389,2732,33,65536,0,0,0,False,False
6010,3326,1327,3582,1583,33,65536,0,0,0,False,False
6011,2691,1392,2947,1648,33,65536,0,0,0,False,False
6012,3175,921,3431,1177,33,65536,0,0,0,False,False
6013,2379,1530,2635,1786,33,65536,0,0,0,False,False
6014,2821,886,3077,1142,33,65536,0,0,0,False,False
6015,1477,982,1733,1238,33,65536,0,0,0,False,False
6016,2863,1672,3119,1928,33,65536,0,0,0,False,False
6017,2504,1305,2760,1561,33,65536,0,0,0,False,False
6018,3381,1457,3637,1713,33,65536,0,0,0,False,False
6019,3187,1981,3443,2237,33,65536,0,0,0,False,False
6020,3646,957,3902,1213,33,65536,0,0,0,False,False
6021,3286,1196,3542,1452,33,65536,0,0,0,False,False
6022,1138,1511,1394,1767,33,65536,0,0,0,False,False
6023,2667,992,2923,1248,33,65536,0,0,0,False,False
6024,1547,1937,1803,2193,33,65536,0,0,0,False,False
6025,3355,1488,3611,1744,33,65536,0,0,0,False,False
6026,2978,925,3234,1181,33,65536,0,0,0,False,False
6027,1570,1181,1826,1437,33,65536,0,0,0,False,False
6028,3913,1727,4169,1983,33,65536,0,0,0,False,False
6029,3973,1403,4229,1659,33,65536,0,0,0,False,False
6030,3512,1043,3768,1299,73,65536,0,0,0,False,False
6031,2707,2382,2963,2638,73,65536,0,0,0,False,False
6032,1322,1218,1578,1474,73,65536,0,0,0,False,True
6033,2340,1923,2596,2179,73,65536,0,0,0,False,False
6034,1330,2399,1586,2655,73,65536,0,0,0,False,False
6035,2237,1409,2493,1665,73,65536,0,0,0,False,False
6036,1308,861,1564,1117,73,65536,0,0,0,False,False
6037,2360,1076,2616,1332,73,65536,0,0,0,False,False
6038,2999,2162,3255,2418,73,65536,0,0,0,False,False
6039,2515,1825,2771,2081,73,65536,0,0,0,False,False
6040,3719,1278,3975,1534,73,65536,0,0,0,False,False
6041,3212,1779,3468,2035,73,65536,0,0,0,False,False
6042,2044,1634,2300,1890,73,65536,0,0,0,False,False
6043,2369,1749,2625,2005,73,65536,0,0,0,False,False
6044,2141,2249,2397,2505,73,65536,0,0,0,False,False
6045,3182,842,3438,1098,73,65536,0,0,0,False,False
6046,1184,2185,1440,2441,73,65536,0,0,0,False,False
6047,3599,1566,3855,1822,73,65536,0,0,0,False,False
6048,1885,1144,2141,1400,73,65536,0,0,0,False,False
6049,1955,886,2211,1142,73,65536,0,0,0,False,False
6050,3828,2131,4084,2387,73,65536,0,0,0,False,False
6051,3114,1104,3370,1360,73,65536,0,0,0,False,False
6052,3681,2213,3937,2469,73,65536,0,0,0,False,True
6053,2171,1659,2427,1915,73,65536,0,0,0,False,False
6054,2788,2355,3044,2611,73,65536,0,0,0,False,False
6055,3888,2010,4144,2266,73,65536,0,0,0,False,False
6056,3880,1520,4136,1776,73,65536,0,0,0,False,False
6057,2925,2467,3181,2723,73,65536,0,0,0,False,False
6058,2551,1952,2807,2208,73,65536,0,0,0,False,False
6059,3836,1008,4092,1264,73,65536,0,0,0,False,False
6060,2158,1340,2414,1596,74,65536,0,0,0,False,False
6061,2712,2212,2968,2468,74,65536,0,0,0,False,False
6062,2216,1361,2472,1617,74,65536,0,0,0,False,False
6063,3800,1105,4056,1361,74,65536,0,0,0,False,False
6064,2860,1680,3116,1936,74,63916,1620,0,0,True,False
6065,2217,1194,2473,1450,74,65536,0,0,0,False,False
6066,2835,1892,3091,2148,74,63228,2308,0,0,True,False
6067,2993,2296,3249,2552,74,65536,0,0,0,False,False
6068,1813,1595,2069,1851,74,63062,2474,0,0,True,False
6069,3930,927,4186,1183,74,65536,0,0,0,False,False
6070,1361,1798,1617,2054,74,65536,0,0,0,False,False
6071,1179,1075,1435,1331,74,65536,0,0,0,False,False
6072,3418,846,3674,1102,74,65536,0,0,0,False,False
6073,1240,2250,1496,2506,74,65536,0,0,0,False,False
6074,2623,1669,2879,1925,74,63004,2532,0,0,True,False
6075,2442,1778,2698,2034,74,63072,2464,0,0,True,False
6076,1613,1822,1869,2078,74,65536,0,0,0,False,False
6077,2069,1104,2325,1360,74,65536,0,0,0,False,False
6078,3553,1883,3809,2139,74,64530,1006,0,0,True,False
6079,3096,1187,3352,1443,74,65536,0,0,0,False,False
6080,3619,1548,3875,1804,74,65536,0,0,0,False,False
6081,2615,1533,2871,1789,74,65536,0,0,0,False,False
6082,3205,2276,3461,2532,74,65536,0,0,0,False,False
6083,1870,1277,2126,1533,74,65536,0,0,0,False,False
6084,1438,1616,1694,1872,74,65536,0,0,0,False,False
6085,2220,1060,2476,1316,74,65536,0,0,0,False,False
6086,1848,1401,2104,1657,74,64338,1198,0,0,True,False
6087,1644,2244,1900,2500,74,65536,0,0,0,False,False
6088,1497,936,1753,1192,74,65536,0,0,0,False,False
6089,3496,1494,3752,1750,74,65536,0,0,0,False,False
6090,3600,1707,3856,1963,81,65536,0,0,0,False,False
6091,2094,1611,2350,1867,81,65536,0,0,0,False,False
6092,3778,1721,4034,1977,81,65536,0,0,0,False,False
6093,3057,1779,3313,2035,81,65536,0,0,0,False,False
6094,2051,1578,2307,1834,81,65536,0,0,0,False,False
6095,3073,2421,3329,2677,81,65536,0,0,0,False,False
6096,3675,2367,3931,2623,81,65536,0,0,0,False,False
6097,1677,996,1933,1252,81,65536,0,0,0,False,False
6098,2297,972,2553,1228,81,65536,0,0,0,False,True
6099,3968,1528,4224,1784,81,65536,0,0,0,False,False
6100,2709,1202,2965,1458,81,65536,0,0,0,False,False
6101,1577,1443,1833,1699,81,65536,0,0,0,False,False
6102,3983,1682,4239,1938,81,65536,0,0,0,False,False
6103,2610,1238,2866,1494,81,65536,0,0,0,False,False
6104,1124,2378,1380,2634,81,65536,0,0,0,False,False
6105,1540,2003,1796,2259,81,65536,0,0,0,False,False
6106,2062,1358,2318,1614,81,65536,0,0,0,False,False
6107,1599,1811,1855,2067,81,65536,0,0,0,False,False
6108,2021,1815,2277,2071,81,65536,0,0,0,False,False
6109,1301,2019,1557,2275,81,65536,0,0,0,False,False
6110,2114,1192,2370,1448,81,65536,0,0,0,False,False
6111,3160,1898,3416,2154,81,65536,0,0,0,False,False
6112,1622,1927,1878,2183,81,65536,0,0,0,False,False
6113,1744,1800,2000,2056,81,65536,0,0,0,False,False
6114,1624,1978,1880,2234,81,65536,0,0,0,False,False
6115,3113,882,3369,1138,81,65536,0,0,0,False,True
6116,2393,1824,2649,2080,81,65536,0,0,0,False,False
6117,2449,2279,2705,2535,81,65536,0,0,0,False,False
6118,3635,2022,3891,2278,81,65536,0,0,0,False,False
6119,1341,2464,1597,2720,81,65536,0,0,0,False,False
6120,2159,862,2415,1118,89,65536,0,0,0,False,False
6121,1199,2365,1455,2621,89,65536,0,0,0,False,False
6122,2502,1468,2758,1724,89,65536,0,0,0,False,False
6123,1560,2448,1816,2704,89,65536,0,0,0,False,False
6124,1814,2052,2070,2308,89,65536,0,0,0,False,False
6125,1918,2047,2174,2303,89,65536,0,0,0,False,False
6126,3386,1099,3642,1355,89,65536,0,0,0,False,False
6127,1984,1236,2240,1492,89,65536,0,0,0,False,False
6128,2228,1664,2484,1920,89,65536,0,0,0,False,False
6129,3053,1094,3309,1350,89,65536,0,0,0,False,False
6130,2640,2290,2896,2546,89,65536,0,0,0,False,False
6131,2561,1436,2817,1692,89,65536,0,0,0,False,False
6132,1673,2031,1929,2287,89,65536,0,0,0,False,False
6133,3941,1705,4197,1961,89,65536,0,0,0,False,False
6134,3610,2191,3866,2447,89,65536,0,0,0,False,False
6135,1627,1938,1883,2194,89,65536,0,0,0,False,False
6136,2515,1451,2771,1707,89,65536,0,0,0,False,False
6137,1130,2136,1386,2392,89,65536,0,0,0,False,False
6138,1408,1290,1664,1546,89,65536,0,0,0,False,False
6139,3406,1364,3662,1620,89,65536,0,0,0,False,False
6140,3765,910,4021,1166,89,65536,0,0,0,False,False
6141,1819,1340,2075,1596,89,65536,0,0,0,False,False
6142,2628,1135,2884,1391,89,65536,0,0,0,False,False
6143,3297,1400,3553,1656,89,65536,0,0,0,False,False
6144,3987,2028,4243,2284,89,65536,0,0,0,False,False
6145,3229,1015,3485,1271,89,65536,0,0,0,False,False
6146,3997,1709,4253,1965,89,65536,0,0,0,False,False
6147,1727,2096,1983,2352,89,65536,0,0,0,False,False
6148,2483,1888,2739,2144,89,65536,0,0,0,False,False
6149,2563,2094,2819,2350,89,65536,0,0,0,False,False
6150,3371,1611,3627,1867,96,65536,0,0,0,False,False
6151,2678,2179,2934,2435,96,65536,0,0,0,False,False
6152,3162,1740,3418,1996,96,65536,0,0,0,False,False
6153,1164,1301,1420,1557,96,65536,0,0,0,False,False
6154,1673,1255,1929,1511,96,65536,0,0,0,False,False
6155,2184,2515,2440,2771,96,65536,0,0,0,False,False
6156,2699,1434,2955,1690,96,65536,0,0,0,False,False
6157,3417,2522,3673,2778,96,65536,0,0,0,False,False
6158,3256,2369,3512,2625,96,65536,0,0,0,False,False
6159,2029,2449,2285,2705,96,65536,0,0,0,False,False
6160,2495,1461,2751,1717,96,65536,0,0,0,False,False
6161,1232,1056,1488,1312,96,65536,0,0,0,False,False
6162,2164,2264,2420,2520,96,65536,0,0,0,False,False
6163,3861,1373,4117,1629,96,65536,0,0,0,False,False
6164,3961,2519,4217,2775,96,65536,0,0,0,False,False
6165,2892,2276,3148,2532,96,65536,0,0,0,False,False
6166,3439,2056,3695,2312,96,65536,0,0,0,False,False
6167,2227,1480,2483,1736,96,65536,0,0,0,False,False
6168,1987,1137,2243,1393,96,65536,0,0,0,False,False
6169,2061,1386,2317,1642,96,65536,0,0,0,False,False
6170,3825,1398,4081,1654,96,65536,0,0,0,False,False
6171,3409,2253,3665,2509,96,65536,0,0,0,False,False
6172,2899,1813,3155,2069,96,65536,0,0,0,False,False
6173,3902,2315,4158,2571,96,65536,0,0,0,False,False
6174,2575,1998,2831,2254,96,65536,0,0,0,False,False
6175,1331,1451,1587,1707,96,65536,0,0,0,False,False
6176,2056,1586,2312,1842,96,65536,0,0,0,False,False
6177,2273,877,2529,1133,96,65536,0,0,0,False,False
6178,2012,1599,2268,1855,96,65536,0,0,0,False,False
6179,1758,2381,2014,2637,96,65536,0,0,0,False,False
6180,2026,2369,2282,2625,99,65536,0,0,0,False,False
6181,3159,2129,3415,2385,99,65536,0,0,0,False,False
6182,1899,2338,2155,2594,99,65536,0,0,0,False,False
6183,2789,1759,3045,2015,99,65536,0,0,0,False,False
6184,2376,1427,2632,1683,99,65536,0,0,0,False,False
6185,2456,2036,2712,2292,99,65536,0,0,0,False,False
6186,1269,1627,1525,1883,99,65536,0,0,0,False,False
6187,1420,2198,1676,2454,99,65536,0,0,0,False,False
6188,3151,1295,3407,1551,99,65536,0,0,0,False,False
6189,2131,904,2387,1160,99,65536,0,0,0,False,False
6190,1236,1436,1492,1692,99,65536,0,0,0,False,False
6191,3100,1201,3356,1457,99,65536,0,0,0,False,False
6192,3149,1629,3405,1885,99,65536,0,0,0,False,False
6193,3302,1451,3558,1707,99,65536,0,0,0,False,False
6194,3899,2128,4155,2384,99,65536,0,0,0,False,False
6195,3607,1217,3863,1473,99,65536,0,0,0,False,False
6196,2015,1025,2271,1281,99,65536,0,0,0,False,False
6197,2513,953,2769,1209,99,65536,0,0,0,False,False
6198,2026,2308,2282,2564,99,65536,0,0,0,False,False
6199,3823,1105,4079,1361,99,65536,0,0,0,False,False
6200,2742,1436,2998,1692,99,65536,0,0,0,False,False
6201,3663,2005,3919,2261,99,65536,0,0,0,False,False
6202,1794,1104,2050,1360,99,65536,0,0,0,False,False
6203,1188,1671,1444,1927,99,65536,0,0,0,False,False
6204,1216,1070,1472,1326,99,65536,0,0,0,False,False
6205,2612,1984,2868,2240,99,65536,0,0,0,False,False
6206,3739,1558,3995,1814,99,65536,0,0,0,False,False
6207,3525,1827,3781,2083,99,65536,0,0,0,False,False
6208,3973,1535,4229,1791,99,65536,0,0,0,False,False
6209,1502,2101,1758,2357,99,65536,0,0,0,False,False
6210,1908,1301,2164,1557,100,65536,0,0,0,False,False
6211,1321,2335,1577,2591,100,65536,0,0,0,False,False
6212,3824,1625,4080,1881,100,65536,0,0,0,False,False
6213,3670,2459,3926,2715,100,65536,0,0,0,False,False
6214,2593,2473,2849,2729,100,65536,0,0,0,False,False
6215,1451,1099,1707,1355,100,65536,0,0,0,False,False
6216,1332,1619,1588,1875,100,65536,0,0,0,False,False
6217,3056,1958,3312,2214,100,65536,0,0,0,False,False
6218,2531,2355,2787,2611,100,65536,0,0,0,False,False
6219,3353,2207,3609,2463,100,65536,0,0,0,False,False
6220,2461,2052,2717,2308,100,65536,0,0,0,False,False
6221,1397,2007,1653,2263,100,64398,1138,0,0,True,False
6222,2448,1932,2704,2188,100,62572,2964,0,0,True,False
6223,2972,1688,3228,1944,100,62164,3372,0,0,True,False
6224,3164,2008,3420,2264,100,65536,0,0,0,False,False
6225,1752,2482,2008,2738,100,65536,0,0,0,False,False
6226,1449,2395,1705,2651,100,65536,0,0,0,False,False
6227,3189,2350,3445,2606,100,65536,0,0,0,False,False
6228,3573,1733,3829,1989,100,65536,0,0,0,False,False
6229,3372,1375,3628,1631,100,65536,0,0,0,False,False
6230,3807,1600,4063,1856,100,65536,0,0,0,False,False
6231,2239,1598,2495,1854,100,65536,0,0,0,False,False
6232,3000,2307,3256,2563,100,65536,0,0,0,False,True
6233,1589,1859,1845,2115,100,65536,0,0,0,False,False
6234,2650,949,2906,1205,100,65536,0,0,0,False,False
6235,3078,1674,3334,1930,100,62076,3460,0,0,True,False
6236,3995,1338,4251,1594,100,65536,0,0,0,False,False
6237,1161,1430,1417,1686,100,65536,0,0,0,False,False
6238,1482,1146,1738,1402,100,65536,0,0,0,False,False
6239,2926,1751,3182,2007,100,62220,3316,0,0,True,False
6240,3671,1185,3927,1441,107,65536,0,0,0,False,False
6241,3812,2128,4068,2384,107,65536,0,0,0,False,False
6242,2357,2292,2613,2548,107,65536,0,0,0,False,False
6243,3250,1330,3506,1586,107,65536,0,0,0,False,False
6244,2957,1871,3213,2127,107,65536,0,0,0,False,False
6245,1917,1241,2173,1497,107,65536,0,0,0,False,False
6246,2350,1457,2606,1713,107,65536,0,0,0,False,False
6247,1160,1438,1416,1694,107,65536,0,0,0,False,False
6248,2323,1073,2579,1329,107,65536,0,0,0,False,False
6249,1532,840,1788,1096,107,65536,0,0,0,False,False
6250,3426,1476,3682,1732,107,65536,0,0,0,False,False
6251,2754,1816,3010,2072,107,65536,0,0,0,False,False
6252,3221,1182,3477,1438,107,65536,0,0,0,False,False
6253,2836,2365,3092,2621,107,65536,0,0,0,False,False
6254,3198,1465,3454,1721,107,65536,0,0,0,False,False
6255,1577,1761,1833,2017,107,65536,0,0,0,False,False
6256,1413,2245,1669,2501,107,65536,0,0,0,False,False
6257,2988,1087,3244,1343,107,65536,0,0,0,False,False
6258,3001,1449,3257,1705,107,65536,0,0,0,False,False
6259,1542,1037,1798,1293,107,65536,0,0,0,False,False
6260,3452,1678,3708,1934,107,65536,0,0,0,False,False
6261,2963,1757,3219,2013,107,65536,0,0,0,False,False
6262,2794,2372,3050,2628,107,65536,0,0,0,False,False
6263,2852,1253,3108,1509,107,65536,0,0,0,False,False
6264,2951,1619,3207,1875,107,65536,0,0,0,False,False
6265,3325,2508,3581,2764,107,65536,0,0,0,False,False
6266,1921,1518,2177,1774,107,65536,0,0,0,False,False
6267,1467,1200,1723,1456,107,65536,0,0,0,False,False
6268,2591,2251,2847,2507,107,65536,0,0,0,False,False
6269,1950,2189,2206,2445,107,65536,0,0,0,False,False
6270,3436,1603,3692,1859,117,65536,0,0,0,False,False
6271,1238,1870,1494,2126,117,65536,0,0,0,False,False
6272,3153,943,3409,1199,117,65536,0,0,0,False,False
6273,2246,1465,2502,1721,117,65536,0,0,0,False,False
6274,3899,1439,4155,1695,117,65536,0,0,0,False,False
6275,3895,1058,4151,1314,117,65536,0,0,0,False,False
6276,3338,2251,3594,2507,117,65536,0,0,0,False,False
6277,3545,1187,3801,1443,117,65536,0,0,0,False,False
6278,3572,1677,3828,1933,117,65536,0,0,0,False,False
6279,3029,1522,3285,1778,117,65536,0,0,0,False,False
6280,2890,940,3146,1196,117,65536,0,0,0,False,False
6281,1271,1539,1527,1795,117,65536,0,0,0,False,False
6282,3310,2370,3566,2626,117,65536,0,0,0,False,False
6283,3562,2207,3818,2463,117,65536,0,0,0,False,False
6284,1793,2096,2049,2352,117,65536,0,0,0,False,False
6285,4000,873,4256,1129,117,65536,0,0,0,False,False
6286,3355,1375,3611,1631,117,65536,0,0,0,False,False
6287,1362,1294,1618,1550,117,65536,0,0,0,False,False
6288,2636,2359,2892,2615,117,65536,0,0,0,False,False
6289,1202,2212,1458,2468,117,65536,0,0,0,False,False
6290,3895,1962,4151,2218,117,65536,0,0,0,False,False
6291,3590,1984,3846,2240,117,65536,0,0,0,False,False
6292,2823,2126,3079,2382,117,65536,0,0,0,False,False
6293,2818,1594,3074,1850,117,65536,0,0,0,False,False
6294,1256,1954,1512,2210,117,65536,0,0,0,False,False
6295,1459,2167,1715,2423,117,65536,0,0,0,False,False
6296,1925,2110,2181,2366,117,65536,0,0,0,False,True
6297,2794,1062,3050,1318,117,65536,0,0,0,False,False
6298,1297,1055,1553,1311,117,65536,0,0,0,False,False
6299,3514,1338,3770,1594,117,65536,0,0,0,False,False
6300,2675,2131,2931,2387,126,65536,0,0,0,False,False
6301,1645,2138,1901,2394,126,65536,0,0,0,False,False
6302,1524,846,1780,1102,126,65536,0,0,0,False,True
6303,3549,2368,3805,2624,126,65536,0,0,0,False,False
6304,3127,1917,3383,2173,126,65536,0,0,0,False,False
6305,3180,1449,3436,1705,126,65536,0,0,0,False,False
6306,3555,2206,3811,2462,126,65536,0,0,0,False,False
6307,3475,1317,3731,1573,126,65536,0,0,0,False,False
6308,2619,2505,2875,2761,126,65536,0,0,0,False,False
6309,1444,1983,1700,2239,126,65536,0,0,0,False,False
6310,3722,1887,3978,2143,126,65536,0,0,0,False,False
6311,2655,1935,2911,2191,126,65536,0,0,0,False,False
6312,3690,2254,3946,2510,126,65536,0,0,0,False,False
6313,1813,1624,2069,1880,126,65536,0,0,0,False,False
6314,3976,1432,4232,1688,126,65536,0,0,0,False,False
6315,3788,1541,4044,1797,126,65536,0,0,0,False,False
6316,3767,2004,4023,2260,126,65536,0,0,0,False,False
6317,1828,2039,2084,2295,126,65536,0,0,0,False,False
6318,1836,2128,2092,2384,126,65536,0,0,0,False,False
6319,2994,1902,3250,2158,126,65536,0,0,0,False,False
6320,3172,2484,3428,2740,126,65536,0,0,0,False,False
6321,3224,1274,3480,1530,126,65536,0,0,0,False,False
6322,3354,1336,3610,1592,126,65536,0,0,0,False,False
6323,3872,1469,4128,1725,126,65536,0,0,0,False,True
6324,1938,1671,2194,1927,126,65536,0,0,0,False,False
6325,2192,2352,2448,2608,126,65536,0,0,0,False,False
6326,3131,1197,3387,1453,126,65536,0,0,0,False,False
6327,3356,1376,3612,1632,126,65536,0,0,0,False,False
6328,3468,1638,3724,1894,126,65536,0,0,0,False,False
6329,3994,1630,4250,1886,126,65536,0,0,0,False,False
6330,2938,1446,3194,1702,127,65536,0,0,0,False,False
6331,1525,1180,1781,1436,127,65536,0,0,0,False,False
6332,3985,1859,4241,2115,127,65536,0,0,0,False,False
6333,2798,2373,3054,2629,127,65496,40,0,0,True,False
6334,1426,1341,1682,1597,127,65536,0,0,0,False,False
6335,2436,1174,2692,1430,127,65536,0,0,0,False,False
6336,2602,877,2858,1133,127,65536,0,0,0,False,False
6337,2189,1681,2445,1937,127,64680,856,0,0,True,False
6338,2227,1466,2483,1722,127,65536,0,0,0,False,False
6339,3195,968,3451,1224,127,65536,0,0,0,False,False
6340,1738,2456,1994,2712,127,65536,0,0,0,False,False
6341,1138,2398,1394,2654,127,65536,0,0,0,False,False
6342,1209,1714,1465,1970,127,64472,1064,0,0,True,False
6343,2387,1680,2643,1936,127,63664,1872,0,0,True,False
6344,3703,1206,3959,1462,127,65536,0,0,0,False,False
6345,1437,2129,1693,2385,127,65536,0,0,0,False,False
6346,1248,935,1504,1191,127,65536,0,0,0,False,False
6347,2310,2403,2566,2659,127,65536,0,0,0,False,False
6348,1800,1400,2056,1656,127,65536,0,0,0,False,False
6349,2654,880,2910,1136,127,65536,0,0,0,False,True
6350,3513,1425,3769,1681,127,65536,0,0,0,False,False
6351,1508,962,1764,1218,127,65536,0,0,0,False,False
6352,1956,1120,2212,1376,127,65536,0,0,0,False,False
6353,2338,1646,2594,1902,127,63672,1864,0,0,True,False
6354,3889,1343,4145,1599,127,65536,0,0,0,False,False
6355,1658,1290,1914,1546,127,65536,0,0,0,False,False
6356,1593,1932,1849,2188,127,65500,36,0,0,True,False
6357,2032,1613,2288,1869,127,64868,668,0,0,True,False
6358,2123,1199,2379,1455,127,65536,0,0,0,False,False
6359,1394,2148,1650,2404,127,65536,0,0,0,False,False
6360,1258,2190,1514,2446,164,65536,0,0,0,False,False
6361,1520,1588,1776,1844,164,65536,0,0,0,False,False
6362,3715,2228,3971,2484,164,65536,0,0,0,False,False
6363,2682,1439,2938,1695,164,65536,0,0,0,False,False
6364,3772,1358,4028,1614,164,65536,0,0,0,False,False
6365,3345,1828,3601,2084,164,65536,0,0,0,False,False
6366,2092,1739,2348,1995,164,65536,0,0,0,False,False
6367,2775,1246,3031,1502,164,65536,0,0,0,False,False
6368,3183,1092,3439,1348,164,65536,0,0,0,False,False
6369,3780,1133,4036,1389,164,65536,0,0,0,False,False
6370,3008,1712,3264,1968,164,65536,0,0,0,False,False
6371,3501,1650,3757,1906,164,65536,0,0,0,False,False
6372,2313,2527,2569,2783,164,65536,0,0,0,False,False
6373,2115,2493,2371,2749,164,65536,0,0,0,False,False
6374,1757,1958,2013,2214,164,65536,0,0,0,False,False
6375,2920,1721,3176,1977,164,65536,0,0,0,False,False
6376,2190,1012,2446,1268,164,65536,0,0,0,False,False
6377,1174,1717,1430,1973,164,65536,0,0,0,False,False
6378,2113,1602,2369,1858,164,65536,0,0,0,False,False
6379,1315,952,1571,1208,164,65536,0,0,0,False,False
6380,2277,1809,2533,2065,164,65536,0,0,0,False,False
6381,3677,1545,3933,1801,164,65536,0,0,0,False,False
6382,2313,2086,2569,2342,164,65536,0,0,0,False,False
6383,1628,1490,1884,1746,164,65536,0,0,0,False,False
6384,2902,1661,3158,1917,164,65536,0,0,0,False,False
6385,3304,2429,3560,2685,164,65536,0,0,0,False,False
6386,2464,2458,2720,2714,164,65536,0,0,0,False,False
6387,2517,1641,2773,1897,164,65536,0,0,0,False,False
6388,2328,1229,2584,1485,164,65536,0,0,0,False,False
6389,2334,2057,2590,2313,164,65536,0,0,0,False,False
6390,1723,1682,1979,1938,171,65536,0,0,0,False,True
6391,3424,1658,3680,1914,171,65536,0,0,0,False,False
6392,3845,1762,4101,2018,171,65536,0,0,0,False,True
6393,3929,1760,4185,2016,171,65536,0,0,0,False,False
6394,3930,1337,4186,1593,171,65536,0,0,0,False,False
6395,2633,1544,2889,1800,171,65536,0,0,0,False,False
6396,3373,1522,3629,1778,171,65536,0,0,0,False,False
6397,3151,1430,3407,1686,171,65536,0,0,0,False,False
6398,2090,947,2346,1203,171,65536,0,0,0,False,False
6399,3977,2069,4233,2325,171,65536,0,0,0,False,False
6400,1310,2427,1566,2683,171,65536,0,0,0,False,False
6401,2696,1173,2952,1429,171,65536,0,0,0,False,False
6402,2104,2207,2360,2463,171,65536,0,0,0,False,False
6403,2276,2390,2532,2646,171,65536,0,0,0,False,False
6404,3460,2024,3716,2280,171,65536,0,0,0,False,False
6405,2070,2183,2326,2439,171,65536,0,0,0,False,False
6406,2078,1747,2334,2003,171,65536,0,0,0,False,False
6407,2234,922,2490,1178,171,65536,0,0,0,False,False
6408,1824,1360,2080,1616,171,65536,0,0,0,False,False
6409,3562,1074,3818,1330,171,65536,0,0,0,False,False
6410,3882,854,4138,1110,171,65536,0,0,0,False,False
6411,2942,2281,3198,2537,171,65536,0,0,0,False,False
6412,1279,1425,1535,1681,171,65536,0,0,0,False,False
6413,1578,889,1834,1145,171,65536,0,0,0,False,False
6414,3695,1681,3951,1937,171,65536,0,0,0,False,False
6415,1953,1028,2209,1284,171,65536,0,0,0,False,False
6416,1580,996,1836,1252,171,65536,0,0,0,False,False
6417,2096,1646,2352,1902,171,65536,0,0,0,False,False
6418,3945,1088,4201,1344,171,65536,0,0,0,False,False
6419,3524,1765,3780,2021,171,65536,0,0,0,False,False
6420,3064,1059,3320,1315,173,65536,0,0,0,False,False
6421,3715,2312,3971,2568,173,65536,0,0,0,False,False
6422,3913,1069,4169,1325,173,65536,0,0,0,False,False
6423,3595,1132,3851,1388,173,65536,0,0,0,False,False
6424,2312,1558,2568,1814,173,65536,0,0,0,False,False
6425,3416,892,3672,1148,173,65536,0,0,0,False,True
6426,1787,1120,2043,1376,173,65536,0,0,0,False,False
6427,2448,2479,2704,2735,173,65536,0,0,0,False,False
6428,1939,1061,2195,1317,173,65536,0,0,0,False,False
6429,3112,2422,3368,2678,173,65536,0,0,0,False,False
6430,3907,1257,4163,1513,173,65536,0,0,0,False,False
6431,1674,1932,1930,2188,173,65536,0,0,0,False,False
6432,2356,1780,2612,2036,173,65536,0,0,0,False,False
6433,1350,2134,1606,2390,173,65536,0,0,0,False,False
6434,1375,1123,1631,1379,173,65536,0,0,0,False,False
6435,2706,2188,2962,2444,173,65536,0,0,0,False,False
6436,2574,1606,2830,1862,173,65536,0,0,0,False,False
6437,3773,2401,4029,2657,173,65536,0,0,0,False,False
6438,1998,1875,2254,2131,173,65536,0,0,0,False,False
6439,2840,1088,3096,1344,173,65536,0,0,0,False,False
6440,3609,2153,3865,2409,173,65536,0,0,0,False,False
6441,3866,1446,4122,1702,173,65536,0,0,0,False,False
6442,2033,1874,2289,2130,173,65536,0,0,0,False,False
6443,1838,2333,2094,2589,173,65536,0,0,0,False,False
6444,2319,1650,2575,1906,173,65536,0,0,0,False,False
6445,3563,1361,3819,1617,173,65536,0,0,0,False,False
6446,3726,1267,3982,1523,173,65536,0,0,0,False,False
6447,1336,2205,1592,2461,173,65536,0,0,0,False,False
6448,1740,1323,1996,1579,173,65536,0,0,0,False,False
6449,1530,1912,1786,2168,173,65536,0,0,0,False,False
6450,3532,2057,3788,2313,175,65536,0,0,0,False,False
6451,1193,935,1449,1191,175,65536,0,0,0,False,False
6452,1470,2185,1726,2441,175,65536,0,0,0,False,False
6453,2090,2228,2346,2484,175,65536,0,0,0,False,False
6454,2123,1921,2379,2177,175,65536,0,0,0,False,False
6455,3779,1093,4035,1349,175,65536,0,0,0,False,False
6456,3960,1495,4216,1751,175,65536,0,0,0,False,False
6457,2262,2090,2518,2346,175,65536,0,0,0,False,False
6458,1915,1037,2171,1293,175,65536,0,0,0,False,False
6459,1826,2028,2082,2284,175,65536,0,0,0,False,False
6460,2204,1788,2460,2044,175,65536,0,0,0,False,False
6461,3306,2376,3562,2632,175,65536,0,0,0,False,False
6462,3601,2165,3857,2421,175,65536,0,0,0,False,False
6463,3627,2290,3883,2546,175,65536,0,0,0,False,False
6464,1605,1090,1861,1346,175,65536,0,0,0,False,False
6465,2942,1672,3198,1928,175,65536,0,0,0,False,False
6466,1525,1473,1781,1729,175,65536,0,0,0,False,False
6467,2313,1081,2569,1337,175,65536,0,0,0,False,False
6468,1322,2231,1578,2487,175,65536,0,0,0,False,False
6469,3048,1072,3304,1328,175,65536,0,0,0,False,False
6470,3253,2299,3509,2555,175,65536,0,0,0,False,False
6471,3830,1089,4086,1345,175,65536,0,0,0,False,False
6472,2110,956,2366,1212,175,65536,0,0,0,False,False
6473,1915,1900,2171,2156,175,65536,0,0,0,False,False
6474,1232,2166,1488,2422,175,65536,0,0,0,False,False
6475,3353,1535,3609,1791,175,65536,0,0,0,False,False
6476,1539,1504,1795,1760,175,65536,0,0,0,False,False
6477,3987,1237,4243,1493,175,65536,0,0,0,False,False
6478,3921,2020,4177,2276,175,65536,0,0,0,False,False
6479,3631,2204,3887,2460,175,65536,0,0,0,False,False
6480,2346,2249,2602,2505,184,65536,0,0,0,False,False
6481,3569,1840,3825,2096,184,65536,0,0,0,False,False
6482,2059,1992,2315,2248,184,65536,0,0,0,False,False
6483,3611,1125,3867,1381,184,65536,0,0,0,False,False
6484,3531,1744,3787,2000,184,65536,0,0,0,False,False
6485,1972,1401,2228,1657,184,65536,0,0,0,False,False
6486,2652,1797,2908,2053,184,65536,0,0,0,False,False
6487,3747,1554,4003,1810,184,65536,0,0,0,False,False
6488,1739,2238,1995,2494,184,65536,0,0,0,False,False
6489,3553,2513,3809,2769,184,65536,0,0,0,False,False
6490,2911,998,3167,1254,184,65536,0,0,0,False,False
6491,1617,2220,1873,2476,184,65536,0,0,0,False,False
6492,3370,2477,3626,2733,184,65536,0,0,0,False,False
6493,3369,931,3625,1187,184,65536,0,0,0,False,False
6494,2143,1530,2399,1786,184,65536,0,0,0,False,False
6495,1361,921,1617,1177,184,65536,0,0,0,False,False
6496,3611,1789,3867,2045,184,65536,0,0,0,False,False
6497,1578,2007,1834,2263,184,65536,0,0,0,False,False
6498,3318,1907,3574,2163,184,65536,0,0,0,False,False
6499,3561,2056,3817,2312,184,65536,0,0,0,False,False
6500,2576,2122,2832,2378,184,65536,0,0,0,False,False
6501,2937,1252,3193,1508,184,65536,0,0,0,False,False
6502,3064,1796,3320,2052,184,65536,0,0,0,False,False
6503,3390,2231,3646,2487,184,65536,0,0,0,False,False
6504,3563,2001,3819,2257,184,65536,0,0,0,False,False
6505,1466,1991,1722,2247,184,65536,0,0,0,False,False
6506,1834,2131,2090,2387,184,65536,0,0,0,False,False
6507,2506,1327,2762,1583,184,65536,0,0,0,False,False
6508,2688,1141,2944,1397,184,65536,0,0,0,False,False
6509,3850,2060,4106,2316,184,65536,0,0,0,False,False
6510,1127,2440,1383,2696,187,65536,0,0,0,False,False
6511,3718,2155,3974,2411,187,65536,0,0,0,False,False
6512,3211,1555,3467,1811,187,65536,0,0,0,False,False
6513,3240,2379,3496,2635,187,65536,0,0,0,False,False
6514,3392,1532,3648,1788,187,65536,0,0,0,False,False
6515,3162,956,3418,1212,187,65536,0,0,0,False,False
6516,2167,900,2423,1156,187,65536,0,0,0,False,False
6517,3264,2403,3520,2659,187,65536,0,0,0,False,False
6518,2318,2292,2574,2548,187,65536,0,0,0,False,False
6519,1564,1247,1820,1503,187,65536,0,0,0,False,False
6520,2662,1787,2918,2043,187,65536,0,0,0,False,False
6521,3176,1638,3432,1894,187,65536,0,0,0,False,False
6522,1292,1683,1548,1939,187,65536,0,0,0,False,False
6523,1501,1888,1757,2144,187,65536,0,0,0,False,False
6524,1932,1766,2188,2022,187,65536,0,0,0,False,False
6525,3355,2290,3611,2546,187,65536,0,0,0,False,False
6526,2059,1291,2315,1547,187,65536,0,0,0,False,False
6527,1741,2051,1997,2307,187,65536,0,0,0,False,False
6528,1802,2446,2058,2702,187,65536,0,0,0,False,False
6529,2434,1107,2690,1363,187,65536,0,0,0,False,False
6530,2096,2340,2352,2596,187,65536,0,0,0,False,False
6531,3059,1624,3315,1880,187,65536,0,0,0,False,False
6532,3251,1177,3507,1433,187,65536,0,0,0,False,False
6533,1879,2347,2135,2603,187,65536,0,0,0,False,False
6534,1584,2364,1840,2620,187,65536,0,0,0,False,False
6535,2308,2128,2564,2384,187,65536,0,0,0,False,False
6536,1942,2162,2198,2418,187,65536,0,0,0,False,False
6537,2388,2339,2644,2595,187,65536,0,0,0,False,False
6538,1439,960,1695,1216,187,65536,0,0,0,False,False
6539,3374,1040,3630,1296,187,65536,0,0,0,False,False
6540,3442,1655,3698,1911,195,65536,0,0,0,False,False
6541,2978,1599,3234,1855,195,65536,0,0,0,False,False
6542,3439,1955,3695,2211,195,65536,0,0,0,False,False
6543,2600,1242,2856,1498,195,65536,0,0,0,False,False
6544,3043,1138,3299,1394,195,65536,0,0,0,False,False
6545,1739,1464,1995,1720,195,65536,0,0,0,False,False
6546,2011,2249,2267,2505,195,65536,0,0,0,False,False
6547,1209,2019,1465,2275,195,65536,0,0,0,False,False
6548,3710,2309,3966,2565,195,65536,0,0,0,False,False
6549,3555,1476,3811,1732,195,65536,0,0,0,False,False
6550,1323,1810,1579,2066,195,65536,0,0,0,False,False
6551,1448,1470,1704,1726,195,65536,0,0,0,False,False
6552,2518,2473,2774,2729,195,65536,0,0,0,False,False
6553,1713,1903,1969,2159,195,65536,0,0,0,False,False
6554,2185,1795,2441,2051,195,65536,0,0,0,False,False
6555,2449,2334,2705,2590,195,65536,0,0,0,False,False
6556,3373,2424,3629,2680,195,65536,0,0,0,False,False
6557,1762,1298,2018,1554,195,65536,0,0,0,False,False
6558,3809,1969,4065,2225,195,65536,0,0,0,False,False
6559,2858,1193,3114,1449,195,65536,0,0,0,False,False
6560,3113,1625,3369,1881,195,65536,0,0,0,False,False
6561,1609,1611,1865,1867,195,65536,0,0,0,False,False
6562,3749,1550,4005,1806,195,65536,0,0,0,False,False
6563,2090,1568,2346,1824,195,65536,0,0,0,False,False
6564,1285,1627,1541,1883,195,65536,0,0,0,False,False
6565,3389,2063,3645,2319,195,65536,0,0,0,False,False
6566,1247,1744,1503,2000,195,65536,0,0,0,False,False
6567,2121,1996,2377,2252,195,65536,0,0,0,False,False
6568,3881,2397,4137,2653,195,65536,0,0,0,False,False
6569,3345,2039,3601,2295,195,65536,0,0,0,False,False
6570,2157,2523,2413,2779,196,65536,0,0,0,False,False
6571,3942,2119,4198,2375,196,65536,0,0,0,False,False
6572,3618,1234,3874,1490,196,65536,0,0,0,False,False
6573,2037,2297,2293,2553,196,65536,0,0,0,False,False
6574,2513,2059,2769,2315,196,65536,0,0,0,False,False
6575,2882,1748,3138,2004,196,65536,0,0,0,False,False
6576,3710,2268,3966,2524,196,65536,0,0,0,False,False
6577,1874,2406,2130,2662,196,65536,0,0,0,False,False
6578,1666,1792,1922,2048,196,64308,1228,0,0,True,False
6579,3570,1883,3826,2139,196,65536,0,0,0,False,False
6580,2989,1823,3245,2079,196,65536,0,0,0,False,False
6581,3765,1530,4021,1786,196,65536,0,0,0,False,False
6582,1741,1436,1997,1692,196,62392,3144,0,0,True,False
6583,2531,1450,2787,1706,196,65536,0,0,0,False,False
6584,1723,1316,1979,1572,196,65536,0,0,0,False,False
6585,3552,971,3808,1227,196,65536,0,0,0,False,False
6586,3057,1051,3313,1307,196,65536,0,0,0,False,False
6587,3962,1058,4218,1314,196,65536,0,0,0,False,False
6588,1565,1397,1821,1653,196,65536,0,0,0,False,False
6589,2728,1808,2984,2064,196,65536,0,0,0,False,False
6590,3564,2315,3820,2571,196,65536,0,0,0,False,False
6591,3797,1317,4053,1573,196,65536,0,0,0,False,False
6592,2163,1758,2419,2014,196,65536,0,0,0,False,False
6593,3671,2245,3927,2501,196,65536,0,0,0,False,False
6594,1889,2051,2145,2307,196,65536,0,0,0,False,False
6595,1410,1949,1666,2205,196,62900,2636,0,0,True,False
6596,3998,2258,4254,2514,196,65536,0,0,0,False,False
6597,2930,1373,3186,1629,196,65536,0,0,0,False,False
6598,3316,2456,3572,2712,196,65536,0,0,0,False,False
6599,2973,1690,3229,1946,196,65536,0,0,0,False,False
6600,1265,843,1521,1099,198,65536,0,0,0,False,False
6601,1690,2237,1946,2493,198,65536,0,0,0,False,False
6602,2247,1374,2503,1630,198,65536,0,0,0,False,False
6603,2750,1808,3006,2064,198,65536,0,0,0,False,False
6604,2337,2278,2593,2534,198,65536,0,0,0,False,False
6605,1430,1641,1686,1897,198,65536,0,0,0,False,False
6606,1639,2128,1895,2384,198,65536,0,0,0,False,False
6607,3367,1409,3623,1665,198,65536,0,0,0,False,False
6608,2153,1955,2409,2211,198,65536,0,0,0,False,False
6609,3162,1252,3418,1508,198,65536,0,0,0,False,False
6610,1653,1500,1909,1756,198,65536,0,0,0,False,False
6611,2711,898,2967,1154,198,65536,0,0,0,False,False
6612,2068,1937,2324,2193,198,65536,0,0,0,False,False
6613,2259,1382,2515,1638,198,65536,0,0,0,False,False
6614,3063,2070,3319,2326,198,65536,0,0,0,False,False
6615,3964,1189,4220,1445,198,65536,0,0,0,False,False
6616,1911,1758,2167,2014,198,65536,0,0,0,False,False
6617,1153,1637,1409,1893,198,65536,0,0,0,False,False
6618,3019,1762,3275,2018,198,65536,0,0,0,False,False
6619,3523,1627,3779,1883,198,65536,0,0,0,False,False
6620,2058,1504,2314,1760,198,65536,0,0,0,False,False
6621,3570,2218,3826,2474,198,65536,0,0,0,False,False
6622,1461,1389,1717,1645,198,65536,0,0,0,False,False
6623,2546,2132,2802,2388,198,65536,0,0,0,False,False
6624,3056,1056,3312,1312,198,65536,0,0,0,False,False
6625,1335,2277,1591,2533,198,65536,0,0,0,False,False
6626,1755,2172,2011,2428,198,65536,0,0,0,False,False
6627,3810,2506,4066,2762,198,65536,0,0,0,False,False
6628,3100,905,3356,1161,198,65536,0,0,0,False,False
6629,2169,1910,2425,2166,198,65536,0,0,0,False,False
6630,3323,1663,3579,1919,199,65536,0,0,0,False,False
6631,3481,1644,3737,1900,199,65536,0,0,0,False,False
6632,2897,1679,3153,1935,199,65536,0,0,0,False,False
6633,1271,1820,1527,2076,199,61802,3734,0,0,True,False
6634,2367,1103,2623,1359,199,65536,0,0,0,False,False
6635,3478,1115,3734,1371,199,65536,0,0,0,False,False
6636,1313,1943,1569,2199,199,62126,3410,0,0,True,False
6637,1568,1780,1824,2036,199,60832,4704,0,0,True,False
6638,1245,1297,1501,1553,199,65536,0,0,0,False,False
6639,2603,1198,2859,1454,199,61422,4114,0,0,True,False
6640,1713,2326,1969,2582,199,65536,0,0,0,False,False
6641,1751,875,2007,1131,199,65536,0,0,0,False,False
6642,3494,1270,3750,1526,199,65536,0,0,0,False,False
6643,1369,2184,1625,2440,199,65536,0,0,0,False,False
6644,3916,996,4172,1252,199,65536,0,0,0,False,False
6645,3464,842,3720,1098,199,65536,0,0,0,False,False
6646,3500,878,3756,1134,199,65536,0,0,0,False,False
6647,2697,1683,2953,1939,199,65536,0,0,0,False,False
6648,2457,1552,2713,1808,199,65536,0,0,0,False,False
6649,1921,1783,2177,2039,199,65525,11,0,0,True,False
6650,2689,889,2945,1145,199,65536,0,0,0,False,False
6651,3297,2520,3553,2776,199,65536,0,0,0,False,False
6652,1148,2016,1404,2272,199,65536,0,0,0,False,False
6653,2447,2265,2703,2521,199,65536,0,0,0,False,False
6654,1511,1414,1767,1670,199,65536,0,0,0,False,False
6655,3082,997,3338,1253,199,63856,1680,0,0,True,False
6656,2306,1472,2562,1728,199,60596,4940,0,0,True,False
6657,2403,1388,2659,1644,199,60606,4930,0,0,True,False
6658,3877,1217,4133,1473,199,65536,0,0,0,False,False
6659,1561,899,1817,1155,199,65536,0,0,0,False,False
6660,3513,1246,3769,1502,236,64864,0,672,0,False,True
6661,2410,1949,2666,2205,236,65536,0,0,0,False,False
6662,1534,2412,1790,2668,236,65536,0,0,0,False,False
6663,3713,1230,3969,1486,236,65536,0,0,0,False,False
6664,1307,1985,1563,2241,236,60620,0,4916,0,False,True
6665,3934,1601,4190,1857,236,65536,0,0,0,False,False
6666,3792,2302,4048,2558,236,65536,0,0,0,False,False
6667,2741,1261,2997,1517,236,65536,0,0,0,False,False
6668,1996,2229,2252,2485,236,62804,0,2732,0,False,True
6669,2713,940,2969,1196,236,65536,0,0,0,False,False
6670,1699,2370,1955,2626,236,65536,0,0,0,False,False
6671,3004,1792,3260,2048,236,62516,0,3020,0,False,True
6672,1167,2084,1423,2340,236,61900,0,3636,0,False,True
6673,3095,2401,3351,2657,236,65536,0,0,0,False,False
6674,1598,1695,1854,1951,236,62466,0,3070,0,False,True
6675,1189,1172,1445,1428,236,65536,0,0,0,False,False
6676,1943,2060,2199,2316,236,60832,0,4704,0,False,True
6677,3273,1334,3529,1590,236,65536,0,0,0,False,False
6678,3138,1436,3394,1692,236,65536,0,0,0,False,False
6679,1772,1369,2028,1625,236,65536,0,0,0,False,False
6680,3049,1151,3305,1407,236,65536,0,0,0,False,False
6681,1283,1993,1539,2249,236,60484,0,5052,0,False,True
6682,2170,1159,2426,1415,236,63132,0,2404,0,False,True
6683,1248,1355,1504,1611,236,65536,0,0,0,False,False
6684,2488,2095,2744,2351,236,65328,0,208,0,False,True
6685,3908,2082,4164,2338,236,65536,0,0,0,False,False
6686,2394,2257,2650,2513,236,63408,0,2128,0,False,True
6687,2091,1802,2347,2058,236,65536,0,0,0,False,False
6688,3554,2497,3810,2753,236,65536,0,0,0,False,False
6689,2423,1030,2679,1286,236,65196,0,340,0,False,True
6690,2543,1707,2799,1963,237,65536,0,0,0,False,False
6691,3991,2018,4247,2274,237,65536,0,0,0,False,False
6692,1686,2348,1942,2604,237,65536,0,0,0,False,False
6693,3312,1268,3568,1524,237,65536,0,0,0,False,False
6694,2650,1330,2906,1586,237,62340,3196,0,0,True,False
6695,2516,2266,2772,2522,237,63356,0,2180,0,False,True
6696,3666,1402,3922,1658,237,65536,0,0,0,False,False
6697,2724,1464,2980,1720,237,65536,0,0,0,False,False
6698,2682,1355,2938,1611,237,64024,1512,0,0,True,False
6699,3236,1389,3492,1645,237,65536,0,0,0,False,False
6700,2624,1846,2880,2102,237,65536,0,0,0,False,False
6701,3914,2450,4170,2706,237,65536,0,0,0,False,False
6702,3163,1991,3419,2247,237,65536,0,0,0,False,False
6703,3457,1619,3713,1875,237,65536,0,0,0,False,False
6704,3232,2210,3488,2466,237,65536,0,0,0,False,False
6705,3932,1795,4188,2051,237,65536,0,0,0,False,False
6706,2552,2158,2808,2414,237,63892,0,1644,0,False,True
6707,1342,2239,1598,2495,237,65536,0,0,0,False,False
6708,2061,1695,2317,1951,237,65536,0,0,0,False,False
6709,3038,2117,3294,2373,237,65536,0,0,0,False,False
6710,2076,1994,2332,2250,237,65536,0,0,0,False,False
6711,3061,1058,3317,1314,237,65132,404,0,0,True,False
6712,3227,1748,3483,2004,237,65536,0,0,0,False,False
6713,1969,2032,2225,2288,237,65536,0,0,0,False,False
6714,2466,1468,2722,1724,237,64420,1116,0,0,True,False
6715,3928,1167,4184,1423,237,65536,0,0,0,False,False
6716,2649,1590,2905,1846,237,65536,0,0,0,False,False
6717,2552,1880,2808,2136,237,65536,0,0,0,False,False
6718,2573,1538,2829,1794,237,65536,0,0,0,False,False
6719,2338,1521,2594,1777,237,64086,1450,0,0,True,False
6720,2601,969,2857,1225,239,65536,0,0,0,False,False
6721,3164,1023,3420,1279,239,65536,0,0,0,False,False
6722,2147,1224,2403,1480,239,65536,0,0,0,False,False
6723,1750,877,2006,1133,239,65536,0,0,0,False,False
6724,3809,1370,4065,1626,239,65536,0,0,0,False,False
6725,1388,1741,1644,1997,239,65536,0,0,0,False,False
6726,3207,1387,3463,1643,239,65536,0,0,0,False,False
6727,3956,992,4212,1248,239,65536,0,0,0,False,False
6728,3064,2016,3320,2272,239,65536,0,0,0,False,False
6729,3367,2259,3623,2515,239,65536,0,0,0,False,False
6730,1888,1146,2144,1402,239,65536,0,0,0,False,False
6731,1176,1378,1432,1634,239,65536,0,0,0,False,False
6732,2689,2140,2945,2396,239,65536,0,0,0,False,False
6733,3764,2229,4020,2485,239,65536,0,0,0,False,False
6734,1934,1871,2190,2127,239,65536,0,0,0,False,True
6735,3386,2270,3642,2526,239,65536,0,0,0,False,False
6736,3725,1856,3981,2112,239,65536,0,0,0,False,False
6737,3060,1879,3316,2135,239,65536,0,0,0,False,False
6738,1615,2065,1871,2321,239,65536,0,0,0,False,False
6739,2059,1801,2315,2057,239,65536,0,0,0,False,False
6740,1705,1929,1961,2185,239,65536,0,0,0,False,False
6741,2376,2295,2632,2551,239,65536,0,0,0,False,False
6742,1397,1046,1653,1302,239,65536,0,0,0,False,False
6743,3659,2176,3915,2432,239,65536,0,0,0,False,False
6744,3730,2244,3986,2500,239,65536,0,0,0,False,False
6745,1872,895,2128,1151,239,65536,0,0,0,False,False
6746,1667,1783,1923,2039,239,65536,0,0,0,False,False
6747,2756,2031,3012,2287,239,65536,0,0,0,False,False
6748,1784,2232,2040,2488,239,65536,0,0,0,False,False
6749,3780,2448,4036,2704,239,65536,0,0,0,False,False
6750,1866,1857,2122,2113,241,65536,0,0,0,False,False
6751,2544,2162,2800,2418,241,65536,0,0,0,False,False
6752,2235,1303,2491,1559,241,65536,0,0,0,False,False
6753,3637,2013,3893,2269,241,65536,0,0,0,False,False
6754,1563,863,1819,1119,241,65536,0,0,0,False,False
6755,1327,1123,1583,1379,241,65536,0,0,0,False,False
6756,3515,1706,3771,1962,241,65536,0,0,0,False,False
6757,2069,1197,2325,1453,241,65536,0,0,0,False,False
6758,2487,1376,2743,1632,241,65536,0,0,0,False,False
6759,2055,1873,2311,2129,241,65536,0,0,0,False,False
6760,3139,1972,3395,2228,241,65536,0,0,0,False,False
6761,1840,1950,2096,2206,241,65536,0,0,0,False,False
6762,3472,1405,3728,1661,241,65536,0,0,0,False,False
6763,1587,1955,1843,2211,241,65536,0,0,0,False,False
6764,3982,1692,4238,1948,241,65536,0,0,0,False,False
6765,1851,1103,2107,1359,241,65536,0,0,0,False,False
6766,2493,922,2749,1178,241,65536,0,0,0,False,False
6767,3158,1741,3414,1997,241,65536,0,0,0,False,False
6768,3239,2210,3495,2466,241,65536,0,0,0,False,False
6769,3909,926,4165,1182,241,65536,0,0,0,False,False
6770,2526,1760,2782,2016,241,65536,0,0,0,False,False
6771,1177,1596,1433,1852,241,65536,0,0,0,False,False
6772,1433,1922,1689,2178,241,65536,0,0,0,False,True
6773,2719,2352,2975,2608,241,65536,0,0,0,False,False
6774,3993,904,4249,1160,241,65536,0,0,0,False,False
6775,1336,1652,1592,1908,241,65536,0,0,0,False,False
6776,3291,892,3547,1148,241,65536,0,0,0,False,False
6777,3635,1512,3891,1768,241,65536,0,0,0,False,False
6778,3575,2004,3831,2260,241,65536,0,0,0,False,False
6779,3471,1875,3727,2131,241,65536,0,0,0,False,False
6780,2211,2182,2467,2438,243,65536,0,0,0,False,False
6781,1604,1934,1860,2190,243,65536,0,0,0,False,False
6782,1972,1830,2228,2086,243,65536,0,0,0,False,False
6783,3971,1151,4227,1407,243,65536,0,0,0,False,False
6784,3963,1560,4219,1816,243,65536,0,0,0,False,False
6785,1965,2193,2221,2449,243,65536,0,0,0,False,False
6786,2640,905,2896,1161,243,65536,0,0,0,False,False
6787,3826,1221,4082,1477,243,65536,0,0,0,False,False
6788,3892,1786,4148,2042,243,65536,0,0,0,False,False
6789,1340,2340,1596,2596,243,65536,0,0,0,False,False
6790,1837,1177,2093,1433,243,65536,0,0,0,False,False
6791,2507,1357,2763,1613,243,65536,0,0,0,False,False
6792,3711,1844,3967,2100,243,65536,0,0,0,False,False
6793,2516,1197,2772,1453,243,65536,0,0,0,False,False
6794,1373,1158,1629,1414,243,65536,0,0,0,False,False
6795,3338,1381,3594,1637,243,65536,0,0,0,False,False
6796,2702,1670,2958,1926,243,65536,0,0,0,False,False
6797,1531,2231,1787,2487,243,65536,0,0,0,False,False
6798,1305,2388,1561,2644,243,65536,0,0,0,False,False
6799,1232,1163,1488,1419,243,65536,0,0,0,False,False
6800,3854,972,4110,1228,243,65536,0,0,0,False,False
6801,3349,834,3605,1090,243,65536,0,0,0,False,False
6802,1660,1915,1916,2171,243,65536,0,0,0,False,False
6803,2897,2172,3153,2428,243,65536,0,0,0,False,False
6804,2364,2417,2620,2673,243,65536,0,0,0,False,False
6805,1997,900,2253,1156,243,65536,0,0,0,False,False
6806,3624,2517,3880,2773,243,65536,0,0,0,False,False
6807,1725,2293,1981,2549,243,65536,0,0,0,False,False
6808,3374,1565,3630,1821,243,65536,0,0,0,False,False
6809,3249,2478,3505,2734,243,65536,0,0,0,False,False
6810,2080,2488,2336,2744,247,65536,0,0,0,False,False
6811,2947,948,3203,1204,247,65536,0,0,0,False,False
6812,2128,1130,2384,1386,247,65536,0,0,0,False,False
6813,1134,867,1390,1123,247,65536,0,0,0,False,False
6814,1720,1544,1976,1800,247,65536,0,0,0,False,False
6815,3341,1805,3597,2061,247,65536,0,0,0,False,False
6816,3810,2009,4066,2265,247,65536,0,0,0,False,False
6817,2884,1506,3140,1762,247,65536,0,0,0,False,False
6818,2133,1013,2389,1269,247,65536,0,0,0,False,False
6819,2976,952,3232,1208,247,65536,0,0,0,False,False
6820,1486,1226,1742,1482,247,65536,0,0,0,False,False
6821,3688,1389,3944,1645,247,65536,0,0,0,False,False
6822,2511,2212,2767,2468,247,65536,0,0,0,False,False
6823,2945,2363,3201,2619,247,65536,0,0,0,False,False
6824,1517,1909,1773,2165,247,65536,0,0,0,False,False
6825,3137,1323,3393,1579,247,65536,0,0,0,False,False
6826,2724,2326,2980,2582,247,65536,0,0,0,False,False
6827,1671,2045,1927,2301,247,65536,0,0,0,False,False
6828,3068,2177,3324,2433,247,65536,0,0,0,False,False
6829,2621,2115,2877,2371,247,65536,0,0,0,False,False
6830,2930,1046,3186,1302,247,65536,0,0,0,False,False
6831,3292,1727,3548,1983,247,65536,0,0,0,False,True
6832,1676,2373,1932,2629,247,65536,0,0,0,False,False
6833,1218,1826,1474,2082,247,65536,0,0,0,False,False
6834,3168,2063,3424,2319,247,65536,0,0,0,False,False
6835,2526,1027,2782,1283,247,65536,0,0,0,False,False
6836,3217,1826,3473,2082,247,65536,0,0,0,False,False
6837,2390,1076,2646,1332,247,65536,0,0,0,False,False
6838,1615,1401,1871,1657,247,65536,0,0,0,False,False
6839,2828,1070,3084,1326,247,65536,0,0,0,False,False
6840,2490,1653,2746,1909,260,65536,0,0,0,False,False
6841,2897,2429,3153,2685,260,65536,0,0,0,False,False
6842,1808,2249,2064,2505,260,65536,0,0,0,False,False
6843,1122,1183,1378,1439,260,65536,0,0,0,False,False
6844,3297,1356,3553,1612,260,65536,0,0,0,False,False
6845,1251,1978,1507,2234,260,65536,0,0,0,False,False
6846,1929,2216,2185,2472,260,65536,0,0,0,False,False
6847,2514,1350,2770,1606,260,65536,0,0,0,False,False
6848,3456,2125,3712,2381,260,65536,0,0,0,False,False
6849,2860,2325,3116,2581,260,65536,0,0,0,False,False
6850,1365,2355,1621,2611,260,65536,0,0,0,False,False
6851,2254,2169,2510,2425,260,65536,0,0,0,False,False
6852,3168,1494,3424,1750,260,65536,0,0,0,False,False
6853,3281,2167,3537,2423,260,65536,0,0,0,False,False
6854,2363,980,2619,1236,260,65536,0,0,0,False,False
6855,2305,1006,2561,1262,260,65536,0,0,0,False,False
6856,2176,1033,2432,1289,260,65536,0,0,0,False,False
6857,1963,963,2219,1219,260,65536,0,0,0,False,False
6858,2513,1910,2769,2166,260,65536,0,0,0,False,False
6859,1484,1427,1740,1683,260,65536,0,0,0,False,False
6860,2695,2028,2951,2284,260,65536,0,0,0,False,False
6861,2942,1665,3198,1921,260,65536,0,0,0,False,False
6862,3663,1826,3919,2082,260,65536,0,0,0,False,False
6863,2127,1149,2383,1405,260,65536,0,0,0,False,False
6864,3905,1889,4161,2145,260,65536,0,0,0,False,True
6865,1806,1806,2062,2062,260,65536,0,0,0,False,False
6866,3666,1272,3922,1528,260,65536,0,0,0,False,False
6867,1962,2391,2218,2647,260,65536,0,0,0,False,False
6868,1702,2508,1958,2764,260,65536,0,0,0,False,False
6869,1493,2184,1749,2440,260,65536,0,0,0,False,False
6870,3767,1875,4023,2131,261,65536,0,0,0,False,False
6871,1274,1493,1530,1749,261,65536,0,0,0,False,False
6872,1850,2235,2106,2491,261,64808,0,728,0,False,True
6873,1874,1248,2130,1504,261,63200,2336,0,0,True,False
6874,1425,2332,1681,2588,261,65536,0,0,0,False,False
6875,2370,2419,2626,2675,261,65536,0,0,0,False,False
6876,3031,1751,3287,2007,261,65536,0,0,0,False,False
6877,3275,1545,3531,1801,261,65536,0,0,0,False,False
6878,2728,2328,2984,2584,261,65536,0,0,0,False,False
6879,2699,1335,2955,1591,261,65536,0,0,0,False,False
6880,3211,1275,3467,1531,261,65281,0,255,0,False,True
6881,3630,2335,3886,2591,261,65536,0,0,0,False,True
6882,2244,1120,2500,1376,261,64868,0,668,0,False,True
6883,2548,2204,2804,2460,261,65536,0,0,0,False,False
6884,3497,2425,3753,2681,261,65536,0,0,0,False,False
6885,3278,2349,3534,2605,261,65536,0,0,0,False,False
6886,3674,1365,3930,1621,261,65536,0,0,0,False,False
6887,1733,1234,1989,1490,261,63724,1812,0,0,True,False
6888,3735,1438,3991,1694,261,65536,0,0,0,False,False
6889,3855,2250,4111,2506,261,65536,0,0,0,False,False
6890,1671,1378,1927,1634,261,64280,1256,0,0,True,False
6891,1940,1703,2196,1959,261,62080,0,3456,0,False,True
6892,3966,1220,4222,1476,261,65536,0,0,0,False,False
6893,3586,1594,3842,1850,261,65536,0,0,0,False,False
6894,3154,2070,3410,2326,261,65536,0,0,0,False,False
6895,1709,2276,1965,2532,261,64928,0,608,0,False,True
6896,3912,1552,4168,1808,261,65536,0,0,0,False,False
6897,3561,2418,3817,2674,261,65536,0,0,0,False,False
6898,1719,977,1975,1233,261,65536,0,0,0,False,False
6899,2931,1252,3187,1508,261,65536,0,0,0,False,False
6900,3525,1904,3781,2160,263,65536,0,0,0,False,False
6901,2816,1110,3072,1366,263,65536,0,0,0,False,False
6902,3183,1517,3439,1773,263,65536,0,0,0,False,False
6903,1182,1151,1438,1407,263,65536,0,0,0,False,False
6904,1527,1646,1783,1902,263,65536,0,0,0,False,False
6905,2451,1308,2707,1564,263,65536,0,0,0,False,False
6906,2281,1044,2537,1300,263,65536,0,0,0,False,False
6907,3466,1152,3722,1408,263,65536,0,0,0,False,False
6908,2587,1678,2843,1934,263,65536,0,0,0,False,False
6909,2799,1107,3055,1363,263,65536,0,0,0,False,False
6910,1254,2111,1510,2367,263,65536,0,0,0,False,False
6911,3031,1446,3287,1702,263,65536,0,0,0,False,False
6912,2721,999,2977,1255,263,65536,0,0,0,False,False
6913,2824,1818,3080,2074,263,65536,0,0,0,False,False
6914,3576,1894,3832,2150,263,65536,0,0,0,False,False
6915,1640,2486,1896,2742,263,65536,0,0,0,False,False
6916,2283,1067,2539,1323,263,65536,0,0,0,False,False
6917,1470,1026,1726,1282,263,65536,0,0,0,False,False
6918,2751,897,3007,1153,263,65536,0,0,0,False,False
6919,3719,1297,3975,1553,263,65536,0,0,0,False,False
6920,3264,1733,3520,1989,263,65536,0,0,0,False,False
6921,2998,2427,3254,2683,263,65536,0,0,0,False,False
6922,3539,1087,3795,1343,263,65536,0,0,0,False,True
6923,3496,2430,3752,2686,263,65536,0,0,0,False,False
6924,3647,1888,3903,2144,263,65536,0,0,0,False,False
6925,1771,2396,2027,2652,263,65536,0,0,0,False,False
6926,3960,1157,4216,1413,263,65536,0,0,0,False,False
6927,2144,1956,2400,2212,263,65536,0,0,0,False,False
6928,1539,2320,1795,2576,263,65536,0,0,0,False,False
6929,2950,1083,3206,1339,263,65536,0,0,0,False,False
6930,1942,1370,2198,1626,266,65536,0,0,0,False,False
6931,3080,1201,3336,1457,266,65536,0,0,0,False,False
6932,2736,1225,2992,1481,266,65536,0,0,0,False,False
6933,2695,2307,2951,2563,266,65536,0,0,0,False,False
6934,1220,1897,1476,2153,266,65536,0,0,0,False,False
6935,2537,1721,2793,1977,266,65536,0,0,0,False,False
6936,2406,1446,2662,1702,266,65536,0,0,0,False,False
6937,3615,1318,3871,1574,266,65536,0,0,0,False,False
6938,2039,2431,2295,2687,266,65536,0,0,0,False,False
6939,1122,902,1378,1158,266,65536,0,0,0,False,False
6940,1937,948,2193,1204,266,65536,0,0,0,False,False
6941,2549,1029,2805,1285,266,65536,0,0,0,False,False
6942,1997,1978,2253,2234,266,65536,0,0,0,False,False
6943,2968,1048,3224,1304,266,65536,0,0,0,False,False
6944,2937,2357,3193,2613,266,65536,0,0,0,False,False
6945,1654,1712,1910,1968,266,65536,0,0,0,False,False
6946,2798,1557,3054,1813,266,65536,0,0,0,False,False
6947,1198,2393,1454,2649,266,65536,0,0,0,False,False
6948,1436,1394,1692,1650,266,65536,0,0,0,False,False
6949,2946,1024,3202,1280,266,65536,0,0,0,False,False
6950,3463,1295,3719,1551,266,65536,0,0,0,False,False
6951,3741,1157,3997,1413,266,65536,0,0,0,False,False
6952,1270,857,1526,1113,266,65536,0,0,0,False,False
6953,3185,2012,3441,2268,266,65536,0,0,0,False,False
6954,1663,1389,1919,1645,266,65536,0,0,0,False,True
6955,1442,2446,1698,2702,266,65536,0,0,0,False,False
6956,2749,1824,3005,2080,266,65536,0,0,0,False,False
6957,1679,1589,1935,1845,266,65536,0,0,0,False,False
6958,1936,876,2192,1132,266,65536,0,0,0,False,False
6959,2793,1407,3049,1663,266,65536,0,0,0,False,True
6960,3878,2191,4134,2447,282,65536,0,0,0,False,False
6961,3999,1482,4255,1738,282,65536,0,0,0,False,False
6962,1122,1504,1378,1760,282,65536,0,0,0,False,False
6963,1160,1989,1416,2245,282,65536,0,0,0,False,False
6964,3622,1317,3878,1573,282,65536,0,0,0,False,False
6965,2809,2026,3065,2282,282,65536,0,0,0,False,False
6966,1874,1639,2130,1895,282,65536,0,0,0,False,False
6967,3776,1911,4032,2167,282,65536,0,0,0,False,False
6968,1870,1692,2126,1948,282,65536,0,0,0,False,False
6969,1857,1137,2113,1393,282,65536,0,0,0,False,False
6970,2873,1725,3129,1981,282,65536,0,0,0,False,False
6971,3117,957,3373,1213,282,65536,0,0,0,False,False
6972,2844,2322,3100,2578,282,65536,0,0,0,False,False
6973,2515,870,2771,1126,282,65536,0,0,0,False,False
6974,3944,2036,4200,2292,282,65536,0,0,0,False,False
6975,2162,1791,2418,2047,282,65536,0,0,0,False,False
6976,2763,1323,3019,1579,282,65536,0,0,0,False,False
6977,3799,1938,4055,2194,282,65536,0,0,0,False,False
6978,1588,1457,1844,1713,282,65536,0,0,0,False,False
6979,1925,1524,2181,1780,282,65536,0,0,0,False,False
6980,2901,1339,3157,1595,282,65536,0,0,0,False,False
6981,2122,1889,2378,2145,282,65536,0,0,0,False,False
6982,3867,1003,4123,1259,282,65536,0,0,0,False,False
6983,1278,1771,1534,2027,282,65536,0,0,0,False,False
6984,2280,1873,2536,2129,282,65536,0,0,0,False,False
6985,3195,2075,3451,2331,282,65536,0,0,0,False,False
6986,2866,1276,3122,1532,282,65536,0,0,0,False,False
6987,1977,1420,2233,1676,282,65536,0,0,0,False,False
6988,2163,894,2419,1150,282,65536,0,0,0,False,False
6989,3852,845,4108,1101,282,65536,0,0,0,False,False
6990,3068,1988,3324,2244,283,63692,1844,0,0,True,False
6991,3246,2005,3502,2261,283,64752,784,0,0,True,False
6992,2862,1683,3118,1939,283,61586,3950,0,0,True,False
6993,2279,1209,2535,1465,283,59854,5682,0,0,True,False
6994,3180,2045,3436,2301,283,65268,268,0,0,True,False
6995,2257,1879,2513,2135,283,65536,0,0,0,False,False
6996,3208,1711,3464,1967,283,65536,0,0,0,False,False
6997,1550,1613,1806,1869,283,65536,0,0,0,False,False
6998,3606,1710,3862,1966,283,65536,0,0,0,False,False
6999,1391,1761,1647,2017,283,65536,0,0,0,False,False
7000,3249,2450,3505,2706,283,65536,0,0,0,False,False
7001,2321,1716,2577,1972,283,65536,0,0,0,False,False
7002,3994,1803,4250,2059,283,65536,0,0,0,False,False
7003,3083,1171,3339,1427,283,65536,0,0,0,False,False
7004,3895,1239,4151,1495,283,65536,0,0,0,False,False
7005,2289,1750,2545,2006,283,65536,0,0,0,False,False
7006,2447,960,2703,1216,283,65536,0,0,0,False,False
7007,3731,926,3987,1182,283,65536,0,0,0,False,False
7008,3639,2128,3895,2384,283,65536,0,0,0,False,False
7009,3752,2205,4008,2461,283,65536,0,0,0,False,False
7010,3803,1665,4059,1921,283,65536,0,0,0,False,False
7011,2249,1773,2505,2029,283,65536,0,0,0,False,False
7012,1215,1929,1471,2185,283,65536,0,0,0,False,False
7013,3265,1179,3521,1435,283,65536,0,0,0,False,False
7014,3437,1813,3693,2069,283,65536,0,0,0,False,False
7015,3480,1605,3736,1861,283,65536,0,0,0,False,False
7016,3846,2244,4102,2500,283,65536,0,0,0,False,False
7017,1707,1398,1963,1654,283,65536,0,0,0,False,False
7018,3941,1372,4197,1628,283,65536,0,0,0,False,False
7019,1882,2413,2138,2669,283,65536,0,0,0,False,False
7020,3665,1692,3921,1948,284,65536,0,0,0,False,False
7021,3675,1342,3931,1598,284,65536,0,0,0,False,False
7022,3973,1655,4229,1911,284,65536,0,0,0,False,True
7023,1292,944,1548,1200,284,65536,0,0,0,False,False
7024,3485,2433,3741,2689,284,65536,0,0,0,False,False
7025,3286,2417,3542,2673,284,65536,0,0,0,False,True
7026,1321,2277,1577,2533,284,65536,0,0,0,False,False
7027,2803,2372,3059,2628,284,65536,0,0,0,False,False
7028,3828,1997,4084,2253,284,65536,0,0,0,False,False
7029,2269,2160,2525,2416,284,65536,0,0,0,False,False
7030,3173,2295,3429,2551,284,65536,0,0,0,False,False
7031,1573,1046,1829,1302,284,65536,0,0,0,False,False
7032,1313,1340,1569,1596,284,65536,0,0,0,False,False
7033,3810,2027,4066,2283,284,65536,0,0,0,False,False
7034,3181,2029,3437,2285,284,65536,0,0,0,False,False
7035,2480,1705,2736,1961,284,65536,0,0,0,False,False
7036,2343,1957,2599,2213,284,65536,0,0,0,False,False
7037,2923,1030,3179,1286,284,65536,0,0,0,False,False
7038,3380,1374,3636,1630,284,65536,0,0,0,False,False
7039,2961,1493,3217,1749,284,65536,0,0,0,False,False
7040,3414,2303,3670,2559,284,65536,0,0,0,False,False
7041,3040,1838,3296,2094,284,65536,0,0,0,False,False
7042,3909,1336,4165,1592,284,65536,0,0,0,False,False
7043,3887,1748,4143,2004,284,65536,0,0,0,False,False
7044,2586,1973,2842,2229,284,65536,0,0,0,False,False
7045,3908,2142,4164,2398,284,65536,0,0,0,False,False
7046,2674,1529,2930,1785,284,65536,0,0,0,False,False
7047,1663,885,1919,1141,284,65536,0,0,0,False,False
7048,1125,1665,1381,1921,284,65536,0,0,0,False,False
7049,2947,1280,3203,1536,284,65536,0,0,0,False,False
7050,2424,1021,2680,1277,288,65536,0,0,0,False,False
7051,2606,1685,2862,1941,288,65536,0,0,0,False,False
7052,2287,1159,2543,1415,288,65536,0,0,0,False,False
7053,3499,1913,3755,2169,288,65536,0,0,0,False,False
7054,1199,1199,1455,1455,288,65536,0,0,0,False,False
7055,1249,1374,1505,1630,288,65536,0,0,0,False,False
7056,1470,1900,1726,2156,288,65536,0,0,0,False,False
7057,3626,2315,3882,2571,288,65536,0,0,0,False,False
7058,3374,1238,3630,1494,288,65536,0,0,0,False,False
7059,2822,2089,3078,2345,288,64372,0,1164,0,False,True
7060,3730,1638,3986,1894,288,65536,0,0,0,False,False
7061,1922,2009,2178,2265,288,62186,0,3350,0,False,True
7062,2533,1209,2789,1465,288,65536,0,0,0,False,False
7063,3983,1133,4239,1389,288,65536,0,0,0,False,False
7064,2738,1678,2994,1934,288,65536,0,0,0,False,True
7065,3007,1969,3263,2225,288,61580,0,3956,0,False,False
7066,2108,2425,2364,2681,288,65536,0,0,0,False,False
7067,1735,2133,1991,2389,288,61698,0,3838,0,False,True
7068,3879,2466,4135,2722,288,65536,0,0,0,False,False
7069,3950,1606,4206,1862,288,65536,0,0,0,False,False
7070,3350,2331,3606,2587,288,65536,0,0,0,False,False
7071,2385,2163,2641,2419,288,60862,0,4674,0,False,False
7072,3495,1533,3751,1789,288,65536,0,0,0,False,False
7073,3383,2397,3639,2653,288,65536,0,0,0,False,False
7074,2786,1678,3042,1934,288,65536,0,0,0,False,False
7075,2620,1246,2876,1502,288,64520,0,1016,0,False,True
7076,3413,1846,3669,2102,288,65536,0,0,0,False,False
7077,1260,1103,1516,1359,288,65536,0,0,0,False,False
7078,1596,1272,1852,1528,288,65536,0,0,0,False,False
7079,1556,2240,1812,2496,288,65536,0,0,0,False,False
7080,1413,1558,1669,1814,289,64238,0,1298,0,False,True
7081,1340,1747,1596,2003,289,65536,0,0,0,False,False
7082,2190,2076,2446,2332,289,63172,0,2364,0,False,True
7083,3754,2216,4010,2472,289,65536,0,0,0,False,False
7084,3603,1251,3859,1507,289,65536,0,0,0,False,False
7085,3515,1726,3771,1982,289,65536,0,0,0,False,False
7086,2047,2061,2303,2317,289,61857,0,3679,0,False,True
7087,1526,2511,1782,2767,289,65536,0,0,0,False,False
7088,2540,978,2796,1234,289,65536,0,0,0,False,False
7089,1372,2223,1628,2479,289,65536,0,0,0,False,False
7090,2915,1262,3171,1518,289,65536,0,0,0,False,False
7091,2162,1615,2418,1871,289,63186,2350,0,0,True,False
7092,1935,2030,2191,2286,289,62918,0,2618,0,False,True
7093,1195,1285,1451,1541,289,65536,0,0,0,False,False
7094,2330,1815,2586,2071,289,65506,30,0,0,True,False
7095,3421,1954,3677,2210,289,65536,0,0,0,False,False
7096,3707,1635,3963,1891,289,65536,0,0,0,False,False
7097,2983,2442,3239,2698,289,65536,0,0,0,False,False
7098,2228,2441,2484,2697,289,65536,0,0,0,False,False
7099,3289,2215,3545,2471,289,65536,0,0,0,False,False
7100,1819,1062,2075,1318,289,65536,0,0,0,False,False
7101,3650,1683,3906,1939,289,65536,0,0,0,False,False
7102,1840,1182,2096,1438,289,65536,0,0,0,False,False
7103,1601,1932,1857,2188,289,65536,0,0,0,False,False
7104,1233,2079,1489,2335,289,65536,0,0,0,False,True
7105,3513,1821,3769,2077,289,65536,0,0,0,False,False
7106,1160,2066,1416,2322,289,65536,0,0,0,False,False
7107,3777,1399,4033,1655,289,65536,0,0,0,False,False
7108,2155,1562,2411,1818,289,63204,2332,0,0,True,False
7109,2199,2517,2455,2773,289,65536,0,0,0,False,False
7110,2687,1013,2943,1269,290,65536,0,0,0,False,False
7111,2386,1784,2642,2040,290,65536,0,0,0,False,False
7112,1407,2298,1663,2554,290,65536,0,0,0,False,False
7113,1202,2422,1458,2678,290,65536,0,0,0,False,False
7114,2036,1887,2292,2143,290,62778,2758,0,0,True,False
7115,3183,1141,3439,1397,290,65536,0,0,0,False,False
7116,2082,2046,2338,2302,290,64000,1536,0,0,True,False
7117,1609,1051,1865,1307,290,62418,3118,0,0,True,False
7118,2973,1534,3229,1790,290,65536,0,0,0,False,False
7119,1337,1858,1593,2114,290,65536,0,0,0,False,False
7120,1245,1307,1501,1563,290,65536,0,0,0,False,False
7121,1610,2034,1866,2290,290,65536,0,0,0,False,False
7122,1673,1597,1929,1853,290,64346,1190,0,0,True,False
7123,3262,977,3518,1233,290,65536,0,0,0,False,False
7124,3516,1378,3772,1634,290,65536,0,0,0,False,False
7125,1824,1141,2080,1397,290,65358,178,0,0,True,False
7126,1507,1938,1763,2194,290,65536,0,0,0,False,False
7127,2681,1964,2937,2220,290,65536,0,0,0,False,False
7128,1407,1176,1663,1432,290,65536,0,0,0,False,False
7129,3773,1330,4029,1586,290,65536,0,0,0,False,False
7130,2229,2235,2485,2491,290,65536,0,0,0,False,False
7131,2119,1827,2375,2083,290,65536,0,0,0,False,False
7132,2344,2008,2600,2264,290,65536,0,0,0,False,False
7133,2011,846,2267,1102,290,65536,0,0,0,False,False
7134,2083,1057,2339,1313,290,65536,0,0,0,False,False
7135,3741,1624,3997,1880,290,65536,0,0,0,False,False
7136,2876,1611,3132,1867,290,65536,0,0,0,False,False
7137,2300,1861,2556,2117,290,65536,0,0,0,False,False
7138,2664,2429,2920,2685,290,65536,0,0,0,False,False
7139,1687,1312,1943,1568,290,60868,4668,0,0,True,False
7140,3025,869,3281,1125,291,65536,0,0,0,False,False
7141,1999,2451,2255,2707,291,65536,0,0,0,False,False
7142,3757,2392,4013,2648,291,65536,0,0,0,False,False
7143,2026,1267,2282,1523,291,65536,0,0,0,False,False
7144,1391,2492,1647,2748,291,65536,0,0,0,False,False
7145,2044,1921,2300,2177,291,64748,788,0,0,True,False
7146,2761,1709,3017,1965,291,64110,1426,0,0,True,False
7147,3667,1253,3923,1509,291,65536,0,0,0,False,False
7148,2761,2386,3017,2642,291,65536,0,0,0,False,False
7149,3487,1846,3743,2102,291,65536,0,0,0,False,False
7150,2402,1235,2658,1491,291,62142,3394,0,0,True,False
7151,3738,1154,3994,1410,291,65536,0,0,0,False,False
7152,1746,1579,2002,1835,291,61066,4470,0,0,True,False
7153,2996,1242,3252,1498,291,63040,2496,0,0,True,False
7154,2725,1740,2981,1996,291,62888,2648,0,0,True,False
7155,3723,1720,3979,1976,291,65536,0,0,0,False,True
7156,1211,1830,1467,2086,291,65536,0,0,0,False,True
7157,2700,1124,2956,1380,291,65536,0,0,0,False,False
7158,3582,2238,3838,2494,291,65536,0,0,0,False,False
7159,2801,1470,3057,1726,291,63472,2064,0,0,True,False
7160,3175,1214,3431,1470,291,63246,2290,0,0,True,False
7161,1163,1801,1419,2057,291,65536,0,0,0,False,False
7162,1680,1245,1936,1501,291,60934,4602,0,0,True,False
7163,3028,1925,3284,2181,291,64880,656,0,0,True,False
7164,1926,1126,2182,1382,291,65536,0,0,0,False,False
7165,1270,1532,1526,1788,291,65536,0,0,0,False,False
7166,3022,972,3278,1228,291,65536,0,0,0,False,False
7167,1544,2168,1800,2424,291,64776,760,0,0,True,False
7168,3782,1596,4038,1852,291,65536,0,0,0,False,False
7169,1192,1859,1448,2115,291,65536,0,0,0,False,False
7170,3576,2297,3832,2553,293,65536,0,0,0,False,False
7171,2594,1244,2850,1500,293,65536,0,0,0,False,False
7172,3216,1411,3472,1667,293,65536,0,0,0,False,False
7173,2423,1482,2679,1738,293,65536,0,0,0,False,False
7174,1127,1968,1383,2224,293,65536,0,0,0,False,False
7175,2402,2501,2658,2757,293,65536,0,0,0,False,False
7176,1440,2258,1696,2514,293,65536,0,0,0,False,False
7177,3823,1121,4079,1377,293,65536,0,0,0,False,False
7178,3654,1815,3910,2071,293,65536,0,0,0,False,False
7179,3123,1011,3379,1267,293,65536,0,0,0,False,True
7180,1827,1645,2083,1901,293,65536,0,0,0,False,False
7181,2706,1171,2962,1427,293,65536,0,0,0,False,False
7182,1579,1445,1835,1701,293,65536,0,0,0,False,False
7183,2561,2303,2817,2559,293,65536,0,0,0,False,False
7184,3930,1707,4186,1963,293,65536,0,0,0,False,False
7185,2925,1935,3181,2191,293,65536,0,0,0,False,False
7186,2770,1590,3026,1846,293,65536,0,0,0,False,False
7187,3184,2089,3440,2345,293,65536,0,0,0,False,False
7188,2612,1933,2868,2189,293,65536,0,0,0,False,False
7189,3602,1869,3858,2125,293,65536,0,0,0,False,False
7190,3193,906,3449,1162,293,65536,0,0,0,False,False
7191,1217,2237,1473,2493,293,65536,0,0,0,False,False
7192,3244,1304,3500,1560,293,65536,0,0,0,False,False
7193,1480,1658,1736,1914,293,65536,0,0,0,False,False
7194,1627,914,1883,1170,293,65536,0,0,0,False,False
7195,2392,1091,2648,1347,293,65536,0,0,0,False,False
7196,1634,1749,1890,2005,293,65536,0,0,0,False,False
7197,2802,2463,3058,2719,293,65536,0,0,0,False,False
7198,1897,913,2153,1169,293,65536,0,0,0,False,False
7199,3684,2346,3940,2602,293,65536,0,0,0,False,False
7200,2744,1714,3000,1970,294,65536,0,0,0,False,False
7201,3922,1292,4178,1548,294,65536,0,0,0,False,False
7202,2769,2447,3025,2703,294,65536,0,0,0,False,False
7203,2107,1178,2363,1434,294,59086,6450,0,0,True,False
7204,2631,1244,2887,1500,294,61650,3886,0,0,True,False
7205,2152,1132,2408,1388,294,62380,3156,0,0,True,False
7206,2682,2091,2938,2347,294,65536,0,0,0,False,False
7207,2093,1398,2349,1654,294,59680,5856,0,0,True,False
7208,3217,1162,3473,1418,294,65536,0,0,0,False,False
7209,3647,1488,3903,1744,294,65536,0,0,0,False,False
7210,1939,1791,2195,2047,294,65536,0,0,0,False,False
7211,1900,1970,2156,2226,294,65536,0,0,0,False,False
7212,3397,1607,3653,1863,294,61609,3927,0,0,True,False
7213,1736,1066,1992,1322,294,65536,0,0,0,False,False
7214,2489,1186,2745,1442,294,61696,3840,0,0,True,False
7215,2013,2425,2269,2681,294,65536,0,0,0,False,False
7216,2370,2310,2626,2566,294,63268,2268,0,0,True,False
7217,1483,1341,1739,1597,294,65536,0,0,0,False,False
7218,2729,1054,2985,1310,294,65536,0,0,0,False,False
7219,3843,1210,4099,1466,294,65536,0,0,0,False,False
7220,2874,893,3130,1149,294,65536,0,0,0,False,False
7221,1707,1300,1963,1556,294,65536,0,0,0,False,False
7222,2836,909,3092,1165,294,65536,0,0,0,False,False
7223,1665,2196,1921,2452,294,65536,0,0,0,False,False
7224,3562,2303,3818,2559,294,65536,0,0,0,False,False
7225,3036,1178,3292,1434,294,65536,0,0,0,False,False
7226,2822,929,3078,1185,294,65536,0,0,0,False,False
7227,3123,934,3379,1190,294,65536,0,0,0,False,False
7228,2799,985,3055,1241,294,65536,0,0,0,False,False
7229,1689,2511,1945,2767,294,65536,0,0,0,False,False
7230,3463,1926,3719,2182,295,62914,2622,0,0,True,False
7231,2694,1589,2950,1845,295,65536,0,0,0,False,False
7232,1135,1026,1391,1282,295,65536,0,0,0,False,False
7233,1814,842,2070,1098,295,65536,0,0,0,False,False
7234,3667,1331,3923,1587,295,65536,0,0,0,False,False
7235,1443,1108,1699,1364,295,65536,0,0,0,False,False
7236,2124,1118,2380,1374,295,65536,0,0,0,False,False
7237,1237,1615,1493,1871,295,65536,0,0,0,False,False
7238,2587,1315,2843,1571,295,65536,0,0,0,False,False
7239,2400,922,2656,1178,295,65536,0,0,0,False,False
7240,1360,2233,1616,2489,295,65536,0,0,0,False,False
7241,3391,2402,3647,2658,295,65536,0,0,0,False,False
7242,1432,2331,1688,2587,295,65536,0,0,0,False,False
7243,3963,1954,4219,2210,295,65536,0,0,0,False,False
7244,1486,2431,1742,2687,295,65536,0,0,0,False,False
7245,3164,1077,3420,1333,295,65350,186,0,0,True,False
7246,1916,1004,2172,1260,295,65536,0,0,0,False,False
7247,3832,2257,4088,2513,295,65536,0,0,0,False,True
7248,2152,1424,2408,1680,295,65536,0,0,0,False,False
7249,3464,2477,3720,2733,295,65536,0,0,0,False,False
7250,1463,1676,1719,1932,295,65536,0,0,0,False,False
7251,1666,2042,1922,2298,295,62164,3372,0,0,True,False
7252,1778,937,2034,1193,295,65536,0,0,0,False,False
7253,1921,1583,2177,1839,295,65536,0,0,0,False,False
7254,1436,1171,1692,1427,295,65536,0,0,0,False,False
7255,2776,1428,3032,1684,295,65536,0,0,0,False,False
7256,3382,917,3638,1173,295,65536,0,0,0,False,False
7257,1605,1884,1861,2140,295,62110,3426,0,0,True,False
7258,3388,1657,3644,1913,295,65192,344,0,0,True,False
7259,3771,1209,4027,1465,295,65536,0,0,0,False,False
7260,2980,2155,3236,2411,303,65536,0,0,0,False,False
7261,2709,1115,2965,1371,303,65536,0,0,0,False,False
7262,2812,2085,3068,2341,303,65536,0,0,0,False,False
7263,2611,2371,2867,2627,303,65536,0,0,0,False,False
7264,3043,1217,3299,1473,303,65536,0,0,0,False,True
7265,1939,1538,2195,1794,303,65536,0,0,0,False,False
7266,3941,1727,4197,1983,303,65536,0,0,0,False,False
7267,3742,1605,3998,1861,303,65536,0,0,0,False,False
7268,3802,2092,4058,2348,303,65536,0,0,0,False,False
7269,2857,1683,3113,1939,303,65536,0,0,0,False,False
7270,1544,2509,1800,2765,303,65536,0,0,0,False,False
7271,1769,1184,2025,1440,303,65536,0,0,0,False,False
7272,1618,1167,1874,1423,303,65536,0,0,0,False,False
7273,2174,1662,2430,1918,303,65536,0,0,0,False,False
7274,2585,2407,2841,2663,303,65536,0,0,0,False,False
7275,2062,2480,2318,2736,303,65536,0,0,0,False,False
7276,1268,1808,1524,2064,303,65536,0,0,0,False,False
7277,3623,1530,3879,1786,303,65536,0,0,0,False,False
7278,1159,1390,1415,1646,303,65536,0,0,0,False,False
7279,2065,2407,2321,2663,303,65536,0,0,0,False,False
7280,3972,2050,4228,2306,303,65536,0,0,0,False,False
7281,2753,2489,3009,2745,303,65536,0,0,0,False,False
7282,2251,1395,2507,1651,303,65536,0,0,0,False,False
7283,3755,1233,4011,1489,303,65536,0,0,0,False,False
7284,2473,1262,2729,1518,303,65536,0,0,0,False,False
7285,1725,2335,1981,2591,303,65536,0,0,0,False,False
7286,3673,1282,3929,1538,303,65536,0,0,0,False,False
7287,1448,1349,1704,1605,303,65536,0,0,0,False,False
7288,2805,2496,3061,2752,303,65536,0,0,0,False,False
7289,3881,2282,4137,2538,303,65536,0,0,0,False,False
7290,3125,2102,3381,2358,304,65536,0,0,0,False,False
7291,2264,837,2520,1093,304,65536,0,0,0,False,False
7292,3671,1038,3927,1294,304,65536,0,0,0,False,False
7293,1627,1307,1883,1563,304,65536,0,0,0,False,False
7294,3132,2007,3388,2263,304,65536,0,0,0,False,False
7295,3926,2333,4182,2589,304,65536,0,0,0,False,False
7296,2728,1801,2984,2057,304,59508,6028,0,0,True,False
7297,3998,2037,4254,2293,304,65536,0,0,0,False,True
7298,2667,1302,2923,1558,304,59948,5588,0,0,True,False
7299,1209,2039,1465,2295,304,65536,0,0,0,False,False
7300,2189,1478,2445,1734,304,65536,0,0,0,False,False
7301,3803,1358,4059,1614,304,65536,0,0,0,False,False
7302,2445,1597,2701,1853,304,65536,0,0,0,False,False
7303,1636,878,1892,1134,304,65536,0,0,0,False,False
7304,3493,1728,3749,1984,304,65536,0,0,0,False,False
7305,2105,985,2361,1241,304,65536,0,0,0,False,False
7306,3211,2087,3467,2343,304,65536,0,0,0,False,False
7307,2395,2285,2651,2541,304,65536,0,0,0,False,False
7308,2141,1702,2397,1958,304,65536,0,0,0,False,False
7309,1537,2429,1793,2685,304,65536,0,0,0,False,False
7310,1995,2044,2251,2300,304,65536,0,0,0,False,False
7311,3417,2382,3673,2638,304,65536,0,0,0,False,False
7312,1925,1168,2181,1424,304,65536,0,0,0,False,True
7313,1706,1390,1962,1646,304,65536,0,0,0,False,False
7314,2896,2201,3152,2457,304,65536,0,0,0,False,False
7315,3000,1281,3256,1537,304,65536,0,0,0,False,False
7316,1424,1611,1680,1867,304,65536,0,0,0,False,False
7317,1284,832,1540,1088,304,65536,0,0,0,False,False
7318,3694,1145,3950,1401,304,65536,0,0,0,False,False
7319,1557,2417,1813,2673,304,65536,0,0,0,False,False
7320,1531,1526,1787,1782,305,65536,0,0,0,False,False
7321,3013,1831,3269,2087,305,65536,0,0,0,False,False
7322,3748,1848,4004,2104,305,65536,0,0,0,False,False
7323,3941,1809,4197,2065,305,65536,0,0,0,False,False
7324,2110,1724,2366,1980,305,61172,4364,0,0,True,False
7325,3324,1838,3580,2094,305,65536,0,0,0,False,False
7326,3191,2208,3447,2464,305,65536,0,0,0,False,False
7327,3618,1005,3874,1261,305,65536,0,0,0,False,False
7328,3802,1202,4058,1458,305,65536,0,0,0,False,False
7329,1829,2369,2085,2625,305,65536,0,0,0,False,False
7330,3149,1675,3405,1931,305,65536,0,0,0,False,False
7331,1740,895,1996,1151,305,65536,0,0,0,False,False
7332,3847,1881,4103,2137,305,65536,0,0,0,False,False
7333,3332,1203,3588,1459,305,65536,0,0,0,False,False
7334,2562,1725,2818,1981,305,65536,0,0,0,False,False
7335,3179,1371,3435,1627,305,65536,0,0,0,False,False
7336,3402,2006,3658,2262,305,65536,0,0,0,False,False
7337,1426,1848,1682,2104,305,65536,0,0,0,False,False
7338,2247,1712,2503,1968,305,60620,4916,0,0,True,False
7339,3233,1164,3489,1420,305,65536,0,0,0,False,False
7340,2262,2528,2518,2784,305,65536,0,0,0,False,False
7341,3699,2401,3955,2657,305,65536,0,0,0,False,False
7342,3269,1440,3525,1696,305,65536,0,0,0,False,False
7343,2926,2431,3182,2687,305,65536,0,0,0,False,False
7344,1592,908,1848,1164,305,65536,0,0,0,False,False
7345,2371,1136,2627,1392,305,65536,0,0,0,False,False
7346,1994,1902,2250,2158,305,65536,0,0,0,False,False
7347,2997,1375,3253,1631,305,65536,0,0,0,False,False
7348,1549,2441,1805,2697,305,65536,0,0,0,False,False
7349,2372,1406,2628,1662,305,65536,0,0,0,False,False
7350,3714,2240,3970,2496,314,65536,0,0,0,False,False
7351,2696,949,2952,1205,314,65536,0,0,0,False,False
7352,1338,1241,1594,1497,314,65536,0,0,0,False,False
7353,1305,1425,1561,1681,314,65536,0,0,0,False,False
7354,1427,1281,1683,1537,314,65536,0,0,0,False,False
7355,3199,1989,3455,2245,314,65536,0,0,0,False,False
7356,2554,1153,2810,1409,314,65536,0,0,0,False,False
7357,2519,2176,2775,2432,314,65536,0,0,0,False,False
7358,3875,1530,4131,1786,314,65536,0,0,0,False,False
7359,2005,1048,2261,1304,314,65536,0,0,0,False,False
7360,3704,1211,3960,1467,314,65536,0,0,0,False,False
7361,1999,2002,2255,2258,314,65536,0,0,0,False,True
7362,1564,2048,1820,2304,314,65536,0,0,0,False,False
7363,1866,1014,2122,1270,314,65536,0,0,0,False,False
7364,1194,1601,1450,1857,314,65536,0,0,0,False,False
7365,3813,980,4069,1236,314,65536,0,0,0,False,False
7366,1620,1134,1876,1390,314,65536,0,0,0,False,False
7367,1327,2308,1583,2564,314,65536,0,0,0,False,False
7368,2947,1280,3203,1536,314,65536,0,0,0,False,False
7369,3906,1273,4162,1529,314,65536,0,0,0,False,False
7370,2407,1815,2663,2071,314,65536,0,0,0,False,False
7371,2737,1868,2993,2124,314,65536,0,0,0,False,False
7372,2968,1125,3224,1381,314,65536,0,0,0,False,False
7373,1395,1339,1651,1595,314,65536,0,0,0,False,False
7374,1282,2112,1538,2368,314,65536,0,0,0,False,False
7375,2804,2394,3060,2650,314,65536,0,0,0,False,False
7376,2003,1552,2259,1808,314,65536,0,0,0,False,False
7377,2454,1207,2710,1463,314,65536,0,0,0,False,False
7378,1904,2226,2160,2482,314,65536,0,0,0,False,True
7379,2810,1363,3066,1619,314,65536,0,0,0,False,False
7380,3793,2153,4049,2409,351,65536,0,0,0,False,False
7381,1987,1262,2243,1518,351,65536,0,0,0,False,False
7382,1537,1179,1793,1435,351,65536,0,0,0,False,False
7383,1526,1606,1782,1862,351,65536,0,0,0,False,False
7384,2087,1391,2343,1647,351,65536,0,0,0,False,False
7385,1605,2021,1861,2277,351,62710,0,2826,0,False,True
7386,3640,2089,3896,2345,351,65536,0,0,0,False,False
7387,3412,833,3668,1089,351,65536,0,0,0,False,False
7388,2265,1144,2521,1400,351,65536,0,0,0,False,False
7389,2482,987,2738,1243,351,65536,0,0,0,False,False
7390,1627,1604,1883,1860,351,65536,0,0,0,False,False
7391,2858,2282,3114,2538,351,65536,0,0,0,False,False
7392,2407,1083,2663,1339,351,65536,0,0,0,False,False
7393,3533,1847,3789,2103,351,65536,0,0,0,False,False
7394,3429,2450,3685,2706,351,65536,0,0,0,False,False
7395,3646,1102,3902,1358,351,65536,0,0,0,False,False
7396,2805,976,3061,1232,351,65536,0,0,0,False,False
7397,1166,2507,1422,2763,351,65536,0,0,0,False,False
7398,3610,1009,3866,1265,351,65536,0,0,0,False,False
7399,1323,2500,1579,2756,351,65536,0,0,0,False,False
7400,2158,1750,2414,2006,351,65536,0,0,0,False,False
7401,2491,1213,2747,1469,351,65536,0,0,0,False,False
7402,1728,1185,1984,1441,351,65536,0,0,0,False,False
7403,3100,1947,3356,2203,351,65536,0,0,0,False,False
7404,2729,1271,2985,1527,351,65536,0,0,0,False,False
7405,1672,1850,1928,2106,351,65536,0,0,0,False,False
7406,3971,1639,4227,1895,351,65536,0,0,0,False,False
7407,2619,1511,2875,1767,351,65536,0,0,0,False,False
7408,3010,1251,3266,1507,351,65536,0,0,0,False,False
7409,2186,1991,2442,2247,351,65536,0,0,0,False,False
7410,2341,2018,2597,2274,352,65536,0,0,0,False,False
7411,2944,2067,3200,2323,352,65536,0,0,0,False,False
7412,3983,1234,4239,1490,352,65536,0,0,0,False,False
7413,1711,1085,1967,1341,352,65536,0,0,0,False,False
7414,1310,1745,1566,2001,352,65536,0,0,0,False,False
7415,2462,1281,2718,1537,352,65536,0,0,0,False,False
7416,1317,1252,1573,1508,352,65536,0,0,0,False,False
7417,1879,873,2135,1129,352,65536,0,0,0,False,False
7418,1368,887,1624,1143,352,65536,0,0,0,False,False
7419,2552,2026,2808,2282,352,65536,0,0,0,False,False
7420,1569,2271,1825,2527,352,65536,0,0,0,False,False
7421,3651,1004,3907,1260,352,65536,0,0,0,False,False
7422,2639,1552,2895,1808,352,65536,0,0,0,False,False
7423,2479,1159,2735,1415,352,65536,0,0,0,False,False
7424,3370,2257,3626,2513,352,65536,0,0,0,False,False
7425,2055,898,2311,1154,352,65536,0,0,0,False,False
7426,2526,1951,2782,2207,352,65536,0,0,0,False,False
7427,1832,2427,2088,2683,352,65536,0,0,0,False,False
7428,2608,876,2864,1132,352,65536,0,0,0,False,False
7429,2789,2259,3045,2515,352,65536,0,0,0,False,False
7430,2534,1821,2790,2077,352,65536,0,0,0,False,False
7431,1374,1263,1630,1519,352,65536,0,0,0,False,False
7432,1349,2026,1605,2282,352,62324,3212,0,0,True,False
7433,1545,1904,1801,2160,352,60844,4692,0,0,True,False
7434,3915,2244,4171,2500,352,65536,0,0,0,False,False
7435,2900,2257,3156,2513,352,65536,0,0,0,False,False
7436,2172,2319,2428,2575,352,65536,0,0,0,False,False
7437,2372,2228,2628,2484,352,65536,0,0,0,False,False
7438,3719,1424,3975,1680,352,65536,0,0,0,False,False
7439,3401,999,3657,1255,352,65536,0,0,0,False,False
7440,2084,1087,2340,1343,355,65536,0,0,0,False,False
7441,1920,2348,2176,2604,355,65536,0,0,0,False,False
7442,2421,1386,2677,1642,355,65536,0,0,0,False,False
7443,2386,1014,2642,1270,355,65536,0,0,0,False,False
7444,3702,1805,3958,2061,355,65536,0,0,0,False,False
7445,1301,1995,1557,2251,355,65536,0,0,0,False,False
7446,1678,1973,1934,2229,355,65536,0,0,0,False,True
7447,3314,1103,3570,1359,355,65536,0,0,0,False,False
7448,2257,1094,2513,1350,355,65536,0,0,0,False,False
7449,2738,1688,2994,1944,355,65536,0,0,0,False,False
7450,1627,1572,1883,1828,355,65536,0,0,0,False,False
7451,3760,2515,4016,2771,355,65536,0,0,0,False,False
7452,3184,1281,3440,1537,355,65536,0,0,0,False,False
7453,2960,2228,3216,2484,355,65536,0,0,0,False,True
7454,1315,1619,1571,1875,355,65536,0,0,0,False,False
7455,3202,1770,3458,2026,355,65536,0,0,0,False,False
7456,3281,1574,3537,1830,355,65536,0,0,0,False,False
7457,2904,2028,3160,2284,355,65536,0,0,0,False,False
7458,3706,901,3962,1157,355,65536,0,0,0,False,False
7459,3338,1832,3594,2088,355,65536,0,0,0,False,False
7460,1843,1088,2099,1344,355,65536,0,0,0,False,False
7461,2745,1977,3001,2233,355,65536,0,0,0,False,False
7462,1326,1806,1582,2062,355,65536,0,0,0,False,False
7463,2440,1070,2696,1326,355,65536,0,0,0,False,True
7464,2744,971,3000,1227,355,65536,0,0,0,False,False
7465,3108,1025,3364,1281,355,65536,0,0,0,False,False
7466,2105,2109,2361,2365,355,65536,0,0,0,False,False
7467,3214,1062,3470,1318,355,65536,0,0,0,False,False
7468,1664,2219,1920,2475,355,65536,0,0,0,False,False
7469,3385,1764,3641,2020,355,65536,0,0,0,False,False
7470,2402,2482,2658,2738,356,65536,0,0,0,False,False
7471,2955,968,3211,1224,356,65536,0,0,0,False,False
7472,2677,2419,2933,2675,356,65536,0,0,0,False,False
7473,3312,1633,3568,1889,356,65536,0,0,0,False,False
7474,2695,2241,2951,2497,356,65536,0,0,0,False,False
7475,1355,2159,1611,2415,356,63190,2346,0,0,True,False
7476,2003,857,2259,1113,356,65536,0,0,0,False,False
7477,2299,985,2555,1241,356,65536,0,0,0,False,False
7478,2380,2174,2636,2430,356,65536,0,0,0,False,False
7479,1830,1808,2086,2064,356,65424,112,0,0,True,False
7480,1668,900,1924,1156,356,65536,0,0,0,False,False
7481,2452,1284,2708,1540,356,65536,0,0,0,False,False
7482,2221,1446,2477,1702,356,65536,0,0,0,False,False
7483,1437,1809,1693,2065,356,65536,0,0,0,False,True
7484,2772,2517,3028,2773,356,65536,0,0,0,False,False
7485,3880,2083,4136,2339,356,65536,0,0,0,False,False
7486,3604,2034,3860,2290,356,65536,0,0,0,False,False
7487,2838,2266,3094,2522,356,65536,0,0,0,False,False
7488,3517,909,3773,1165,356,65536,0,0,0,False,False
7489,3714,1054,3970,1310,356,65536,0,0,0,False,False
7490,1534,2024,1790,2280,356,61268,4268,0,0,True,False
7491,2133,990,2389,1246,356,65536,0,0,0,False,False
7492,2655,2430,2911,2686,356,65536,0,0,0,False,False
7493,2491,2039,2747,2295,356,65536,0,0,0,False,False
7494,3517,1202,3773,1458,356,64096,1440,0,0,True,False
7495,1487,2222,1743,2478,356,62192,3344,0,0,True,False
7496,2949,2373,3205,2629,356,65536,0,0,0,False,False
7497,1745,2320,2001,2576,356,65536,0,0,0,False,False
7498,3319,1165,3575,1421,356,63738,1798,0,0,True,False
7499,2598,1335,2854,1591,356,65536,0,0,0,False,False
7500,3002,1967,3258,2223,357,65536,0,0,0,False,False
7501,2381,1341,2637,1597,357,65536,0,0,0,False,False
7502,3494,1579,3750,1835,357,65536,0,0,0,False,False
7503,3282,2349,3538,2605,357,65536,0,0,0,False,False
7504,2081,1776,2337,2032,357,62100,3436,0,0,True,False
7505,1299,2315,1555,2571,357,65536,0,0,0,False,False
7506,3590,2505,3846,2761,357,65536,0,0,0,False,False
7507,2996,1415,3252,1671,357,65536,0,0,0,False,False
7508,2564,2094,2820,2350,357,65536,0,0,0,False,False
7509,2864,1607,3120,1863,357,65536,0,0,0,False,False
7510,3642,1190,3898,1446,357,65536,0,0,0,False,False
7511,2603,1523,2859,1779,357,65536,0,0,0,False,False
7512,1557,1096,1813,1352,357,65536,0,0,0,False,False
7513,2627,1964,2883,2220,357,65536,0,0,0,False,False
7514,2187,2083,2443,2339,357,65536,0,0,0,False,False
7515,3605,1082,3861,1338,357,65536,0,0,0,False,False
7516,3032,917,3288,1173,357,65536,0,0,0,False,False
7517,3558,962,3814,1218,357,65536,0,0,0,False,False
7518,3652,2465,3908,2721,357,65536,0,0,0,False,False
7519,2502,893,2758,1149,357,65536,0,0,0,False,False
7520,3078,1250,3334,1506,357,65536,0,0,0,False,False
7521,2525,1995,2781,2251,357,65536,0,0,0,False,False
7522,1833,1147,2089,1403,357,65536,0,0,0,False,False
7523,3227,2280,3483,2536,357,65536,0,0,0,False,False
7524,1343,1344,1599,1600,357,65536,0,0,0,False,False
7525,1706,1878,1962,2134,357,65536,0,0,0,False,False
7526,1412,2130,1668,2386,357,65536,0,0,0,False,False
7527,1660,2466,1916,2722,357,65536,0,0,0,False,False
7528,1527,2364,1783,2620,357,65536,0,0,0,False,False
7529,1708,1789,1964,2045,357,65536,0,0,0,False,False
7530,1145,1213,1401,1469,358,65536,0,0,0,False,False
7531,2460,909,2716,1165,358,65536,0,0,0,False,False
7532,1188,1020,1444,1276,358,65536,0,0,0,False,False
7533,2302,2368,2558,2624,358,65536,0,0,0,False,False
7534,2850,1959,3106,2215,358,65536,0,0,0,False,False
7535,1520,837,1776,1093,358,65536,0,0,0,False,False
7536,2827,2067,3083,2323,358,65536,0,0,0,False,False
7537,1718,833,1974,1089,358,65536,0,0,0,False,False
7538,3134,1189,3390,1445,358,65536,0,0,0,False,False
7539,3438,1424,3694,1680,358,65072,464,0,0,True,False
7540,2887,1265,3143,1521,358,65536,0,0,0,False,False
7541,1702,1924,1958,2180,358,65536,0,0,0,False,False
7542,3581,2379,3837,2635,358,65536,0,0,0,False,False
7543,2419,1896,2675,2152,358,60774,4762,0,0,True,False
7544,3184,1001,3440,1257,358,65536,0,0,0,False,False
7545,3219,835,3475,1091,358,65536,0,0,0,False,False
7546,1421,1217,1677,1473,358,65536,0,0,0,False,False
7547,2460,2077,2716,2333,358,65408,128,0,0,True,False
7548,3802,2234,4058,2490,358,65536,0,0,0,False,False
7549,2980,2196,3236,2452,358,65536,0,0,0,False,False
7550,2937,1815,3193,2071,358,65536,0,0,0,False,False
7551,1635,1521,1891,1777,358,65536,0,0,0,False,False
7552,3933,2301,4189,2557,358,65536,0,0,0,False,False
7553,2825,2272,3081,2528,358,65536,0,0,0,False,False
7554,1525,2324,1781,2580,358,65536,0,0,0,False,False
7555,1652,1048,1908,1304,358,65536,0,0,0,False,False
7556,3316,1947,3572,2203,358,65536,0,0,0,False,False
7557,2030,1567,2286,1823,358,65536,0,0,0,False,False
7558,1288,1492,1544,1748,358,65536,0,0,0,False,False
7559,1540,2295,1796,2551,358,65536,0,0,0,False,False
7560,3321,2404,3577,2660,585,65536,0,0,0,False,False
7561,1719,2447,1975,2703,585,65536,0,0,0,False,False
7562,3062,1611,3318,1867,585,65536,0,0,0,False,False
7563,3253,1906,3509,2162,585,65536,0,0,0,False,False
7564,3843,2138,4099,2394,585,65536,0,0,0,False,False
7565,1307,1363,1563,1619,585,65536,0,0,0,False,False
7566,3824,1464,4080,1720,585,65536,0,0,0,False,False
7567,2136,2328,2392,2584,585,65536,0,0,0,False,False
7568,1336,2158,1592,2414,585,65376,0,160,0,False,True
7569,3632,1967,3888,2223,585,65536,0,0,0,False,False
7570,1335,1822,1591,2078,585,65536,0,0,0,False,False
7571,3628,1184,3884,1440,585,65536,0,0,0,False,False
7572,3536,938,3792,1194,585,65536,0,0,0,False,True
7573,1806,1697,2062,1953,585,65536,0,0,0,False,False
7574,2646,1216,2902,1472,585,65536,0,0,0,False,False
7575,1214,1301,1470,1557,585,65536,0,0,0,False,False
7576,2645,1029,2901,1285,585,65536,0,0,0,False,False
7577,2056,2003,2312,2259,585,65536,0,0,0,False,False
7578,3852,2412,4108,2668,585,65536,0,0,0,False,False
7579,2478,2029,2734,2285,585,65536,0,0,0,False,True
7580,2209,954,2465,1210,585,65536,0,0,0,False,False
7581,2223,2030,2479,2286,585,65536,0,0,0,False,False
7582,1779,1689,2035,1945,585,65536,0,0,0,False,False
7583,2810,2492,3066,2748,585,65536,0,0,0,False,False
7584,1595,2049,1851,2305,585,61880,0,3656,0,False,True
7585,2891,1652,3147,1908,585,65536,0,0,0,False,False
7586,2635,1568,2891,1824,585,65536,0,0,0,False,False
7587,3290,1825,3546,2081,585,65536,0,0,0,False,False
7588,2812,1783,3068,2039,585,65536,0,0,0,False,False
7589,3500,1158,3756,1414,585,65536,0,0,0,False,False
7590,2107,1932,2363,2188,586,65536,0,0,0,False,False
7591,2039,1995,2295,2251,586,65536,0,0,0,False,False
7592,3962,964,4218,1220,586,65536,0,0,0,False,False
7593,2453,2422,2709,2678,586,65536,0,0,0,False,False
7594,2667,2435,2923,2691,586,65536,0,0,0,False,False
7595,2547,841,2803,1097,586,65536,0,0,0,False,False
7596,2684,1254,2940,1510,586,65536,0,0,0,False,False
7597,1311,1296,1567,1552,586,65536,0,0,0,False,False
7598,2639,1501,2895,1757,586,65536,0,0,0,False,False
7599,1232,1357,1488,1613,586,65536,0,0,0,False,False
7600,3354,1896,3610,2152,586,65536,0,0,0,False,False
7601,3655,1031,3911,1287,586,65536,0,0,0,False,False
7602,3027,1758,3283,2014,586,65536,0,0,0,False,False
7603,2244,890,2500,1146,586,65536,0,0,0,False,False
7604,1870,1869,2126,2125,586,60180,5356,0,0,True,False
7605,1464,1388,1720,1644,586,65536,0,0,0,False,False
7606,2336,1253,2592,1509,586,55220,10316,0,0,True,False
7607,1605,1576,1861,1832,586,65536,0,0,0,False,False
7608,2330,1329,2586,1585,586,55790,9746,0,0,True,False
7609,1233,1433,1489,1689,586,65536,0,0,0,False,False
7610,3887,2286,4143,2542,586,65536,0,0,0,False,False
7611,3071,2023,3327,2279,586,65536,0,0,0,False,False
7612,3427,2036,3683,2292,586,65536,0,0,0,False,False
7613,2875,1740,3131,1996,586,65536,0,0,0,False,False
7614,3706,1763,3962,2019,586,65536,0,0,0,False,False
7615,1311,1425,1567,1681,586,65536,0,0,0,False,False
7616,2751,1284,3007,1540,586,65536,0,0,0,False,False
7617,3148,1953,3404,2209,586,65536,0,0,0,False,False
7618,2192,2170,2448,2426,586,65536,0,0,0,False,False
7619,3688,1390,3944,1646,586,65536,0,0,0,False,False
7620,3574,1228,3830,1484,587,64256,1280,0,0,True,False
7621,3182,1971,3438,2227,587,65536,0,0,0,False,False
7622,1801,1627,2057,1883,587,65536,0,0,0,False,False
7623,1328,2346,1584,2602,587,65536,0,0,0,False,False
7624,3197,1776,3453,2032,587,63026,2510,0,0,True,False
7625,1348,1685,1604,1941,587,65536,0,0,0,False,False
7626,1896,2036,2152,2292,587,65536,0,0,0,False,False
7627,2202,1829,2458,2085,587,65536,0,0,0,False,False
7628,3179,2176,3435,2432,587,65536,0,0,0,False,False
7629,2912,1763,3168,2019,587,63618,1918,0,0,True,False
7630,1685,1370,1941,1626,587,65536,0,0,0,False,True
7631,1147,1333,1403,1589,587,65536,0,0,0,False,False
7632,3431,1880,3687,2136,587,65536,0,0,0,False,False
7633,1856,2505,2112,2761,587,65536,0,0,0,False,False
7634,2273,1661,2529,1917,587,65536,0,0,0,False,False
7635,3397,2520,3653,2776,587,65536,0,0,0,False,False
7636,3886,2100,4142,2356,587,65536,0,0,0,False,False
7637,2481,1402,2737,1658,587,65536,0,0,0,False,False
7638,3925,2399,4181,2655,587,65536,0,0,0,False,False
7639,2378,1069,2634,1325,587,65536,0,0,0,False,False
7640,1587,1594,1843,1850,587,65536,0,0,0,False,False
7641,3066,1013,3322,1269,587,65536,0,0,0,False,False
7642,2498,1691,2754,1947,587,65536,0,0,0,False,False
7643,3015,1339,3271,1595,587,65536,0,0,0,False,False
7644,1264,1028,1520,1284,587,65536,0,0,0,False,False
7645,1836,1847,2092,2103,587,65536,0,0,0,False,False
7646,2043,1714,2299,1970,587,65536,0,0,0,False,False
7647,1723,1885,1979,2141,587,65536,0,0,0,False,False
7648,3706,2010,3962,2266,587,65536,0,0,0,False,False
7649,1768,1003,2024,1259,587,65536,0,0,0,False,False
7650,3227,843,3483,1099,588,65536,0,0,0,False,False
7651,2713,993,2969,1249,588,65536,0,0,0,False,False
7652,1416,2108,1672,2364,588,65536,0,0,0,False,False
7653,3937,1882,4193,2138,588,65536,0,0,0,False,False
7654,2250,992,2506,1248,588,65536,0,0,0,False,False
7655,1155,1703,1411,1959,588,65536,0,0,0,False,False
7656,3402,832,3658,1088,588,65536,0,0,0,False,False
7657,3477,2154,3733,2410,588,65536,0,0,0,False,False
7658,3993,1815,4249,2071,588,65536,0,0,0,False,False
7659,3036,1229,3292,1485,588,60108,5428,0,0,True,False
7660,1586,1987,1842,2243,588,65536,0,0,0,False,False
7661,3991,1579,4247,1835,588,65536,0,0,0,False,False
7662,2589,2291,2845,2547,588,65536,0,0,0,False,False
7663,1574,1955,1830,2211,588,65536,0,0,0,False,False
7664,3932,1297,4188,1553,588,65536,0,0,0,False,False
7665,1672,2502,1928,2758,588,65536,0,0,0,False,False
7666,3637,2245,3893,2501,588,65536,0,0,0,False,False
7667,1577,1599,1833,1855,588,65536,0,0,0,False,False
7668,2550,1148,2806,1404,588,65536,0,0,0,False,False
7669,1326,2077,1582,2333,588,65536,0,0,0,False,False
7670,3841,1887,4097,2143,588,65536,0,0,0,False,False
7671,1849,1770,2105,2026,588,65536,0,0,0,False,False
7672,2038,2473,2294,2729,588,65536,0,0,0,False,False
7673,3279,2261,3535,2517,588,65536,0,0,0,False,True
7674,3694,1732,3950,1988,588,65536,0,0,0,False,False
7675,1187,1298,1443,1554,588,65536,0,0,0,False,False
7676,3556,2183,3812,2439,588,65536,0,0,0,False,False
7677,1658,2209,1914,2465,588,65536,0,0,0,False,False
7678,2726,1880,2982,2136,588,65536,0,0,0,False,False
7679,1408,2335,1664,2591,588,65536,0,0,0,False,False
7680,2917,1402,3173,1658,591,65536,0,0,0,False,False
7681,3174,1345,3430,1601,591,65536,0,0,0,False,False
7682,1963,1124,2219,1380,591,65536,0,0,0,False,False
7683,1418,1824,1674,2080,591,65536,0,0,0,False,False
7684,3908,2135,4164,2391,591,65536,0,0,0,False,False
7685,3698,1737,3954,1993,591,65536,0,0,0,False,False
7686,2400,966,2656,1222,591,65536,0,0,0,False,False
7687,1312,2090,1568,2346,591,65536,0,0,0,False,False
7688,3405,1671,3661,1927,591,65536,0,0,0,False,False
7689,1290,1863,1546,2119,591,65536,0,0,0,False,False
7690,2566,2193,2822,2449,591,65536,0,0,0,False,False
7691,3898,982,4154,1238,591,65536,0,0,0,False,False
7692,1864,1484,2120,1740,591,65536,0,0,0,False,False
7693,3393,1622,3649,1878,591,65536,0,0,0,False,False
7694,1522,2255,1778,2511,591,65536,0,0,0,False,False
7695,1908,2438,2164,2694,591,65536,0,0,0,False,False
7696,1810,2450,2066,2706,591,65536,0,0,0,False,False
7697,1160,1459,1416,1715,591,65536,0,0,0,False,False
7698,1377,2013,1633,2269,591,65536,0,0,0,False,False
7699,2489,2179,2745,2435,591,65536,0,0,0,False,False
7700,2118,2433,2374,2689,591,65536,0,0,0,False,False
7701,2267,1058,2523,1314,591,65536,0,0,0,False,False
7702,2342,2447,2598,2703,591,65536,0,0,0,False,False
7703,2289,2466,2545,2722,591,65536,0,0,0,False,False
7704,2104,2133,2360,2389,591,65536,0,0,0,False,False
7705,1166,1693,1422,1949,591,65536,0,0,0,False,False
7706,2709,841,2965,1097,591,65536,0,0,0,False,False
7707,1606,1993,1862,2249,591,65536,0,0,0,False,False
7708,2039,1318,2295,1574,591,65536,0,0,0,False,False
7709,2052,854,2308,1110,591,65536,0,0,0,False,False
7710,3478,2135,3734,2391,592,63795,1741,0,0,True,False
7711,2264,2511,2520,2767,592,65536,0,0,0,False,False
7712,2389,1147,2645,1403,592,65536,0,0,0,False,False
7713,2291,1514,2547,1770,592,65536,0,0,0,False,False
7714,2957,1882,3213,2138,592,65536,0,0,0,False,False
7715,3397,1702,3653,1958,592,65536,0,0,0,False,False
7716,2179,1079,2435,1335,592,65536,0,0,0,False,False
7717,2515,1085,2771,1341,592,65536,0,0,0,False,False
7718,3480,1688,3736,1944,592,65536,0,0,0,False,False
7719,2928,1481,3184,1737,592,65536,0,0,0,False,False
7720,2700,1978,2956,2234,592,65536,0,0,0,False,False
7721,2293,1013,2549,1269,592,65536,0,0,0,False,False
7722,1647,1602,1903,1858,592,65536,0,0,0,False,False
7723,3200,2507,3456,2763,592,65536,0,0,0,False,False
7724,1587,2033,1843,2289,592,65536,0,0,0,False,False
7725,3688,2216,3944,2472,592,65536,0,0,0,False,False
7726,2031,2522,2287,2778,592,65536,0,0,0,False,False
7727,3955,1654,4211,1910,592,65536,0,0,0,False,False
7728,3038,1798,3294,2054,592,65536,0,0,0,False,False
7729,3847,1236,4103,1492,592,65536,0,0,0,False,False
7730,3069,1184,3325,1440,592,65536,0,0,0,False,False
7731,3744,1853,4000,2109,592,65536,0,0,0,False,False
7732,2810,1960,3066,2216,592,65536,0,0,0,False,False
7733,2916,2035,3172,2291,592,65536,0,0,0,False,False
7734,2287,1360,2543,1616,592,65536,0,0,0,False,False
7735,2189,1945,2445,2201,592,65536,0,0,0,False,False
7736,1900,1849,2156,2105,592,65536,0,0,0,False,False
7737,3699,1757,3955,2013,592,65536,0,0,0,False,False
7738,3312,1104,3568,1360,592,65536,0,0,0,False,False
7739,2141,1779,2397,2035,592,65536,0,0,0,False,False
7740,3535,1816,3791,2072,597,65536,0,0,0,False,False
7741,1140,1575,1396,1831,597,65536,0,0,0,False,False
7742,2596,2203,2852,2459,597,65536,0,0,0,False,False
7743,3235,1128,3491,1384,597,65536,0,0,0,False,False
7744,3878,1123,4134,1379,597,65536,0,0,0,False,False
7745,2235,1272,2491,1528,597,65536,0,0,0,False,False
7746,1159,1249,1415,1505,597,65536,0,0,0,False,False
7747,2792,1746,3048,2002,597,65536,0,0,0,False,False
7748,3424,2056,3680,2312,597,65536,0,0,0,False,False
7749,3956,957,4212,1213,597,65536,0,0,0,False,False
7750,3470,1850,3726,2106,597,65536,0,0,0,False,False
7751,2783,1289,3039,1545,597,65536,0,0,0,False,False
7752,2537,1738,2793,1994,597,65536,0,0,0,False,False
7753,3842,936,4098,1192,597,65536,0,0,0,False,False
7754,2557,1913,2813,2169,597,65536,0,0,0,False,False
7755,3466,1551,3722,1807,597,65536,0,0,0,False,False
7756,3006,2130,3262,2386,597,65536,0,0,0,False,False
7757,1283,1007,1539,1263,597,65536,0,0,0,False,False
7758,2146,1002,2402,1258,597,65536,0,0,0,False,False
7759,1667,2058,1923,2314,597,65536,0,0,0,False,True
7760,1487,1530,1743,1786,597,65536,0,0,0,False,False
7761,3048,839,3304,1095,597,65536,0,0,0,False,False
7762,1488,1294,1744,1550,597,65536,0,0,0,False,False
7763,1538,1549,1794,1805,597,65536,0,0,0,False,False
7764,3243,843,3499,1099,597,65536,0,0,0,False,False
7765,2843,1403,3099,1659,597,65536,0,0,0,False,False
7766,1278,2083,1534,2339,597,65536,0,0,0,False,False
7767,3308,1984,3564,2240,597,65536,0,0,0,False,False
7768,2396,1740,2652,1996,597,65536,0,0,0,False,False
7769,1543,1409,1799,1665,597,65536,0,0,0,False,False
7770,2260,2322,2516,2578,598,65536,0,0,0,False,False
7771,2248,1556,2504,1812,598,65536,0,0,0,False,False
7772,1952,1419,2208,1675,598,65536,0,0,0,False,False
7773,1380,1926,1636,2182,598,61384,4152,0,0,True,False
7774,3016,2434,3272,2690,598,65536,0,0,0,False,False
7775,1629,2472,1885,2728,598,65536,0,0,0,False,False
7776,2434,1806,2690,2062,598,61996,3540,0,0,True,False
7777,3053,1656,3309,1912,598,65536,0,0,0,False,False
7778,3645,2261,3901,2517,598,65536,0,0,0,False,False
7779,3473,2077,3729,2333,598,65536,0,0,0,False,False
7780,2243,2448,2499,2704,598,65536,0,0,0,False,False
7781,3770,1709,4026,1965,598,65536,0,0,0,False,False
7782,3857,2140,4113,2396,598,65536,0,0,0,False,False
7783,3307,2247,3563,2503,598,65536,0,0,0,False,False
7784,1990,1792,2246,2048,598,61396,4140,0,0,True,False
7785,3295,1907,3551,2163,598,61034,4502,0,0,True,False
7786,3472,2512,3728,2768,598,65536,0,0,0,False,False
7787,3770,1782,4026,2038,598,65536,0,0,0,False,False
7788,3364,1260,3620,1516,598,65536,0,0,0,False,False
7789,1396,2502,1652,2758,598,65536,0,0,0,False,False
7790,2425,1559,2681,1815,598,65536,0,0,0,False,False
7791,2677,2263,2933,2519,598,65536,0,0,0,False,False
7792,2654,2084,2910,2340,598,65536,0,0,0,False,False
7793,2891,1982,3147,2238,598,63392,2144,0,0,True,False
7794,2095,1727,2351,1983,598,65536,0,0,0,False,False
7795,2080,1802,2336,2058,598,61396,4140,0,0,True,False
7796,3494,2321,3750,2577,598,65536,0,0,0,False,False
7797,1547,897,1803,1153,598,65536,0,0,0,False,False
7798,3324,2000,3580,2256,598,65536,0,0,0,False,False
7799,1351,958,1607,1214,598,65536,0,0,0,False,False
7800,1587,1796,1843,2052,653,65536,0,0,0,False,False
7801,2681,2032,2937,2288,653,65536,0,0,0,False,False
7802,3570,2086,3826,2342,653,65536,0,0,0,False,False
7803,2378,1346,2634,1602,653,65536,0,0,0,False,False
7804,3051,2015,3307,2271,653,65536,0,0,0,False,False
7805,1933,1468,2189,1724,653,65536,0,0,0,False,False
7806,3037,1595,3293,1851,653,65536,0,0,0,False,False
7807,1984,1009,2240,1265,653,65536,0,0,0,False,False
7808,2880,1998,3136,2254,653,65536,0,0,0,False,False
7809,1360,2200,1616,2456,653,65536,0,0,0,False,False
7810,3488,1504,3744,1760,653,65536,0,0,0,False,False
7811,3031,1409,3287,1665,653,65536,0,0,0,False,False
7812,2188,1559,2444,1815,653,65536,0,0,0,False,False
7813,2284,1097,2540,1353,653,65536,0,0,0,False,False
7814,1987,1016,2243,1272,653,65536,0,0,0,False,False
7815,1806,1482,2062,1738,653,65536,0,0,0,False,False
7816,3944,1811,4200,2067,653,65536,0,0,0,False,False
7817,1902,1481,2158,1737,653,65536,0,0,0,False,False
7818,3637,1445,3893,1701,653,65536,0,0,0,False,False
7819,1145,1215,1401,1471,653,65536,0,0,0,False,False
7820,2493,2015,2749,2271,653,65536,0,0,0,False,False
7821,2415,2392,2671,2648,653,65536,0,0,0,False,False
7822,3311,2425,3567,2681,653,65536,0,0,0,False,False
7823,3404,2245,3660,2501,653,65536,0,0,0,False,False
7824,1979,1603,2235,1859,653,65536,0,0,0,False,False
7825,2339,1708,2595,1964,653,65536,0,0,0,False,False
7826,2937,1460,3193,1716,653,65536,0,0,0,False,False
7827,2684,2148,2940,2404,653,65536,0,0,0,False,False
7828,2633,891,2889,1147,653,65536,0,0,0,False,False
7829,1606,859,1862,1115,653,65536,0,0,0,False,False
7830,1344,2085,1600,2341,666,65536,0,0,0,False,False
7831,3322,1326,3578,1582,666,65112,0,424,0,False,True
7832,3229,1377,3485,1633,666,65536,0,0,0,False,False
7833,2784,1609,3040,1865,666,64584,0,952,0,False,False
7834,2197,1068,2453,1324,666,65536,0,0,0,False,False
7835,1319,1410,1575,1666,666,65536,0,0,0,False,False
7836,2745,1517,3001,1773,666,65430,0,106,0,False,True
7837,2182,1891,2438,2147,666,65536,0,0,0,False,False
7838,1358,1175,1614,1431,666,65536,0,0,0,False,False
7839,1769,983,2025,1239,666,65536,0,0,0,False,False
7840,3533,1769,3789,2025,666,65536,0,0,0,False,False
7841,2286,2339,2542,2595,666,63220,0,2316,0,False,True
7842,3876,834,4132,1090,666,65536,0,0,0,False,False
7843,2945,2031,3201,2287,666,65536,0,0,0,False,False
7844,2911,1532,3167,1788,666,65536,0,0,0,False,False
7845,1176,1136,1432,1392,666,65536,0,0,0,False,False
7846,3341,1450,3597,1706,666,63024,0,2512,0,False,True
7847,1360,1008,1616,1264,666,65536,0,0,0,False,False
7848,3008,2514,3264,2770,666,65536,0,0,0,False,False
7849,2211,2525,2467,2781,666,65536,0,0,0,False,False
7850,3518,1678,3774,1934,666,65536,0,0,0,False,False
7851,2103,834,2359,1090,666,65536,0,0,0,False,False
7852,2193,1392,2449,1648,666,65536,0,0,0,False,False
7853,3980,1118,4236,1374,666,65536,0,0,0,False,False
7854,2759,2061,3015,2317,666,64096,0,1440,0,False,True
7855,3294,1339,3550,1595,666,65492,0,44,0,False,True
7856,3566,1387,3822,1643,666,64456,0,1080,0,False,True
7857,2588,2490,2844,2746,666,65536,0,0,0,False,False
7858,1778,1202,2034,1458,666,65536,0,0,0,False,False
7859,2620,1226,2876,1482,666,65536,0,0,0,False,False
7860,2821,1021,3077,1277,672,65536,0,0,0,False,False
7861,2371,945,2627,1201,672,65536,0,0,0,False,False
7862,2662,914,2918,1170,672,65536,0,0,0,False,False
7863,1758,2289,2014,2545,672,65536,0,0,0,False,False
7864,3281,1024,3537,1280,672,65536,0,0,0,False,False
7865,3106,1386,3362,1642,672,65536,0,0,0,False,False
7866,3819,1604,4075,1860,672,65536,0,0,0,False,False
7867,3199,1515,3455,1771,672,65536,0,0,0,False,False
7868,1246,1777,1502,2033,672,65536,0,0,0,False,False
7869,3252,1547,3508,1803,672,65536,0,0,0,False,False
7870,3976,2028,4232,2284,672,65536,0,0,0,False,False
7871,1984,1004,2240,1260,672,65536,0,0,0,False,False
7872,2741,1052,2997,1308,672,65536,0,0,0,False,False
7873,3600,1296,3856,1552,672,65536,0,0,0,False,False
7874,2154,1451,2410,1707,672,65536,0,0,0,False,False
7875,3684,2525,3940,2781,672,65536,0,0,0,False,False
7876,2219,924,2475,1180,672,65536,0,0,0,False,False
7877,2954,1437,3210,1693,672,65536,0,0,0,False,False
7878,3908,2086,4164,2342,672,65536,0,0,0,False,False
7879,2603,2102,2859,2358,672,65536,0,0,0,False,False
7880,2957,1425,3213,1681,672,65536,0,0,0,False,False
7881,2690,1748,2946,2004,672,65536,0,0,0,False,False
7882,1219,870,1475,1126,672,65536,0,0,0,False,False
7883,1961,1996,2217,2252,672,65536,0,0,0,False,False
7884,3621,1381,3877,1637,672,65536,0,0,0,False,False
7885,1708,1709,1964,1965,672,65536,0,0,0,False,False
7886,3391,1150,3647,1406,672,65536,0,0,0,False,False
7887,2512,1393,2768,1649,672,65536,0,0,0,False,False
7888,3657,1363,3913,1619,672,65536,0,0,0,False,False
7889,3527,893,3783,1149,672,65536,0,0,0,False,False
7890,2503,1429,2759,1685,695,65536,0,0,0,False,False
7891,1408,1458,1664,1714,695,65536,0,0,0,False,False
7892,3708,1629,3964,1885,695,65536,0,0,0,False,False
7893,2265,2419,2521,2675,695,65536,0,0,0,False,False
7894,2015,1139,2271,1395,695,61084,0,4452,0,False,True
7895,3741,2325,3997,2581,695,65536,0,0,0,False,False
7896,1334,1487,1590,1743,695,65536,0,0,0,False,False
7897,2488,2511,2744,2767,695,65536,0,0,0,False,False
7898,1445,1873,1701,2129,695,65536,0,0,0,False,False
7899,1161,1269,1417,1525,695,65536,0,0,0,False,False
7900,2094,1171,2350,1427,695,60594,0,4942,0,False,True
7901,2001,1948,2257,2204,695,63856,0,1680,0,False,True
7902,3962,1895,4218,2151,695,65536,0,0,0,False,False
7903,1258,1028,1514,1284,695,65536,0,0,0,False,False
7904,3251,1439,3507,1695,695,65536,0,0,0,False,False
7905,1726,2021,1982,2277,695,65536,0,0,0,False,False
7906,3051,1311,3307,1567,695,65536,0,0,0,False,False
7907,3363,999,3619,1255,695,65536,0,0,0,False,False
7908,2604,1777,2860,2033,695,65150,0,386,0,False,True
7909,1992,1195,2248,1451,695,61580,0,3956,0,False,True
7910,2224,1806,2480,2062,695,59004,0,6532,0,False,True
7911,3679,1991,3935,2247,695,65536,0,0,0,False,False
7912,2252,2426,2508,2682,695,65536,0,0,0,False,False
7913,1250,1495,1506,1751,695,65536,0,0,0,False,False
7914,3211,1968,3467,2224,695,62668,0,2868,0,False,False
7915,1944,1901,2200,2157,695,65536,0,0,0,False,False
7916,2963,1430,3219,1686,695,65536,0,0,0,False,False
7917,3339,1661,3595,1917,695,62562,0,2974,0,False,True
7918,2621,1252,2877,1508,695,65536,0,0,0,False,False
7919,3795,1871,4051,2127,695,65536,0,0,0,False,False
7920,2789,2506,3045,2762,697,65536,0,0,0,False,False
7921,1407,2009,1663,2265,697,65536,0,0,0,False,False
7922,2404,1946,2660,2202,697,65536,0,0,0,False,False
7923,1474,1667,1730,1923,697,65536,0,0,0,False,False
7924,2577,2406,2833,2662,697,65536,0,0,0,False,False
7925,2087,1310,2343,1566,697,65536,0,0,0,False,False
7926,3321,2171,3577,2427,697,65536,0,0,0,False,False
7927,3718,2479,3974,2735,697,65536,0,0,0,False,False
7928,1727,1048,1983,1304,697,65536,0,0,0,False,False
7929,1945,2181,2201,2437,697,65536,0,0,0,False,False
7930,1136,1252,1392,1508,697,65536,0,0,0,False,False
7931,3718,1391,3974,1647,697,65536,0,0,0,False,False
7932,1157,2035,1413,2291,697,65536,0,0,0,False,False
7933,1731,921,1987,1177,697,65536,0,0,0,False,False
7934,1521,2333,1777,2589,697,65536,0,0,0,False,False
7935,3033,967,3289,1223,697,65536,0,0,0,False,False
7936,2020,1079,2276,1335,697,65536,0,0,0,False,False
7937,1139,2247,1395,2503,697,65536,0,0,0,False,False
7938,2211,1208,2467,1464,697,65536,0,0,0,False,True
7939,1880,1631,2136,1887,697,65536,0,0,0,False,False
7940,2163,2221,2419,2477,697,65536,0,0,0,False,False
7941,1212,1257,1468,1513,697,65536,0,0,0,False,False
7942,3598,2371,3854,2627,697,65536,0,0,0,False,False
7943,2580,1445,2836,1701,697,65536,0,0,0,False,False
7944,3743,1488,3999,1744,697,65536,0,0,0,False,False
7945,1545,949,1801,1205,697,65536,0,0,0,False,False
7946,2625,1415,2881,1671,697,65536,0,0,0,False,False
7947,2224,2061,2480,2317,697,65536,0,0,0,False,False
7948,3010,1466,3266,1722,697,65536,0,0,0,False,False
7949,1989,1442,2245,1698,697,65536,0,0,0,False,False
7950,2856,1009,3112,1265,744,65536,0,0,0,False,False
7951,3428,977,3684,1233,744,65536,0,0,0,False,False
7952,1477,1415,1733,1671,744,65536,0,0,0,False,False
7953,2891,1260,3147,1516,744,65536,0,0,0,False,False
7954,3652,1643,3908,1899,744,65536,0,0,0,False,False
7955,3046,2404,3302,2660,744,65536,0,0,0,False,False
7956,2855,1998,3111,2254,744,65536,0,0,0,False,False
7957,2878,2336,3134,2592,744,65536,0,0,0,False,False
7958,2871,2441,3127,2697,744,65536,0,0,0,False,False
7959,2868,1967,3124,2223,744,65536,0,0,0,False,False
7960,3614,1055,3870,1311,744,65536,0,0,0,False,False
7961,1365,1258,1621,1514,744,65536,0,0,0,False,False
7962,2694,1200,2950,1456,744,65536,0,0,0,False,False
7963,2183,926,2439,1182,744,65536,0,0,0,False,False
7964,2829,1049,3085,1305,744,65536,0,0,0,False,False
7965,2047,2121,2303,2377,744,65536,0,0,0,False,False
7966,2152,2168,2408,2424,744,65536,0,0,0,False,False
7967,2300,1249,2556,1505,744,65156,0,380,0,False,True
7968,1492,929,1748,1185,744,65536,0,0,0,False,False
7969,1309,1813,1565,2069,744,64240,0,1296,0,False,True
7970,1836,1914,2092,2170,744,63340,0,2196,0,False,True
7971,2905,1083,3161,1339,744,65536,0,0,0,False,False
7972,2679,1102,2935,1358,744,65536,0,0,0,False,False
7973,1723,2093,1979,2349,744,61934,0,3602,0,False,True
7974,3887,1590,4143,1846,744,65536,0,0,0,False,False
7975,1269,1917,1525,2173,744,63788,0,1748,0,False,False
7976,1809,1610,2065,1866,744,64184,0,1352,0,False,True
7977,2373,981,2629,1237,744,65536,0,0,0,False,False
7978,1159,1527,1415,1783,744,65536,0,0,0,False,False
7979,1779,1909,2035,2165,744,63326,0,2210,0,False,True
7980,2488,2023,2744,2279,787,65536,0,0,0,False,False
7981,3721,2491,3977,2747,787,65536,0,0,0,False,False
7982,2072,2041,2328,2297,787,61352,0,4184,0,False,True
7983,2866,2074,3122,2330,787,65536,0,0,0,False,False
7984,2187,1999,2443,2255,787,64378,0,1158,0,False,True
7985,1895,2047,2151,2303,787,61448,0,4088,0,False,True
7986,3492,2001,3748,2257,787,61400,0,4136,0,False,True
7987,3708,1676,3964,1932,787,65536,0,0,0,False,False
7988,1771,1081,2027,1337,787,62458,0,3078,0,False,True
7989,1121,1700,1377,1956,787,65308,0,228,0,False,True
7990,3753,2314,4009,2570,787,65536,0,0,0,False,False
7991,1608,1458,1864,1714,787,65536,0,0,0,False,False
7992,3957,1973,4213,2229,787,65536,0,0,0,False,False
7993,2814,2196,3070,2452,787,65536,0,0,0,False,False
7994,2540,1407,2796,1663,787,65536,0,0,0,False,False
7995,1294,2412,1550,2668,787,65536,0,0,0,False,False
7996,2495,1975,2751,2231,787,65536,0,0,0,False,False
7997,2103,1778,2359,2034,787,65296,0,240,0,False,True
7998,2379,1883,2635,2139,787,65536,0,0,0,False,False
7999,2206,2397,2462,2653,787,65484,0,52,0,False,True
8000,2457,1643,2713,1899,787,65536,0,0,0,False,False
8001,3135,1542,3391,1798,787,63742,0,1794,0,False,False
8002,2027,1937,2283,2193,787,62198,0,3338,0,False,True
8003,2909,2526,3165,2782,787,65536,0,0,0,False,False
8004,1209,1055,1465,1311,787,65536,0,0,0,False,False
8005,3475,2248,3731,2504,787,63336,0,2200,0,False,True
8006,1450,2292,1706,2548,787,65536,0,0,0,False,False
8007,3229,1109,3485,1365,787,65536,0,0,0,False,False
8008,1681,1253,1937,1509,787,62433,0,3103,0,False,True
8009,1506,1827,1762,2083,787,62236,0,3300,0,False,True
8010,2430,2424,2686,2680,788,65536,0,0,0,False,False
8011,1807,1064,2063,1320,788,65536,0,0,0,False,False
8012,2936,2248,3192,2504,788,65536,0,0,0,False,False
8013,2877,1593,3133,1849,788,65536,0,0,0,False,False
8014,2393,2205,2649,2461,788,65536,0,0,0,False,False
8015,1402,1013,1658,1269,788,65536,0,0,0,False,False
8016,3154,929,3410,1185,788,65536,0,0,0,False,False
8017,1856,1973,2112,2229,788,65536,0,0,0,False,False
8018,2383,1564,2639,1820,788,65536,0,0,0,False,False
8019,3121,1220,3377,1476,788,65536,0,0,0,False,False
8020,2926,1252,3182,1508,788,65536,0,0,0,False,False
8021,2851,2127,3107,2383,788,65536,0,0,0,False,False
8022,2423,1446,2679,1702,788,65536,0,0,0,False,False
8023,1390,978,1646,1234,788,65536,0,0,0,False,False
8024,2146,2121,2402,2377,788,65536,0,0,0,False,False
8025,3187,961,3443,1217,788,65536,0,0,0,False,False
8026,3239,1647,3495,1903,788,65536,0,0,0,False,False
8027,3072,2234,3328,2490,788,65536,0,0,0,False,False
8028,2358,978,2614,1234,788,65536,0,0,0,False,False
8029,3193,1868,3449,2124,788,65536,0,0,0,False,False
8030,3476,964,3732,1220,788,65536,0,0,0,False,False
8031,2341,1695,2597,1951,788,62300,3236,0,0,True,False
8032,1988,1111,2244,1367,788,65536,0,0,0,False,False
8033,2507,2478,2763,2734,788,65536,0,0,0,False,False
8034,1256,1898,1512,2154,788,65536,0,0,0,False,False
8035,3128,2492,3384,2748,788,65536,0,0,0,False,False
8036,3054,1447,3310,1703,788,65536,0,0,0,False,False
8037,2646,964,2902,1220,788,65536,0,0,0,False,False
8038,2673,1020,2929,1276,788,65536,0,0,0,False,False
8039,1586,2409,1842,2665,788,65536,0,0,0,False,False
8040,2359,1227,2615,1483,790,65536,0,0,0,False,False
8041,3635,1095,3891,1351,790,65536,0,0,0,False,False
8042,1503,2393,1759,2649,790,65536,0,0,0,False,False
8043,3642,1133,3898,1389,790,65536,0,0,0,False,False
8044,2128,934,2384,1190,790,65536,0,0,0,False,False
8045,1274,1183,1530,1439,790,65536,0,0,0,False,True
8046,2526,1429,2782,1685,790,65536,0,0,0,False,False
8047,2174,1031,2430,1287,790,65536,0,0,0,False,False
8048,3950,2085,4206,2341,790,65536,0,0,0,False,False
8049,1556,1632,1812,1888,790,65536,0,0,0,False,False
8050,3941,922,4197,1178,790,65536,0,0,0,False,False
8051,3542,1966,3798,2222,790,65536,0,0,0,False,False
8052,1182,2104,1438,2360,790,65536,0,0,0,False,False
8053,1685,2382,1941,2638,790,65536,0,0,0,False,False
8054,2407,2351,2663,2607,790,65536,0,0,0,False,False
8055,2416,1485,2672,1741,790,65536,0,0,0,False,False
8056,3136,2024,3392,2280,790,65536,0,0,0,False,False
8057,2347,2187,2603,2443,790,65536,0,0,0,False,False
8058,1751,1918,2007,2174,790,65536,0,0,0,False,False
8059,1770,1116,2026,1372,790,65536,0,0,0,False,False
8060,1159,938,1415,1194,790,65536,0,0,0,False,False
8061,2860,1685,3116,1941,790,65536,0,0,0,False,False
8062,2084,1770,2340,2026,790,65536,0,0,0,False,False
8063,3550,1158,3806,1414,790,65536,0,0,0,False,False
8064,1458,939,1714,1195,790,65536,0,0,0,False,False
8065,1404,1430,1660,1686,790,65536,0,0,0,False,False
8066,2827,2298,3083,2554,790,65536,0,0,0,False,False
8067,1336,2176,1592,2432,790,65536,0,0,0,False,False
8068,1722,2022,1978,2278,790,65536,0,0,0,False,False
8069,2659,2469,2915,2725,790,65536,0,0,0,False,False
8070,1489,1183,1745,1439,791,65536,0,0,0,False,False
8071,3978,1686,4234,1942,791,65536,0,0,0,False,False
8072,3580,2325,3836,2581,791,65536,0,0,0,False,False
8073,2831,847,3087,1103,791,65536,0,0,0,False,False
8074,3586,1773,3842,2029,791,65536,0,0,0,False,False
8075,2167,1662,2423,1918,791,65536,0,0,0,False,False
8076,3742,1658,3998,1914,791,65536,0,0,0,False,False
8077,2230,1579,2486,1835,791,65536,0,0,0,False,False
8078,2440,1766,2696,2022,791,65536,0,0,0,False,False
8079,3159,855,3415,1111,791,65536,0,0,0,False,False
8080,1602,1868,1858,2124,791,63688,1848,0,0,True,False
8081,2734,1990,2990,2246,791,65536,0,0,0,False,False
8082,1800,1413,2056,1669,791,65536,0,0,0,False,False
8083,1756,2264,2012,2520,791,64052,0,1484,0,False,True
8084,2682,2002,2938,2258,791,65536,0,0,0,False,False
8085,3776,2110,4032,2366,791,65536,0,0,0,False,False
8086,1958,2045,2214,2301,791,63332,2204,0,0,True,False
8087,3146,2213,3402,2469,791,62264,3272,0,0,True,False
8088,3272,2208,3528,2464,791,63464,2072,0,0,True,False
8089,1497,2081,1753,2337,791,64620,916,0,0,True,False
8090,2000,1463,2256,1719,791,65536,0,0,0,False,False
8091,2255,1935,2511,2191,791,65536,0,0,0,False,False
8092,3495,2288,3751,2544,791,65536,0,0,0,False,False
8093,3943,943,4199,1199,791,65536,0,0,0,False,False
8094,2773,1604,3029,1860,791,65536,0,0,0,False,False
8095,2358,1698,2614,1954,791,65536,0,0,0,False,False
8096,2591,2135,2847,2391,791,62258,3278,0,0,True,False
8097,2163,1195,2419,1451,791,65536,0,0,0,False,False
8098,3759,2199,4015,2455,791,65536,0,0,0,False,True
8099,1495,1956,1751,2212,791,63970,1566,0,0,True,False
8100,1657,1132,1913,1388,792,65536,0,0,0,False,False
8101,2761,2126,3017,2382,792,65536,0,0,0,False,False
8102,1838,1456,2094,1712,792,65536,0,0,0,False,False
8103,1236,2482,1492,2738,792,65536,0,0,0,False,False
8104,3505,1007,3761,1263,792,65536,0,0,0,False,False
8105,3987,1976,4243,2232,792,65536,0,0,0,False,False
8106,2099,1065,2355,1321,792,65536,0,0,0,False,False
8107,2735,1424,2991,1680,792,64462,1074,0,0,True,False
8108,1666,1037,1922,1293,792,65536,0,0,0,False,False
8109,3794,1351,4050,1607,792,65536,0,0,0,False,False
8110,2894,1959,3150,2215,792,65536,0,0,0,False,False
8111,2825,1792,3081,2048,792,65536,0,0,0,False,False
8112,3460,1109,3716,1365,792,65536,0,0,0,False,False
8113,1929,1461,2185,1717,792,65536,0,0,0,False,False
8114,2340,1231,2596,1487,792,63528,2008,0,0,True,False
8115,2551,2353,2807,2609,792,65536,0,0,0,False,False
8116,2877,2043,3133,2299,792,65536,0,0,0,False,False
8117,2510,1851,2766,2107,792,65536,0,0,0,False,False
8118,2285,843,2541,1099,792,65536,0,0,0,False,False
8119,1712,1679,1968,1935,792,65536,0,0,0,False,False
8120,2893,1759,3149,2015,792,65536,0,0,0,False,False
8121,2902,1612,3158,1868,792,65536,0,0,0,False,False
8122,1909,1800,2165,2056,792,65536,0,0,0,False,False
8123,3563,1681,3819,1937,792,65536,0,0,0,False,False
8124,3185,1890,3441,2146,792,65536,0,0,0,False,False
8125,2853,1438,3109,1694,792,63896,1640,0,0,True,False
8126,2901,2382,3157,2638,792,65536,0,0,0,False,False
8127,2690,1488,2946,1744,792,64288,1248,0,0,True,False
8128,2619,2341,2875,2597,792,65536,0,0,0,False,False
8129,3165,1934,3421,2190,792,65536,0,0,0,False,False
8130,1325,1761,1581,2017,818,65536,0,0,0,False,False
8131,2415,2288,2671,2544,818,65536,0,0,0,False,False
8132,1268,2516,1524,2772,818,65536,0,0,0,False,False
8133,2453,927,2709,1183,818,65536,0,0,0,False,False
8134,2991,1523,3247,1779,818,65536,0,0,0,False,False
8135,1979,1986,2235,2242,818,65536,0,0,0,False,False
8136,2222,1446,2478,1702,818,65536,0,0,0,False,False
8137,1832,2229,2088,2485,818,65536,0,0,0,False,False
8138,2002,1676,2258,1932,818,65536,0,0,0,False,False
8139,2142,2148,2398,2404,818,65536,0,0,0,False,False
8140,1404,1373,1660,1629,818,65536,0,0,0,False,False
8141,1677,1023,1933,1279,818,65536,0,0,0,False,False
8142,2014,2255,2270,2511,818,65536,0,0,0,False,False
8143,1676,1838,1932,2094,818,65536,0,0,0,False,False
8144,3731,1532,3987,1788,818,65536,0,0,0,False,False
8145,3688,1590,3944,1846,818,65536,0,0,0,False,False
8146,1998,2228,2254,2484,818,65536,0,0,0,False,False
8147,3775,1812,4031,2068,818,65536,0,0,0,False,False
8148,3816,1606,4072,1862,818,65536,0,0,0,False,False
8149,2012,2132,2268,2388,818,65536,0,0,0,False,False
8150,2585,1792,2841,2048,818,65536,0,0,0,False,False
8151,3704,2333,3960,2589,818,65536,0,0,0,False,False
8152,2011,2165,2267,2421,818,65536,0,0,0,False,False
8153,2683,1987,2939,2243,818,65536,0,0,0,False,False
8154,1884,1663,2140,1919,818,65536,0,0,0,False,True
8155,3768,1475,4024,1731,818,65536,0,0,0,False,False
8156,3852,1370,4108,1626,818,65536,0,0,0,False,False
8157,3609,2063,3865,2319,818,65536,0,0,0,False,False
8158,3843,2485,4099,2741,818,65536,0,0,0,False,False
8159,1332,1371,1588,1627,818,65536,0,0,0,False,False
8160,2975,1599,3231,1855,819,63108,2428,0,0,True,False
8161,1286,2324,1542,2580,819,65536,0,0,0,False,False
8162,2314,1009,2570,1265,819,65536,0,0,0,False,False
8163,2813,1550,3069,1806,819,65072,464,0,0,True,False
8164,2069,2144,2325,2400,819,65536,0,0,0,False,False
8165,1672,2189,1928,2445,819,65536,0,0,0,False,False
8166,1802,1330,2058,1586,819,65536,0,0,0,False,False
8167,1123,1471,1379,1727,819,65536,0,0,0,False,False
8168,1524,1999,1780,2255,819,65536,0,0,0,False,False
8169,3295,1113,3551,1369,819,65536,0,0,0,False,False
8170,3222,1654,3478,1910,819,63116,2420,0,0,True,False
8171,1784,2349,2040,2605,819,65536,0,0,0,False,False
8172,2109,1411,2365,1667,819,65536,0,0,0,False,False
8173,2605,1949,2861,2205,819,65536,0,0,0,False,False
8174,2470,1368,2726,1624,819,65536,0,0,0,False,False
8175,3349,868,3605,1124,819,65536,0,0,0,False,False
8176,2373,2176,2629,2432,819,65536,0,0,0,False,False
8177,3972,2417,4228,2673,819,65536,0,0,0,False,False
8178,2314,1675,2570,1931,819,63774,1762,0,0,True,False
8179,3186,2472,3442,2728,819,65536,0,0,0,False,False
8180,1212,1029,1468,1285,819,65536,0,0,0,False,False
8181,3427,1206,3683,1462,819,65536,0,0,0,False,False
8182,3807,2082,4063,2338,819,65536,0,0,0,False,False
8183,1913,839,2169,1095,819,65536,0,0,0,False,False
8184,3174,1706,3430,1962,819,63060,2476,0,0,True,False
8185,1330,1748,1586,2004,819,65536,0,0,0,False,False
8186,3358,1752,3614,2008,819,65536,0,0,0,False,False
8187,3343,984,3599,1240,819,65536,0,0,0,False,False
8188,2678,1927,2934,2183,819,65536,0,0,0,False,False
8189,3701,2487,3957,2743,819,65536,0,0,0,False,False
8190,2905,1802,3161,2058,836,65536,0,0,0,False,False
8191,1756,2388,2012,2644,836,65536,0,0,0,False,False
8192,1799,1919,2055,2175,836,65536,0,0,0,False,False
8193,3868,1741,4124,1997,836,65536,0,0,0,False,False
8194,2394,1158,2650,1414,836,65536,0,0,0,False,False
8195,2676,1570,2932,1826,836,65536,0,0,0,False,False
8196,3263,1811,3519,2067,836,65536,0,0,0,False,False
8197,1975,1186,2231,1442,836,65536,0,0,0,False,False
8198,3185,2466,3441,2722,836,65536,0,0,0,False,False
8199,1445,1966,1701,2222,836,65536,0,0,0,False,False
8200,3460,1016,3716,1272,836,65536,0,0,0,False,False
8201,2602,2512,2858,2768,836,65536,0,0,0,False,False
8202,3671,933,3927,1189,836,65536,0,0,0,False,False
8203,2612,2135,2868,2391,836,65536,0,0,0,False,False
8204,1781,1637,2037,1893,836,65536,0,0,0,False,False
8205,1935,1880,2191,2136,836,65536,0,0,0,False,False
8206,2749,1141,3005,1397,836,65536,0,0,0,False,False
8207,1766,2096,2022,2352,836,65536,0,0,0,False,False
8208,1745,2157,2001,2413,836,65536,0,0,0,False,False
8209,2028,967,2284,1223,836,65536,0,0,0,False,False
8210,3818,2463,4074,2719,836,65536,0,0,0,False,False
8211,2970,2125,3226,2381,836,65536,0,0,0,False,False
8212,3476,1561,3732,1817,836,65536,0,0,0,False,False
8213,2925,849,3181,1105,836,65536,0,0,0,False,False
8214,3571,1554,3827,1810,836,65536,0,0,0,False,False
8215,1478,1276,1734,1532,836,65536,0,0,0,False,False
8216,2793,1308,3049,1564,836,65536,0,0,0,False,False
8217,2232,1378,2488,1634,836,65536,0,0,0,False,False
8218,1354,1921,1610,2177,836,65536,0,0,0,False,False
8219,1713,1908,1969,2164,836,65536,0,0,0,False,False
8220,3055,1495,3311,1751,855,65536,0,0,0,False,False
8221,1646,958,1902,1214,855,65500,0,36,0,False,False
8222,2557,1998,2813,2254,855,65536,0,0,0,False,False
8223,1750,2374,2006,2630,855,65536,0,0,0,False,False
8224,3530,2051,3786,2307,855,65536,0,0,0,False,False
8225,3044,859,3300,1115,855,65536,0,0,0,False,False
8226,2948,981,3204,1237,855,65536,0,0,0,False,False
8227,1144,1752,1400,2008,855,65536,0,0,0,False,False
8228,3598,2382,3854,2638,855,65536,0,0,0,False,False
8229,3470,1928,3726,2184,855,65536,0,0,0,False,False
8230,1452,2354,1708,2610,855,65536,0,0,0,False,False
8231,1644,1631,1900,1887,855,65536,0,0,0,False,False
8232,2264,1286,2520,1542,855,61904,0,3632,0,False,True
8233,1401,1296,1657,1552,855,65536,0,0,0,False,False
8234,1431,1268,1687,1524,855,65536,0,0,0,False,False
8235,2965,1317,3221,1573,855,64562,0,974,0,False,True
8236,1649,1780,1905,2036,855,64298,0,1238,0,False,True
8237,2052,2214,2308,2470,855,65536,0,0,0,False,False
8238,2237,2177,2493,2433,855,65536,0,0,0,False,False
8239,2735,1110,2991,1366,855,62996,0,2540,0,False,True
8240,3370,851,3626,1107,855,65536,0,0,0,False,False
8241,2565,1830,2821,2086,855,65536,0,0,0,False,False
8242,1395,910,1651,1166,855,65536,0,0,0,False,False
8243,3522,1483,3778,1739,855,65536,0,0,0,False,False
8244,1548,1239,1804,1495,855,65536,0,0,0,False,False
8245,2728,2368,2984,2624,855,65536,0,0,0,False,False
8246,1566,887,1822,1143,855,65536,0,0,0,False,False
8247,3038,2133,3294,2389,855,65536,0,0,0,False,False
8248,1791,2299,2047,2555,855,65536,0,0,0,False,False
8249,1391,1999,1647,2255,855,65536,0,0,0,False,True
8250,2470,1465,2726,1721,863,62792,0,2744,0,False,True
8251,2712,1381,2968,1637,863,65536,0,0,0,False,False
8252,2088,1024,2344,1280,863,65536,0,0,0,False,False
8253,2043,2202,2299,2458,863,64892,0,644,0,False,False
8254,1971,1955,2227,2211,863,65536,0,0,0,False,False
8255,2196,1409,2452,1665,863,65536,0,0,0,False,False
8256,2993,1218,3249,1474,863,65536,0,0,0,False,False
8257,2274,1741,2530,1997,863,63686,0,1850,0,False,True
8258,1519,2460,1775,2716,863,65536,0,0,0,False,False
8259,3725,1219,3981,1475,863,65536,0,0,0,False,False
8260,1673,2416,1929,2672,863,65536,0,0,0,False,False
8261,3606,1101,3862,1357,863,65536,0,0,0,False,False
8262,3463,2429,3719,2685,863,65536,0,0,0,False,False
8263,1599,1662,1855,1918,863,65536,0,0,0,False,False
8264,1963,1215,2219,1471,863,65536,0,0,0,False,False
8265,3243,1470,3499,1726,863,65536,0,0,0,False,False
8266,1899,1502,2155,1758,863,65536,0,0,0,False,False
8267,3516,2333,3772,2589,863,65536,0,0,0,False,False
8268,3167,1556,3423,1812,863,65536,0,0,0,False,False
8269,1590,2293,1846,2549,863,64288,0,1248,0,False,True
8270,2667,2269,2923,2525,863,65536,0,0,0,False,False
8271,3522,1137,3778,1393,863,65536,0,0,0,False,False
8272,2003,1262,2259,1518,863,65536,0,0,0,False,False
8273,3279,2432,3535,2688,863,65536,0,0,0,False,False
8274,3560,1097,3816,1353,863,65536,0,0,0,False,False
8275,2888,1910,3144,2166,863,65536,0,0,0,False,False
8276,3734,1814,3990,2070,863,65536,0,0,0,False,False
8277,3707,904,3963,1160,863,65536,0,0,0,False,False
8278,2572,908,2828,1164,863,65536,0,0,0,False,False
8279,1664,1212,1920,1468,863,65536,0,0,0,False,False
8280,1123,2179,1379,2435,880,65536,0,0,0,False,False
8281,3241,1835,3497,2091,880,65536,0,0,0,False,False
8282,3644,2105,3900,2361,880,65536,0,0,0,False,False
8283,2148,1473,2404,1729,880,65536,0,0,0,False,False
8284,3196,1686,3452,1942,880,65536,0,0,0,False,False
8285,3671,1207,3927,1463,880,65536,0,0,0,False,False
8286,1688,1850,1944,2106,880,65536,0,0,0,False,False
8287,3636,1839,3892,2095,880,65536,0,0,0,False,False
8288,2610,1915,2866,2171,880,65536,0,0,0,False,False
8289,2061,2089,2317,2345,880,65536,0,0,0,False,False
8290,2171,1409,2427,1665,880,65536,0,0,0,False,False
8291,1376,2032,1632,2288,880,65536,0,0,0,False,False
8292,2121,2501,2377,2757,880,65536,0,0,0,False,False
8293,3206,1386,3462,1642,880,65536,0,0,0,False,False
8294,2091,1039,2347,1295,880,65536,0,0,0,False,False
8295,3098,1631,3354,1887,880,65536,0,0,0,False,False
8296,3200,1406,3456,1662,880,65536,0,0,0,False,False
8297,2768,1611,3024,1867,880,65536,0,0,0,False,False
8298,3442,1424,3698,1680,880,65536,0,0,0,False,False
8299,3859,1146,4115,1402,880,65536,0,0,0,False,False
8300,1971,849,2227,1105,880,65536,0,0,0,False,False
8301,2947,2233,3203,2489,880,65536,0,0,0,False,False
8302,3924,1046,4180,1302,880,65536,0,0,0,False,False
8303,3742,1946,3998,2202,880,65536,0,0,0,False,False
8304,1438,1415,1694,1671,880,65536,0,0,0,False,False
8305,3469,879,3725,1135,880,65536,0,0,0,False,False
8306,2485,1280,2741,1536,880,63348,0,2188,0,False,True
8307,1202,1709,1458,1965,880,65536,0,0,0,False,False
8308,3681,1971,3937,2227,880,65536,0,0,0,False,False
8309,3311,2131,3567,2387,880,65536,0,0,0,False,False
8310,3733,1992,3989,2248,887,65536,0,0,0,False,False
8311,2205,1661,2461,1917,887,65536,0,0,0,False,True
8312,3754,2213,4010,2469,887,65536,0,0,0,False,False
8313,3295,2295,3551,2551,887,65536,0,0,0,False,False
8314,1899,892,2155,1148,887,65536,0,0,0,False,False
8315,1836,1715,2092,1971,887,65536,0,0,0,False,False
8316,3926,1797,4182,2053,887,65536,0,0,0,False,False
8317,1468,1338,1724,1594,887,65536,0,0,0,False,False
8318,3560,2146,3816,2402,887,65536,0,0,0,False,False
8319,2700,2157,2956,2413,887,65536,0,0,0,False,False
8320,1605,2370,1861,2626,887,65536,0,0,0,False,False
8321,3700,1859,3956,2115,887,65536,0,0,0,False,False
8322,1543,1782,1799,2038,887,65536,0,0,0,False,False
8323,1496,1751,1752,2007,887,65536,0,0,0,False,False
8324,2680,967,2936,1223,887,65536,0,0,0,False,False
8325,1368,1240,1624,1496,887,65536,0,0,0,False,False
8326,2976,1956,3232,2212,887,65536,0,0,0,False,False
8327,2532,957,2788,1213,887,65536,0,0,0,False,False
8328,2269,2367,2525,2623,887,65536,0,0,0,False,False
8329,3591,1392,3847,1648,887,65536,0,0,0,False,False
8330,1412,2176,1668,2432,887,65536,0,0,0,False,True
8331,3301,2396,3557,2652,887,65536,0,0,0,False,False
8332,2361,1842,2617,2098,887,65536,0,0,0,False,False
8333,2017,1135,2273,1391,887,65536,0,0,0,False,False
8334,3220,942,3476,1198,887,65536,0,0,0,False,False
8335,2868,2355,3124,2611,887,65536,0,0,0,False,False
8336,2023,1357,2279,1613,887,65536,0,0,0,False,False
8337,3897,1806,4153,2062,887,65536,0,0,0,False,False
8338,3749,1460,4005,1716,887,65536,0,0,0,False,False
8339,3983,1817,4239,2073,887,65536,0,0,0,False,False
8340,3661,2329,3917,2585,952,65536,0,0,0,False,False
8341,3064,1410,3320,1666,952,64121,0,1415,0,False,True
8342,2492,1662,2748,1918,952,65536,0,0,0,False,False
8343,2230,1445,2486,1701,952,65536,0,0,0,False,False
8344,2494,2363,2750,2619,952,65536,0,0,0,False,False
8345,1822,1542,2078,1798,952,65536,0,0,0,False,False
8346,3619,2254,3875,2510,952,65536,0,0,0,False,False
8347,2144,1550,2400,1806,952,65536,0,0,0,False,False
8348,3396,1038,3652,1294,952,65536,0,0,0,False,False
8349,2813,2291,3069,2547,952,65536,0,0,0,False,False
8350,2894,1987,3150,2243,952,65536,0,0,0,False,False
8351,3783,1523,4039,1779,952,65536,0,0,0,False,False
8352,3152,2250,3408,2506,952,65536,0,0,0,False,False
8353,3320,2161,3576,2417,952,65536,0,0,0,False,False
8354,1413,1781,1669,2037,952,65536,0,0,0,False,False
8355,3263,1117,3519,1373,952,65536,0,0,0,False,False
8356,3102,1968,3358,2224,952,65536,0,0,0,False,False
8357,1840,2454,2096,2710,952,65536,0,0,0,False,False
8358,3298,2126,3554,2382,952,65536,0,0,0,False,False
8359,3315,1587,3571,1843,952,65234,0,302,0,False,True
8360,3376,1083,3632,1339,952,65536,0,0,0,False,False
8361,2427,2247,2683,2503,952,65536,0,0,0,False,False
8362,2704,1515,2960,1771,952,65536,0,0,0,False,False
8363,1950,2125,2206,2381,952,65536,0,0,0,False,False
8364,2471,2350,2727,2606,952,65536,0,0,0,False,False
8365,2822,1372,3078,1628,952,65536,0,0,0,False,False
8366,3894,879,4150,1135,952,65536,0,0,0,False,False
8367,3301,1271,3557,1527,952,64120,0,1416,0,False,True
8368,1425,1270,1681,1526,952,65536,0,0,0,False,False
8369,1378,936,1634,1192,952,65536,0,0,0,False,False
8370,1228,2463,1484,2719,954,65536,0,0,0,False,False
8371,1712,1486,1968,1742,954,65536,0,0,0,False,False
8372,2961,1308,3217,1564,954,65536,0,0,0,False,False
8373,2072,2375,2328,2631,954,65536,0,0,0,False,False
8374,1351,1949,1607,2205,954,65536,0,0,0,False,False
8375,3499,1850,3755,2106,954,65536,0,0,0,False,False
8376,3939,981,4195,1237,954,65536,0,0,0,False,False
8377,1140,2505,1396,2761,954,65536,0,0,0,False,False
8378,3168,986,3424,1242,954,65536,0,0,0,False,False
8379,3503,1731,3759,1987,954,65536,0,0,0,False,False
8380,2938,1274,3194,1530,954,65536,0,0,0,False,False
8381,3841,2349,4097,2605,954,65536,0,0,0,False,False
8382,1212,847,1468,1103,954,65536,0,0,0,False,False
8383,3422,909,3678,1165,954,65536,0,0,0,False,False
8384,1896,2412,2152,2668,954,65536,0,0,0,False,False
8385,2482,1545,2738,1801,954,65536,0,0,0,False,False
8386,3198,2508,3454,2764,954,65536,0,0,0,False,False
8387,1459,2238,1715,2494,954,65536,0,0,0,False,False
8388,2585,1607,2841,1863,954,65536,0,0,0,False,False
8389,3821,2028,4077,2284,954,65536,0,0,0,False,False
8390,3218,964,3474,1220,954,65536,0,0,0,False,False
8391,3824,1418,4080,1674,954,65536,0,0,0,False,False
8392,2257,1701,2513,1957,954,65536,0,0,0,False,False
8393,2501,2330,2757,2586,954,65536,0,0,0,False,False
8394,2423,1766,2679,2022,954,65536,0,0,0,False,False
8395,2403,2070,2659,2326,954,65536,0,0,0,False,False
8396,2915,1562,3171,1818,954,65536,0,0,0,False,False
8397,1291,2435,1547,2691,954,65536,0,0,0,False,False
8398,2988,2054,3244,2310,954,65536,0,0,0,False,False
8399,3043,2344,3299,2600,954,65536,0,0,0,False,False
8400,3186,1711,3442,1967,977,65536,0,0,0,False,False
8401,1187,1059,1443,1315,977,65536,0,0,0,False,False
8402,1444,2226,1700,2482,977,61908,0,3628,0,False,True
8403,3990,888,4246,1144,977,65536,0,0,0,False,False
8404,1258,1164,1514,1420,977,65536,0,0,0,False,False
8405,2806,1998,3062,2254,977,65536,0,0,0,False,False
8406,1829,2404,2085,2660,977,65536,0,0,0,False,False
8407,1803,1934,2059,2190,977,61230,0,4306,0,False,True
8408,3366,1834,3622,2090,977,65536,0,0,0,False,False
8409,2713,1095,2969,1351,977,65536,0,0,0,False,False
8410,1874,1675,2130,1931,977,65536,0,0,0,False,False
8411,1884,2506,2140,2762,977,65536,0,0,0,False,False
8412,3414,900,3670,1156,977,65536,0,0,0,False,False
8413,2146,2210,2402,2466,977,61496,0,4040,0,False,True
8414,2304,1574,2560,1830,977,65536,0,0,0,False,False
8415,1854,2307,2110,2563,977,65536,0,0,0,False,False
8416,3165,1980,3421,2236,977,65536,0,0,0,False,False
8417,3763,1935,4019,2191,977,65536,0,0,0,False,False
8418,1606,2228,1862,2484,977,62516,0,3020,0,False,True
8419,2210,1761,2466,2017,977,65536,0,0,0,False,False
8420,3096,1810,3352,2066,977,65536,0,0,0,False,False
8421,3551,938,3807,1194,977,65536,0,0,0,False,False
8422,3310,1612,3566,1868,977,65536,0,0,0,False,False
8423,3325,1384,3581,1640,977,65536,0,0,0,False,False
8424,1632,1261,1888,1517,977,65536,0,0,0,False,False
8425,3253,1817,3509,2073,977,65536,0,0,0,False,False
8426,1872,1347,2128,1603,977,65536,0,0,0,False,False
8427,3145,994,3401,1250,977,65536,0,0,0,False,False
8428,3314,1074,3570,1330,977,65536,0,0,0,False,False
8429,2719,1480,2975,1736,977,65536,0,0,0,False,False
8430,2813,1938,3069,2194,1009,65536,0,0,0,False,False
8431,2963,934,3219,1190,1009,65536,0,0,0,False,False
8432,2691,905,2947,1161,1009,65536,0,0,0,False,False
8433,2670,1172,2926,1428,1009,65536,0,0,0,False,False
8434,2079,965,2335,1221,1009,65536,0,0,0,False,False
8435,2226,1661,2482,1917,1009,65536,0,0,0,False,False
8436,2004,1976,2260,2232,1009,65536,0,0,0,False,False
8437,1137,2057,1393,2313,1009,65536,0,0,0,False,False
8438,2579,1011,2835,1267,1009,65536,0,0,0,False,False
8439,2572,2441,2828,2697,1009,65536,0,0,0,False,False
8440,2170,1054,2426,1310,1009,65536,0,0,0,False,False
8441,2248,1061,2504,1317,1009,65536,0,0,0,False,False
8442,1270,1447,1526,1703,1009,65536,0,0,0,False,False
8443,3516,1300,3772,1556,1009,65536,0,0,0,False,False
8444,2532,1804,2788,2060,1009,65536,0,0,0,False,False
8445,2254,1725,2510,1981,1009,65536,0,0,0,False,False
8446,2988,2474,3244,2730,1009,65536,0,0,0,False,False
8447,2448,1645,2704,1901,1009,65536,0,0,0,False,False
8448,3277,2096,3533,2352,1009,65536,0,0,0,False,False
8449,2600,2197,2856,2453,1009,65536,0,0,0,False,False
8450,3826,2190,4082,2446,1009,65536,0,0,0,False,False
8451,1595,1442,1851,1698,1009,65536,0,0,0,False,False
8452,1433,2528,1689,2784,1009,65536,0,0,0,False,False
8453,3193,2190,3449,2446,1009,65536,0,0,0,False,False
8454,1252,1812,1508,2068,1009,65536,0,0,0,False,False
8455,1457,1527,1713,1783,1009,65536,0,0,0,False,False
8456,2611,1293,2867,1549,1009,65536,0,0,0,False,False
8457,1758,2284,2014,2540,1009,65536,0,0,0,False,False
8458,3569,2167,3825,2423,1009,65536,0,0,0,False,False
8459,3881,1428,4137,1684,1009,65536,0,0,0,False,False
8460,1133,960,1389,1216,1031,65536,0,0,0,False,False
8461,1556,1219,1812,1475,1031,65536,0,0,0,False,False
8462,2252,2102,2508,2358,1031,65536,0,0,0,False,False
8463,3171,2170,3427,2426,1031,65536,0,0,0,False,False
8464,2546,1473,2802,1729,1031,65536,0,0,0,False,False
8465,3285,2501,3541,2757,1031,65536,0,0,0,False,False
8466,1849,2266,2105,2522,1031,65536,0,0,0,False,False
8467,1307,945,1563,1201,1031,65536,0,0,0,False,False
8468,2639,1245,2895,1501,1031,65536,0,0,0,False,False
8469,3612,1440,3868,1696,1031,65536,0,0,0,False,False
8470,3992,1675,4248,1931,1031,65536,0,0,0,False,False
8471,2483,2119,2739,2375,1031,65536,0,0,0,False,False
8472,1258,1784,1514,2040,1031,65536,0,0,0,False,False
8473,2485,2520,2741,2776,1031,65536,0,0,0,False,False
8474,2002,1379,2258,1635,1031,65536,0,0,0,False,False
8475,2271,1675,2527,1931,1031,65536,0,0,0,False,False
8476,3999,1115,4255,1371,1031,65536,0,0,0,False,False
8477,3085,1510,3341,1766,1031,65536,0,0,0,False,False
8478,1873,886,2129,1142,1031,65536,0,0,0,False,False
8479,2398,1309,2654,1565,1031,65536,0,0,0,False,False
8480,3447,2369,3703,2625,1031,65536,0,0,0,False,True
8481,3205,1804,3461,2060,1031,65536,0,0,0,False,True
8482,2053,1032,2309,1288,1031,65536,0,0,0,False,False
8483,3543,1234,3799,1490,1031,65536,0,0,0,False,False
8484,3269,1793,3525,2049,1031,65536,0,0,0,False,False
8485,1446,907,1702,1163,1031,65536,0,0,0,False,False
8486,2400,2432,2656,2688,1031,65536,0,0,0,False,False
8487,1470,1748,1726,2004,1031,65536,0,0,0,False,False
8488,2989,2151,3245,2407,1031,65536,0,0,0,False,False
8489,3141,1624,3397,1880,1031,65536,0,0,0,False,False
8490,2327,1457,2583,1713,1032,65536,0,0,0,False,False
8491,2636,2333,2892,2589,1032,65536,0,0,0,False,False
8492,3471,2272,3727,2528,1032,65111,425,0,0,True,False
8493,2960,1079,3216,1335,1032,65536,0,0,0,False,False
8494,2168,1624,2424,1880,1032,65536,0,0,0,False,False
8495,3674,2157,3930,2413,1032,65536,0,0,0,False,False
8496,1744,1371,2000,1627,1032,65536,0,0,0,False,False
8497,2799,1455,3055,1711,1032,65536,0,0,0,False,False
8498,3169,1135,3425,1391,1032,65536,0,0,0,False,False
8499,3737,884,3993,1140,1032,65536,0,0,0,False,False
8500,3915,1237,4171,1493,1032,65536,0,0,0,False,False
8501,3571,974,3827,1230,1032,65536,0,0,0,False,False
8502,1849,1626,2105,1882,1032,65536,0,0,0,False,False
8503,2327,1723,2583,1979,1032,65536,0,0,0,False,False
8504,2159,1950,2415,2206,1032,64140,1396,0,0,True,False
8505,3320,1917,3576,2173,1032,65536,0,0,0,False,False
8506,2693,2130,2949,2386,1032,64248,1288,0,0,True,False
8507,2776,2094,3032,2350,1032,64671,865,0,0,True,False
8508,2279,1520,2535,1776,1032,65536,0,0,0,False,False
8509,2263,1156,2519,1412,1032,65536,0,0,0,False,True
8510,3798,1072,4054,1328,1032,65536,0,0,0,False,False
8511,1714,2490,1970,2746,1032,65536,0,0,0,False,False
8512,1130,1090,1386,1346,1032,65536,0,0,0,False,False
8513,2008,1249,2264,1505,1032,65536,0,0,0,False,False
8514,1999,1901,2255,2157,1032,64238,1298,0,0,True,False
8515,1223,925,1479,1181,1032,65536,0,0,0,False,False
8516,3741,1537,3997,1793,1032,65536,0,0,0,False,False
8517,1913,1266,2169,1522,1032,65536,0,0,0,False,False
8518,1140,2203,1396,2459,1032,65536,0,0,0,False,False
8519,2026,2071,2282,2327,1032,64729,807,0,0,True,False
8520,3842,1319,4098,1575,1033,65536,0,0,0,False,False
8521,2329,1462,2585,1718,1033,65536,0,0,0,False,False
8522,2127,2356,2383,2612,1033,65536,0,0,0,False,False
8523,1213,2438,1469,2694,1033,65536,0,0,0,False,False
8524,1374,922,1630,1178,1033,65536,0,0,0,False,False
8525,2457,1613,2713,1869,1033,65536,0,0,0,False,False
8526,2557,2428,2813,2684,1033,65536,0,0,0,False,False
8527,1576,1433,1832,1689,1033,65536,0,0,0,False,True
8528,2636,2485,2892,2741,1033,65536,0,0,0,False,False
8529,3085,1458,3341,1714,1033,65536,0,0,0,False,False
8530,1500,2238,1756,2494,1033,65536,0,0,0,False,False
8531,3089,2118,3345,2374,1033,65536,0,0,0,False,False
8532,3713,1963,3969,2219,1033,65536,0,0,0,False,False
8533,3473,1419,3729,1675,1033,65536,0,0,0,False,False
8534,2396,2362,2652,2618,1033,65536,0,0,0,False,False
8535,3168,2471,3424,2727,1033,65536,0,0,0,False,False
8536,3875,1553,4131,1809,1033,65536,0,0,0,False,False
8537,2114,2259,2370,2515,1033,65536,0,0,0,False,False
8538,2333,1006,2589,1262,1033,65536,0,0,0,False,False
8539,2140,2173,2396,2429,1033,65536,0,0,0,False,False
8540,3698,2397,3954,2653,1033,65536,0,0,0,False,False
8541,2863,1031,3119,1287,1033,65536,0,0,0,False,False
8542,3876,1472,4132,1728,1033,65536,0,0,0,False,False
8543,2906,1624,3162,1880,1033,65536,0,0,0,False,False
8544,1676,1254,1932,1510,1033,65536,0,0,0,False,False
8545,2875,1526,3131,1782,1033,65536,0,0,0,False,False
8546,1784,1832,2040,2088,1033,65536,0,0,0,False,False
8547,2185,2462,2441,2718,1033,65536,0,0,0,False,False
8548,2356,1951,2612,2207,1033,65536,0,0,0,False,False
8549,3156,1293,3412,1549,1033,64286,1250,0,0,True,False
8550,3284,2454,3540,2710,1037,65536,0,0,0,False,False
8551,3005,1396,3261,1652,1037,65536,0,0,0,False,False
8552,2560,2122,2816,2378,1037,65536,0,0,0,False,False
8553,3597,1836,3853,2092,1037,65536,0,0,0,False,False
8554,1134,1288,1390,1544,1037,65536,0,0,0,False,False
8555,1594,1904,1850,2160,1037,65536,0,0,0,False,False
8556,3371,2518,3627,2774,1037,65536,0,0,0,False,False
8557,1836,2475,2092,2731,1037,65536,0,0,0,False,False
8558,1806,938,2062,1194,1037,65536,0,0,0,False,False
8559,2328,1928,2584,2184,1037,65536,0,0,0,False,False
8560,1326,913,1582,1169,1037,65536,0,0,0,False,False
8561,1571,1277,1827,1533,1037,65536,0,0,0,False,False
8562,3892,861,4148,1117,1037,65536,0,0,0,False,False
8563,3825,1491,4081,1747,1037,65536,0,0,0,False,False
8564,3593,1274,3849,1530,1037,65536,0,0,0,False,False
8565,2267,1626,2523,1882,1037,65536,0,0,0,False,False
8566,1164,2184,1420,2440,1037,65536,0,0,0,False,False
8567,3260,1427,3516,1683,1037,65536,0,0,0,False,False
8568,1453,894,1709,1150,1037,65536,0,0,0,False,False
8569,2645,1667,2901,1923,1037,65536,0,0,0,False,False
8570,1670,851,1926,1107,1037,65536,0,0,0,False,False
8571,2651,1681,2907,1937,1037,65536,0,0,0,False,False
8572,1176,2207,1432,2463,1037,65536,0,0,0,False,False
8573,3827,1129,4083,1385,1037,65536,0,0,0,False,False
8574,1431,2150,1687,2406,1037,65536,0,0,0,False,False
8575,1760,1401,2016,1657,1037,65536,0,0,0,False,False
8576,2348,1618,2604,1874,1037,65536,0,0,0,False,False
8577,1668,1292,1924,1548,1037,65536,0,0,0,False,False
8578,1462,2164,1718,2420,1037,65536,0,0,0,False,False
8579,2828,2419,3084,2675,1037,65536,0,0,0,False,False
8580,1685,2490,1941,2746,1039,65536,0,0,0,False,False
8581,2748,1644,3004,1900,1039,65536,0,0,0,False,False
8582,3855,1806,4111,2062,1039,65536,0,0,0,False,False
8583,3577,1572,3833,1828,1039,65536,0,0,0,False,False
8584,2923,1729,3179,1985,1039,65536,0,0,0,False,False
8585,1206,990,1462,1246,1039,65536,0,0,0,False,False
8586,1209,1329,1465,1585,1039,65536,0,0,0,False,False
8587,2404,1831,2660,2087,1039,65536,0,0,0,False,False
8588,3566,1394,3822,1650,1039,65536,0,0,0,False,False
8589,1500,870,1756,1126,1039,65536,0,0,0,False,False
8590,2315,1375,2571,1631,1039,65536,0,0,0,False,False
8591,2469,853,2725,1109,1039,65536,0,0,0,False,False
8592,1945,1680,2201,1936,1039,65536,0,0,0,False,False
8593,3953,919,4209,1175,1039,65536,0,0,0,False,False
8594,1665,1251,1921,1507,1039,65536,0,0,0,False,False
8595,2226,1514,2482,1770,1039,65536,0,0,0,False,False
8596,1698,2446,1954,2702,1039,65536,0,0,0,False,False
8597,1838,2437,2094,2693,1039,65536,0,0,0,False,False
8598,2740,1697,2996,1953,1039,65536,0,0,0,False,False
8599,2564,1937,2820,2193,1039,65536,0,0,0,False,True
8600,3760,2303,4016,2559,1039,65536,0,0,0,False,False
8601,2356,880,2612,1136,1039,65536,0,0,0,False,False
8602,2028,2182,2284,2438,1039,65536,0,0,0,False,False
8603,3453,962,3709,1218,1039,65536,0,0,0,False,False
8604,2632,2451,2888,2707,1039,65536,0,0,0,False,False
8605,2702,2030,2958,2286,1039,65536,0,0,0,False,False
8606,2086,1102,2342,1358,1039,65536,0,0,0,False,False
8607,1206,2054,1462,2310,1039,65536,0,0,0,False,False
8608,1958,1318,2214,1574,1039,65536,0,0,0,False,False
8609,1642,1252,1898,1508,1039,65536,0,0,0,False,False
8610,2238,935,2494,1191,1089,65536,0,0,0,False,False
8611,1652,1128,1908,1384,1089,65536,0,0,0,False,False
8612,1204,1320,1460,1576,1089,65536,0,0,0,False,False
8613,1502,2370,1758,2626,1089,65536,0,0,0,False,False
8614,2693,2353,2949,2609,1089,65536,0,0,0,False,False
8615,2518,2515,2774,2771,1089,65536,0,0,0,False,False
8616,3793,1368,4049,1624,1089,65536,0,0,0,False,False
8617,1937,1541,2193,1797,1089,65536,0,0,0,False,False
8618,2308,1462,2564,1718,1089,65536,0,0,0,False,False
8619,1505,1680,1761,1936,1089,65536,0,0,0,False,False
8620,1743,1268,1999,1524,1089,65536,0,0,0,False,False
8621,3059,2512,3315,2768,1089,65536,0,0,0,False,False
8622,2310,1112,2566,1368,1089,65536,0,0,0,False,False
8623,3035,1010,3291,1266,1089,65536,0,0,0,False,False
8624,3714,2016,3970,2272,1089,65536,0,0,0,False,False
8625,2916,1713,3172,1969,1089,65536,0,0,0,False,False
8626,2086,1216,2342,1472,1089,65536,0,0,0,False,False
8627,2497,1148,2753,1404,1089,65536,0,0,0,False,False
8628,2480,1152,2736,1408,1089,65536,0,0,0,False,False
8629,2726,1813,2982,2069,1089,65536,0,0,0,False,False
8630,2920,1596,3176,1852,1089,65536,0,0,0,False,False
8631,3208,1011,3464,1267,1089,65536,0,0,0,False,False
8632,3756,1788,4012,2044,1089,65536,0,0,0,False,False
8633,2342,1422,2598,1678,1089,65536,0,0,0,False,False
8634,1409,1501,1665,1757,1089,65536,0,0,0,False,False
8635,2762,2012,3018,2268,1089,65536,0,0,0,False,False
8636,1955,1846,2211,2102,1089,65536,0,0,0,False,False
8637,3652,1085,3908,1341,1089,65536,0,0,0,False,True
8638,3257,1328,3513,1584,1089,65536,0,0,0,False,False
8639,1320,2276,1576,2532,1089,65536,0,0,0,False,False
8640,1432,1568,1688,1824,1090,65536,0,0,0,False,False
8641,2366,1451,2622,1707,1090,65536,0,0,0,False,False
8642,3400,1802,3656,2058,1090,65536,0,0,0,False,False
8643,2229,936,2485,1192,1090,65536,0,0,0,False,False
8644,2699,1143,2955,1399,1090,65536,0,0,0,False,False
8645,2506,836,2762,1092,1090,65536,0,0,0,False,False
8646,2691,1943,2947,2199,1090,65536,0,0,0,False,False
8647,3367,2054,3623,2310,1090,65536,0,0,0,False,False
8648,2038,1183,2294,1439,1090,64842,0,694,0,False,False
8649,1686,1252,1942,1508,1090,65536,0,0,0,False,False
8650,2752,2495,3008,2751,1090,65536,0,0,0,False,False
8651,2051,2323,2307,2579,1090,65536,0,0,0,False,False
8652,3599,1808,3855,2064,1090,65536,0,0,0,False,False
8653,2336,2254,2592,2510,1090,65536,0,0,0,False,False
8654,2606,1506,2862,1762,1090,65536,0,0,0,False,False
8655,2902,1205,3158,1461,1090,65536,0,0,0,False,False
8656,3400,1865,3656,2121,1090,65536,0,0,0,False,False
8657,3151,941,3407,1197,1090,65536,0,0,0,False,False
8658,3414,1320,3670,1576,1090,65536,0,0,0,False,False
8659,1711,2374,1967,2630,1090,65536,0,0,0,False,False
8660,1461,1145,1717,1401,1090,65536,0,0,0,False,False
8661,3739,2478,3995,2734,1090,65536,0,0,0,False,False
8662,3808,849,4064,1105,1090,65536,0,0,0,False,False
8663,1986,1281,2242,1537,1090,65285,0,251,0,False,True
8664,1186,1653,1442,1909,1090,65536,0,0,0,False,False
8665,2718,1226,2974,1482,1090,65536,0,0,0,False,False
8666,2003,2063,2259,2319,1090,65536,0,0,0,False,True
8667,3549,1850,3805,2106,1090,65536,0,0,0,False,False
8668,2304,1594,2560,1850,1090,65536,0,0,0,False,False
8669,1496,1957,1752,2213,1090,65536,0,0,0,False,False
8670,3805,1900,4061,2156,1091,65536,0,0,0,False,False
8671,3693,1000,3949,1256,1091,65536,0,0,0,False,False
8672,3455,2150,3711,2406,1091,65536,0,0,0,False,False
8673,1342,995,1598,1251,1091,65536,0,0,0,False,False
8674,2375,1680,2631,1936,1091,65536,0,0,0,False,False
8675,2107,1900,2363,2156,1091,65536,0,0,0,False,False
8676,3339,1482,3595,1738,1091,65536,0,0,0,False,False
8677,1625,1702,1881,1958,1091,65536,0,0,0,False,True
8678,3660,2035,3916,2291,1091,65536,0,0,0,False,False
8679,1612,1573,1868,1829,1091,65536,0,0,0,False,False
8680,1790,2382,2046,2638,1091,65536,0,0,0,False,False
8681,1788,1581,2044,1837,1091,65536,0,0,0,False,False
8682,1123,1064,1379,1320,1091,65536,0,0,0,False,True
8683,1508,1595,1764,1851,1091,65536,0,0,0,False,False
8684,1630,1892,1886,2148,1091,65536,0,0,0,False,False
8685,1266,2261,1522,2517,1091,65536,0,0,0,False,False
8686,1373,1297,1629,1553,1091,65536,0,0,0,False,False
8687,2345,2133,2601,2389,1091,65536,0,0,0,False,False
8688,1210,1347,1466,1603,1091,65536,0,0,0,False,False
8689,3629,927,3885,1183,1091,65536,0,0,0,False,False
8690,2824,1931,3080,2187,1091,64989,547,0,0,True,False
8691,2934,920,3190,1176,1091,65536,0,0,0,False,False
8692,2126,1873,2382,2129,1091,65536,0,0,0,False,False
8693,3770,1920,4026,2176,1091,65536,0,0,0,False,False
8694,2042,1302,2298,1558,1091,65536,0,0,0,False,False
8695,2233,2077,2489,2333,1091,65536,0,0,0,False,False
8696,2742,1442,2998,1698,1091,65536,0,0,0,False,False
8697,1672,2129,1928,2385,1091,65536,0,0,0,False,False
8698,3992,1897,4248,2153,1091,65536,0,0,0,False,False
8699,1975,1054,2231,1310,1091,65536,0,0,0,False,False
8700,2920,1901,3176,2157,1092,65536,0,0,0,False,False
8701,2677,1195,2933,1451,1092,65536,0,0,0,False,False
8702,2544,1316,2800,1572,1092,65536,0,0,0,False,False
8703,3832,1566,4088,1822,1092,65536,0,0,0,False,False
8704,2753,1804,3009,2060,1092,65536,0,0,0,False,False
8705,1147,969,1403,1225,1092,65536,0,0,0,False,False
8706,2722,1186,2978,1442,1092,65536,0,0,0,False,False
8707,2339,1419,2595,1675,1092,65536,0,0,0,False,False
8708,2488,1829,2744,2085,1092,65536,0,0,0,False,False
8709,3631,1555,3887,1811,1092,65536,0,0,0,False,False
8710,3070,1631,3326,1887,1092,65536,0,0,0,False,False
8711,2740,1172,2996,1428,1092,65536,0,0,0,False,False
8712,2599,2116,2855,2372,1092,65536,0,0,0,False,False
8713,1527,1082,1783,1338,1092,65536,0,0,0,False,False
8714,3901,1899,4157,2155,1092,65536,0,0,0,False,False
8715,1768,2162,2024,2418,1092,65536,0,0,0,False,False
8716,2324,2094,2580,2350,1092,65536,0,0,0,False,False
8717,2009,974,2265,1230,1092,65536,0,0,0,False,False
8718,3511,1745,3767,2001,1092,65536,0,0,0,False,False
8719,1230,1196,1486,1452,1092,65536,0,0,0,False,False
8720,3237,2186,3493,2442,1092,63565,1971,0,0,True,False
8721,1539,2407,1795,2663,1092,65536,0,0,0,False,False
8722,3016,1531,3272,1787,1092,65536,0,0,0,False,False
8723,3892,2092,4148,2348,1092,65536,0,0,0,False,False
8724,2146,1337,2402,1593,1092,65536,0,0,0,False,False
8725,2169,1707,2425,1963,1092,65536,0,0,0,False,False
8726,3634,1213,3890,1469,1092,65245,291,0,0,True,False
8727,3820,1805,4076,2061,1092,65536,0,0,0,False,False
8728,1204,865,1460,1121,1092,65536,0,0,0,False,False
8729,3211,1538,3467,1794,1092,65536,0,0,0,False,False
8730,2844,1192,3100,1448,1101,65536,0,0,0,False,False
8731,1993,1481,2249,1737,1101,65536,0,0,0,False,False
8732,3234,918,3490,1174,1101,65536,0,0,0,False,False
8733,3691,1287,3947,1543,1101,65536,0,0,0,False,False
8734,3008,1764,3264,2020,1101,65536,0,0,0,False,False
8735,1543,2109,1799,2365,1101,65536,0,0,0,False,False
8736,3595,1550,3851,1806,1101,65536,0,0,0,False,False
8737,2573,913,2829,1169,1101,65536,0,0,0,False,False
8738,3187,1410,3443,1666,1101,65536,0,0,0,False,False
8739,3488,1430,3744,1686,1101,65536,0,0,0,False,False
8740,1920,1796,2176,2052,1101,65536,0,0,0,False,False
8741,1277,1093,1533,1349,1101,65536,0,0,0,False,False
8742,3400,2352,3656,2608,1101,65536,0,0,0,False,False
8743,2540,1190,2796,1446,1101,65536,0,0,0,False,False
8744,1932,1074,2188,1330,1101,65536,0,0,0,False,False
8745,2353,1294,2609,1550,1101,65536,0,0,0,False,False
8746,1773,2321,2029,2577,1101,65536,0,0,0,False,False
8747,2151,1407,2407,1663,1101,65536,0,0,0,False,False
8748,3821,1189,4077,1445,1101,65536,0,0,0,False,False
8749,2517,2086,2773,2342,1101,65536,0,0,0,False,False
8750,3924,1948,4180,2204,1101,65536,0,0,0,False,True
8751,1770,2466,2026,2722,1101,65536,0,0,0,False,False
8752,1696,2245,1952,2501,1101,65536,0,0,0,False,False
8753,1656,2323,1912,2579,1101,65536,0,0,0,False,False
8754,3180,2136,3436,2392,1101,65536,0,0,0,False,False
8755,2337,1128,2593,1384,1101,65536,0,0,0,False,False
8756,2984,2137,3240,2393,1101,65536,0,0,0,False,False
8757,3319,1351,3575,1607,1101,65536,0,0,0,False,False
8758,2330,1025,2586,1281,1101,65536,0,0,0,False,False
8759,2392,1667,2648,1923,1101,65536,0,0,0,False,False
8760,2693,2042,2949,2298,1102,65536,0,0,0,False,False
8761,2459,1409,2715,1665,1102,65536,0,0,0,False,False
8762,3787,1816,4043,2072,1102,65536,0,0,0,False,False
8763,2469,2028,2725,2284,1102,65536,0,0,0,False,False
8764,3581,2283,3837,2539,1102,65536,0,0,0,False,False
8765,3134,2170,3390,2426,1102,65536,0,0,0,False,False
8766,2649,1723,2905,1979,1102,65536,0,0,0,False,False
8767,3921,2351,4177,2607,1102,65536,0,0,0,False,False
8768,3443,1332,3699,1588,1102,65536,0,0,0,False,False
8769,1458,1907,1714,2163,1102,65536,0,0,0,False,False
8770,2126,2102,2382,2358,1102,65536,0,0,0,False,False
8771,3426,2409,3682,2665,1102,65536,0,0,0,False,False
8772,1254,1775,1510,2031,1102,65536,0,0,0,False,False
8773,2487,1446,2743,1702,1102,65536,0,0,0,False,True
8774,1120,1548,1376,1804,1102,65536,0,0,0,False,False
8775,1903,1980,2159,2236,1102,65536,0,0,0,False,False
8776,1690,1471,1946,1727,1102,65536,0,0,0,False,False
8777,2994,960,3250,1216,1102,65536,0,0,0,False,False
8778,3332,1689,3588,1945,1102,65536,0,0,0,False,False
8779,2313,1416,2569,1672,1102,65536,0,0,0,False,False
8780,3961,1685,4217,1941,1102,65536,0,0,0,False,False
8781,1755,2257,2011,2513,1102,65536,0,0,0,False,False
8782,3262,1519,3518,1775,1102,65536,0,0,0,False,False
8783,1349,2091,1605,2347,1102,65536,0,0,0,False,False
8784,3556,1515,3812,1771,1102,65536,0,0,0,False,False
8785,1581,2262,1837,2518,1102,65536,0,0,0,False,False
8786,2401,1569,2657,1825,1102,65536,0,0,0,False,False
8787,1641,1778,1897,2034,1102,65536,0,0,0,False,False
8788,1903,1657,2159,1913,1102,65536,0,0,0,False,False
8789,3255,900,3511,1156,1102,65536,0,0,0,False,False
8790,1493,1425,1749,1681,1103,65536,0,0,0,False,False
8791,1532,2189,1788,2445,1103,65536,0,0,0,False,False
8792,3461,1293,3717,1549,1103,65536,0,0,0,False,False
8793,3765,1724,4021,1980,1103,65536,0,0,0,False,False
8794,2857,1892,3113,2148,1103,65536,0,0,0,False,False
8795,2552,2361,2808,2617,1103,64525,1011,0,0,True,False
8796,2597,1718,2853,1974,1103,65536,0,0,0,False,False
8797,3999,1186,4255,1442,1103,65536,0,0,0,False,False
8798,3088,885,3344,1141,1103,65536,0,0,0,False,False
8799,3239,934,3495,1190,1103,65536,0,0,0,False,False
8800,2150,1856,2406,2112,1103,65536,0,0,0,False,False
8801,3601,1976,3857,2232,1103,65536,0,0,0,False,False
8802,3260,1323,3516,1579,1103,65536,0,0,0,False,False
8803,1184,2205,1440,2461,1103,65536,0,0,0,False,False
8804,2561,854,2817,1110,1103,65536,0,0,0,False,False
8805,1522,2032,1778,2288,1103,65536,0,0,0,False,False
8806,1982,1578,2238,1834,1103,65536,0,0,0,False,False
8807,2670,2041,2926,2297,1103,65536,0,0,0,False,False
8808,1427,2393,1683,2649,1103,65536,0,0,0,False,False
8809,3171,1578,3427,1834,1103,65536,0,0,0,False,False
8810,2621,2215,2877,2471,1103,64029,1507,0,0,True,False
8811,3206,1727,3462,1983,1103,65536,0,0,0,False,False
8812,2202,2011,2458,2267,1103,65536,0,0,0,False,False
8813,1648,2054,1904,2310,1103,65536,0,0,0,False,False
8814,1576,1173,1832,1429,1103,65536,0,0,0,False,False
8815,3310,2200,3566,2456,1103,65536,0,0,0,False,False
8816,3162,1097,3418,1353,1103,65536,0,0,0,False,False
8817,2350,919,2606,1175,1103,65536,0,0,0,False,False
8818,3926,1088,4182,1344,1103,65536,0,0,0,False,True
8819,2728,1526,2984,1782,1103,65536,0,0,0,False,False
8820,1196,1208,1452,1464,1198,65536,0,0,0,False,False
8821,1280,1917,1536,2173,1198,65536,0,0,0,False,False
8822,2896,2095,3152,2351,1198,65536,0,0,0,False,False
8823,2286,2452,2542,2708,1198,65536,0,0,0,False,False
8824,3633,1838,3889,2094,1198,65536,0,0,0,False,False
8825,2672,933,2928,1189,1198,65536,0,0,0,False,False
8826,3050,2263,3306,2519,1198,65536,0,0,0,False,False
8827,1171,878,1427,1134,1198,65536,0,0,0,False,False
8828,2112,948,2368,1204,1198,65536,0,0,0,False,False
8829,2484,2004,2740,2260,1198,63471,0,2065,0,False,True
8830,2804,1074,3060,1330,1198,65536,0,0,0,False,False
8831,3758,2045,4014,2301,1198,65536,0,0,0,False,False
8832,1247,1024,1503,1280,1198,65536,0,0,0,False,False
8833,2819,848,3075,1104,1198,65536,0,0,0,False,False
8834,1152,1597,1408,1853,1198,65536,0,0,0,False,False
8835,1559,2362,1815,2618,1198,65536,0,0,0,False,True
8836,3352,1310,3608,1566,1198,65536,0,0,0,False,False
8837,1974,1026,2230,1282,1198,65536,0,0,0,False,False
8838,1618,1580,1874,1836,1198,65536,0,0,0,False,False
8839,3051,2254,3307,2510,1198,65536,0,0,0,False,False
8840,3712,1540,3968,1796,1198,65536,0,0,0,False,False
8841,2285,1575,2541,1831,1198,65536,0,0,0,False,False
8842,2972,1117,3228,1373,1198,65536,0,0,0,False,False
8843,3676,2293,3932,2549,1198,65536,0,0,0,False,True
8844,2429,2428,2685,2684,1198,65450,0,86,0,False,True
8845,2283,2463,2539,2719,1198,65536,0,0,0,False,False
8846,1733,1487,1989,1743,1198,65536,0,0,0,False,False
8847,1305,959,1561,1215,1198,65536,0,0,0,False,False
8848,3761,1250,4017,1506,1198,65536,0,0,0,False,False
8849,2166,1198,2422,1454,1198,65536,0,0,0,False,False
8850,1755,1749,2011,2005,1241,65536,0,0,0,False,False
8851,3247,971,3503,1227,1241,65536,0,0,0,False,False
8852,2959,1912,3215,2168,1241,65536,0,0,0,False,False
8853,3831,1035,4087,1291,1241,65536,0,0,0,False,False
8854,2336,965,2592,1221,1241,65536,0,0,0,False,False
8855,3312,1894,3568,2150,1241,65536,0,0,0,False,False
8856,1495,1116,1751,1372,1241,65536,0,0,0,False,False
8857,2444,2003,2700,2259,1241,65536,0,0,0,False,False
8858,1562,1668,1818,1924,1241,65536,0,0,0,False,False
8859,2530,2089,2786,2345,1241,65536,0,0,0,False,False
8860,2459,1002,2715,1258,1241,65536,0,0,0,False,False
8861,3828,1343,4084,1599,1241,65536,0,0,0,False,False
8862,2094,1693,2350,1949,1241,65536,0,0,0,False,False
8863,3715,2499,3971,2755,1241,65536,0,0,0,False,False
8864,2583,938,2839,1194,1241,65536,0,0,0,False,False
8865,3565,1653,3821,1909,1241,65536,0,0,0,False,False
8866,3433,1564,3689,1820,1241,65536,0,0,0,False,False
8867,1652,1939,1908,2195,1241,65536,0,0,0,False,False
8868,3716,2347,3972,2603,1241,65536,0,0,0,False,False
8869,1142,1195,1398,1451,1241,65536,0,0,0,False,False
8870,2067,858,2323,1114,1241,65536,0,0,0,False,False
8871,3560,1674,3816,1930,1241,65536,0,0,0,False,False
8872,2909,2206,3165,2462,1241,65536,0,0,0,False,False
8873,1123,1931,1379,2187,1241,65536,0,0,0,False,False
8874,3281,1094,3537,1350,1241,65536,0,0,0,False,False
8875,2174,1477,2430,1733,1241,65536,0,0,0,False,False
8876,2813,2089,3069,2345,1241,65536,0,0,0,False,False
8877,3847,2430,4103,2686,1241,65536,0,0,0,False,False
8878,3795,1586,4051,1842,1241,65536,0,0,0,False,False
8879,1322,2249,1578,2505,1241,65536,0,0,0,False,False
8880,1550,1537,1806,1793,1328,65536,0,0,0,False,False
8881,3752,1249,4008,1505,1328,65536,0,0,0,False,False
8882,3910,1798,4166,2054,1328,65536,0,0,0,False,False
8883,1641,2503,1897,2759,1328,65536,0,0,0,False,False
8884,3115,1539,3371,1795,1328,65536,0,0,0,False,False
8885,3852,1517,4108,1773,1328,65536,0,0,0,False,False
8886,3366,1508,3622,1764,1328,65536,0,0,0,False,False
8887,1413,1701,1669,1957,1328,65536,0,0,0,False,False
8888,1211,1645,1467,1901,1328,65536,0,0,0,False,False
8889,2200,2437,2456,2693,1328,65536,0,0,0,False,False
8890,3221,1049,3477,1305,1328,65536,0,0,0,False,False
8891,2585,1470,2841,1726,1328,65536,0,0,0,False,True
8892,3771,2448,4027,2704,1328,65536,0,0,0,False,False
8893,1158,2115,1414,2371,1328,65536,0,0,0,False,False
8894,1649,848,1905,1104,1328,65536,0,0,0,False,False
8895,1453,2119,1709,2375,1328,65536,0,0,0,False,False
8896,1891,1298,2147,1554,1328,65536,0,0,0,False,False
8897,1629,2247,1885,2503,1328,65536,0,0,0,False,False
8898,1677,2487,1933,2743,1328,65536,0,0,0,False,False
8899,3100,1504,3356,1760,1328,65536,0,0,0,False,False
8900,3415,1527,3671,1783,1328,65536,0,0,0,False,False
8901,3061,1772,3317,2028,1328,65536,0,0,0,False,False
8902,3269,1189,3525,1445,1328,65536,0,0,0,False,False
8903,3670,1652,3926,1908,1328,65536,0,0,0,False,False
8904,3415,1435,3671,1691,1328,65536,0,0,0,False,False
8905,3544,1628,3800,1884,1328,65536,0,0,0,False,False
8906,3843,1527,4099,1783,1328,65536,0,0,0,False,False
8907,2042,2115,2298,2371,1328,65536,0,0,0,False,False
8908,2775,2221,3031,2477,1328,65536,0,0,0,False,False
8909,2611,1300,2867,1556,1328,65536,0,0,0,False,False
8910,3723,1357,3979,1613,1340,65536,0,0,0,False,False
8911,2883,2019,3139,2275,1340,65536,0,0,0,False,False
8912,2425,2052,2681,2308,1340,65536,0,0,0,False,False
8913,3912,1098,4168,1354,1340,65536,0,0,0,False,False
8914,2297,842,2553,1098,1340,65536,0,0,0,False,False
8915,2131,1430,2387,1686,1340,65536,0,0,0,False,False
8916,1317,1542,1573,1798,1340,65536,0,0,0,False,False
8917,3399,2358,3655,2614,1340,65536,0,0,0,False,False
8918,1390,1128,1646,1384,1340,65536,0,0,0,False,False
8919,1410,2398,1666,2654,1340,65536,0,0,0,False,False
8920,3341,1389,3597,1645,1340,65536,0,0,0,False,False
8921,3868,2505,4124,2761,1340,65536,0,0,0,False,False
8922,1621,2073,1877,2329,1340,65536,0,0,0,False,False
8923,3343,1055,3599,1311,1340,65536,0,0,0,False,False
8924,3659,1755,3915,2011,1340,65536,0,0,0,False,False
8925,3707,1417,3963,1673,1340,65536,0,0,0,False,False
8926,3715,1789,3971,2045,1340,65536,0,0,0,False,False
8927,3567,2116,3823,2372,1340,65536,0,0,0,False,False
8928,1611,1373,1867,1629,1340,65536,0,0,0,False,False
8929,3257,1053,3513,1309,1340,65536,0,0,0,False,False
8930,2953,1484,3209,1740,1340,65536,0,0,0,False,False
8931,2543,854,2799,1110,1340,65536,0,0,0,False,False
8932,2729,2171,2985,2427,1340,65536,0,0,0,False,False
8933,2925,1009,3181,1265,1340,65536,0,0,0,False,False
8934,3377,2287,3633,2543,1340,65536,0,0,0,False,False
8935,2828,1221,3084,1477,1340,65536,0,0,0,False,False
8936,3977,861,4233,1117,1340,65536,0,0,0,False,False
8937,2543,1993,2799,2249,1340,65536,0,0,0,False,True
8938,3279,1510,3535,1766,1340,65536,0,0,0,False,False
8939,1323,911,1579,1167,1340,65536,0,0,0,False,False
8940,3710,1210,3966,1466,1341,65536,0,0,0,False,False
8941,3066,1723,3322,1979,1341,65536,0,0,0,False,False
8942,2928,1844,3184,2100,1341,65536,0,0,0,False,False
8943,2313,1261,2569,1517,1341,65536,0,0,0,False,False
8944,3431,2349,3687,2605,1341,65536,0,0,0,False,False
8945,3787,1274,4043,1530,1341,65536,0,0,0,False,False
8946,3574,1845,3830,2101,1341,65536,0,0,0,False,False
8947,1678,1738,1934,1994,1341,65536,0,0,0,False,False
8948,1238,1132,1494,1388,1341,65536,0,0,0,False,False
8949,2503,1887,2759,2143,1341,65536,0,0,0,False,False
8950,2259,1503,2515,1759,1341,65536,0,0,0,False,False
8951,1863,2029,2119,2285,1341,65536,0,0,0,False,False
8952,1767,2342,2023,2598,1341,65536,0,0,0,False,False
8953,3222,1336,3478,1592,1341,61882,3654,0,0,True,False
8954,3230,964,3486,1220,1341,65536,0,0,0,False,False
8955,3618,1073,3874,1329,1341,65536,0,0,0,False,False
8956,2538,1040,2794,1296,1341,63407,2129,0,0,True,False
8957,3914,2015,4170,2271,1341,65536,0,0,0,False,False
8958,3079,1640,3335,1896,1341,65536,0,0,0,False,False
8959,2891,2096,3147,2352,1341,65536,0,0,0,False,False
8960,3442,1508,3698,1764,1341,61628,2540,1368,0,True,False
8961,3521,2397,3777,2653,1341,65536,0,0,0,False,False
8962,2472,1735,2728,1991,1341,65536,0,0,0,False,False
8963,1907,1884,2163,2140,1341,65536,0,0,0,False,False
8964,1453,2131,1709,2387,1341,65536,0,0,0,False,False
8965,3598,1009,3854,1265,1341,65536,0,0,0,False,False
8966,3702,935,3958,1191,1341,65536,0,0,0,False,False
8967,3647,1044,3903,1300,1341,65536,0,0,0,False,False
8968,2969,2295,3225,2551,1341,65536,0,0,0,False,False
8969,3778,1850,4034,2106,1341,65536,0,0,0,False,False
8970,3055,841,3311,1097,1351,65536,0,0,0,False,False
8971,3699,1189,3955,1445,1351,65536,0,0,0,False,False
8972,3723,1757,3979,2013,1351,65536,0,0,0,False,False
8973,1271,2332,1527,2588,1351,65536,0,0,0,False,False
8974,1156,1856,1412,2112,1351,65536,0,0,0,False,False
8975,3192,1436,3448,1692,1351,65536,0,0,0,False,False
8976,2648,1673,2904,1929,1351,65536,0,0,0,False,False
8977,2298,2118,2554,2374,1351,65536,0,0,0,False,False
8978,2365,1639,2621,1895,1351,65536,0,0,0,False,False
8979,1605,1807,1861,2063,1351,65536,0,0,0,False,False
8980,2860,1758,3116,2014,1351,65536,0,0,0,False,False
8981,1777,2390,2033,2646,1351,65536,0,0,0,False,False
8982,2055,1042,2311,1298,1351,65536,0,0,0,False,False
8983,1229,1618,1485,1874,1351,65536,0,0,0,False,False
8984,3714,2156,3970,2412,1351,65536,0,0,0,False,False
8985,2316,1956,2572,2212,1351,65536,0,0,0,False,False
8986,1485,2526,1741,2782,1351,65536,0,0,0,False,False
8987,1629,1127,1885,1383,1351,65536,0,0,0,False,False
8988,2100,2418,2356,2674,1351,65536,0,0,0,False,False
8989,2878,1856,3134,2112,1351,65536,0,0,0,False,False
8990,1301,1420,1557,1676,1351,65536,0,0,0,False,False
8991,2624,1573,2880,1829,1351,65536,0,0,0,False,True
8992,3446,1836,3702,2092,1351,65536,0,0,0,False,False
8993,3607,1994,3863,2250,1351,65536,0,0,0,False,False
8994,1663,2170,1919,2426,1351,65536,0,0,0,False,False
8995,1591,1330,1847,1586,1351,65536,0,0,0,False,False
8996,3306,1838,3562,2094,1351,65536,0,0,0,False,False
8997,1416,2009,1672,2265,1351,65536,0,0,0,False,False
8998,1911,1814,2167,2070,1351,65536,0,0,0,False,False
8999,3829,1982,4085,2238,1351,65536,0,0,0,False,False
9000,3884,857,4140,1113,1391,65536,0,0,0,False,False
9001,2640,2498,2896,2754,1391,65536,0,0,0,False,False
9002,3092,1480,3348,1736,1391,65536,0,0,0,False,False
9003,2178,2278,2434,2534,1391,65536,0,0,0,False,False
9004,2952,1214,3208,1470,1391,65536,0,0,0,False,False
9005,2121,2285,2377,2541,1391,65536,0,0,0,False,False
9006,1227,1069,1483,1325,1391,65536,0,0,0,False,False
9007,2863,2267,3119,2523,1391,65536,0,0,0,False,False
9008,1393,1923,1649,2179,1391,65536,0,0,0,False,False
9009,2995,1513,3251,1769,1391,65536,0,0,0,False,False
9010,2418,1593,2674,1849,1391,65536,0,0,0,False,False
9011,3290,2389,3546,2645,1391,65536,0,0,0,False,False
9012,2606,2245,2862,2501,1391,65536,0,0,0,False,False
9013,3358,2459,3614,2715,1391,65536,0,0,0,False,False
9014,2130,1168,2386,1424,1391,65536,0,0,0,False,False
9015,1748,1627,2004,1883,1391,65536,0,0,0,False,True
9016,3669,2329,3925,2585,1391,65536,0,0,0,False,False
9017,1128,1527,1384,1783,1391,65536,0,0,0,False,False
9018,3225,834,3481,1090,1391,65536,0,0,0,False,False
9019,3437,1433,3693,1689,1391,65536,0,0,0,False,False
9020,3412,2170,3668,2426,1391,65536,0,0,0,False,False
9021,2835,1007,3091,1263,1391,65536,0,0,0,False,False
9022,3954,2215,4210,2471,1391,65536,0,0,0,False,False
9023,3702,2337,3958,2593,1391,65536,0,0,0,False,False
9024,1206,2474,1462,2730,1391,65536,0,0,0,False,False
9025,3028,2083,3284,2339,1391,65536,0,0,0,False,False
9026,2501,1817,2757,2073,1391,65536,0,0,0,False,False
9027,3836,1736,4092,1992,1391,65536,0,0,0,False,False
9028,2349,1259,2605,1515,1391,65536,0,0,0,False,False
9029,1397,1250,1653,1506,1391,65536,0,0,0,False,False
9030,1569,1398,1825,1654,1393,65536,0,0,0,False,False
9031,2736,2013,2992,2269,1393,65536,0,0,0,False,False
9032,3371,838,3627,1094,1393,65536,0,0,0,False,False
9033,2657,1045,2913,1301,1393,65536,0,0,0,False,False
9034,1171,1923,1427,2179,1393,65536,0,0,0,False,False
9035,2905,1122,3161,1378,1393,65536,0,0,0,False,False
9036,3789,1110,4045,1366,1393,65536,0,0,0,False,False
9037,2055,1549,2311,1805,1393,65536,0,0,0,False,False
9038,3909,1911,4165,2167,1393,65536,0,0,0,False,False
9039,3352,2098,3608,2354,1393,65536,0,0,0,False,False
9040,2867,931,3123,1187,1393,65536,0,0,0,False,False
9041,1274,1050,1530,1306,1393,65536,0,0,0,False,False
9042,2788,922,3044,1178,1393,65536,0,0,0,False,False
9043,3725,1997,3981,2253,1393,65536,0,0,0,False,False
9044,1517,1762,1773,2018,1393,65536,0,0,0,False,False
9045,3738,1425,3994,1681,1393,65536,0,0,0,False,False
9046,1470,889,1726,1145,1393,65536,0,0,0,False,False
9047,1790,1545,2046,1801,1393,65536,0,0,0,False,False
9048,2186,2516,2442,2772,1393,65536,0,0,0,False,False
9049,2310,1578,2566,1834,1393,65536,0,0,0,False,False
9050,2557,1352,2813,1608,1393,65536,0,0,0,False,False
9051,2653,2068,2909,2324,1393,65536,0,0,0,False,True
9052,1232,2436,1488,2692,1393,65536,0,0,0,False,False
9053,2995,982,3251,1238,1393,65536,0,0,0,False,False
9054,2131,1564,2387,1820,1393,65536,0,0,0,False,False
9055,3704,2099,3960,2355,1393,65536,0,0,0,False,False
9056,3171,1628,3427,1884,1393,65536,0,0,0,False,False
9057,1589,2302,1845,2558,1393,65536,0,0,0,False,False
9058,2095,2106,2351,2362,1393,65536,0,0,0,False,False
9059,3093,2313,3349,2569,1393,65536,0,0,0,False,False
9060,3867,1593,4123,1849,1394,65536,0,0,0,False,False
9061,2450,864,2706,1120,1394,65536,0,0,0,False,False
9062,2858,2463,3114,2719,1394,65536,0,0,0,False,False
9063,3898,1080,4154,1336,1394,65536,0,0,0,False,False
9064,3875,2459,4131,2715,1394,65536,0,0,0,False,False
9065,1136,2189,1392,2445,1394,65536,0,0,0,False,False
9066,1250,1074,1506,1330,1394,65536,0,0,0,False,False
9067,2262,1888,2518,2144,1394,65536,0,0,0,False,False
9068,1245,1829,1501,2085,1394,65536,0,0,0,False,False
9069,1506,1296,1762,1552,1394,64700,836,0,0,True,False
9070,2464,1924,2720,2180,1394,65536,0,0,0,False,False
9071,2004,1927,2260,2183,1394,65536,0,0,0,False,False
9072,1164,2526,1420,2782,1394,65536,0,0,0,False,False
9073,3595,1641,3851,1897,1394,65536,0,0,0,False,False
9074,2401,2257,2657,2513,1394,65536,0,0,0,False,False
9075,3027,2503,3283,2759,1394,65536,0,0,0,False,False
9076,3377,2228,3633,2484,1394,65536,0,0,0,False,False
9077,3788,903,4044,1159,1394,65536,0,0,0,False,False
9078,2163,2343,2419,2599,1394,65536,0,0,0,False,False
9079,3302,1572,3558,1828,1394,65536,0,0,0,False,False
9080,2381,2085,2637,2341,1394,65536,0,0,0,False,False
9081,3407,1583,3663,1839,1394,65536,0,0,0,False,False
9082,1713,1044,1969,1300,1394,62502,3034,0,0,True,False
9083,3884,1239,4140,1495,1394,65536,0,0,0,False,False
9084,2657,1840,2913,2096,1394,65536,0,0,0,False,False
9085,2538,2033,2794,2289,1394,65536,0,0,0,False,False
9086,2984,1924,3240,2180,1394,65536,0,0,0,False,False
9087,3573,1595,3829,1851,1394,65536,0,0,0,False,False
9088,2979,1596,3235,1852,1394,65536,0,0,0,False,False
9089,3169,2387,3425,2643,1394,65536,0,0,0,False,False
9090,3846,1907,4102,2163,1404,65536,0,0,0,False,False
9091,2842,1289,3098,1545,1404,65536,0,0,0,False,False
9092,3696,1281,3952,1537,1404,65536,0,0,0,False,False
9093,2490,2257,2746,2513,1404,65536,0,0,0,False,False
9094,1189,837,1445,1093,1404,65536,0,0,0,False,False
9095,2149,1336,2405,1592,1404,65536,0,0,0,False,False
9096,3450,2471,3706,2727,1404,65536,0,0,0,False,False
9097,3606,1899,3862,2155,1404,65536,0,0,0,False,False
9098,3474,845,3730,1101,1404,65536,0,0,0,False,False
9099,3939,1108,4195,1364,1404,65536,0,0,0,False,False
9100,3295,2054,3551,2310,1404,65536,0,0,0,False,False
9101,3849,2500,4105,2756,1404,65536,0,0,0,False,False
9102,1477,1259,1733,1515,1404,65536,0,0,0,False,False
9103,1710,2456,1966,2712,1404,65536,0,0,0,False,False
9104,1719,1185,1975,1441,1404,65536,0,0,0,False,False
9105,1300,868,1556,1124,1404,65536,0,0,0,False,False
9106,3578,2386,3834,2642,1404,65536,0,0,0,False,False
9107,2672,1666,2928,1922,1404,65536,0,0,0,False,False
9108,1797,2345,2053,2601,1404,65536,0,0,0,False,False
9109,2916,1242,3172,1498,1404,65536,0,0,0,False,False
9110,1771,1703,2027,1959,1404,65536,0,0,0,False,False
9111,1739,1209,1995,1465,1404,65536,0,0,0,False,False
9112,3015,1450,3271,1706,1404,65536,0,0,0,False,False
9113,2946,917,3202,1173,1404,65536,0,0,0,False,False
9114,2365,866,2621,1122,1404,65536,0,0,0,False,False
9115,2076,1301,2332,1557,1404,65536,0,0,0,False,False
9116,2387,1327,2643,1583,1404,65536,0,0,0,False,False
9117,2616,1085,2872,1341,1404,65536,0,0,0,False,False
9118,1897,1675,2153,1931,1404,65536,0,0,0,False,False
9119,2341,1633,2597,1889,1404,65536,0,0,0,False,False
9120,1150,1953,1406,2209,1405,65536,0,0,0,False,False
9121,2418,865,2674,1121,1405,65536,0,0,0,False,False
9122,2788,1461,3044,1717,1405,62154,3382,0,0,True,False
9123,1801,1378,2057,1634,1405,65536,0,0,0,False,False
9124,2878,1313,3134,1569,1405,64057,1479,0,0,True,False
9125,3377,1290,3633,1546,1405,65536,0,0,0,False,False
9126,2237,1420,2493,1676,1405,65536,0,0,0,False,False
9127,3172,2438,3428,2694,1405,65536,0,0,0,False,False
9128,2798,1323,3054,1579,1405,62293,3243,0,0,True,False
9129,3581,2025,3837,2281,1405,65536,0,0,0,False,False
9130,1300,1963,1556,2219,1405,65536,0,0,0,False,False
9131,2086,1314,2342,1570,1405,65536,0,0,0,False,False
9132,3684,2215,3940,2471,1405,65536,0,0,0,False,False
9133,3314,1841,3570,2097,1405,65536,0,0,0,False,False
9134,1431,1759,1687,2015,1405,65536,0,0,0,False,False
9135,1774,2216,2030,2472,1405,65536,0,0,0,False,False
9136,1974,1206,2230,1462,1405,65536,0,0,0,False,False
9137,2299,949,2555,1205,1405,65536,0,0,0,False,False
9138,3868,1810,4124,2066,1405,65536,0,0,0,False,False
9139,2245,938,2501,1194,1405,65536,0,0,0,False,False
9140,3565,1831,3821,2087,1405,65536,0,0,0,False,False
9141,3134,2032,3390,2288,1405,61931,3605,0,0,True,False
9142,1313,1918,1569,2174,1405,65536,0,0,0,False,False
9143,1789,2066,2045,2322,1405,65536,0,0,0,False,False
9144,1472,2294,1728,2550,1405,65536,0,0,0,False,False
9145,2268,1077,2524,1333,1405,65536,0,0,0,False,False
9146,3648,1937,3904,2193,1405,65536,0,0,0,False,False
9147,3280,1204,3536,1460,1405,65536,0,0,0,False,False
9148,3197,2024,3453,2280,1405,61885,3651,0,0,True,False
9149,2520,1716,2776,1972,1405,65536,0,0,0,False,False
9150,1137,1757,1393,2013,1409,65536,0,0,0,False,False
9151,2552,2387,2808,2643,1409,65536,0,0,0,False,False
9152,2813,2452,3069,2708,1409,65536,0,0,0,False,False
9153,1209,1388,1465,1644,1409,65536,0,0,0,False,False
9154,3960,1798,4216,2054,1409,65536,0,0,0,False,False
9155,1210,1054,1466,1310,1409,65536,0,0,0,False,False
9156,3087,1127,3343,1383,1409,65536,0,0,0,False,False
9157,1614,2328,1870,2584,1409,65536,0,0,0,False,False
9158,1253,2178,1509,2434,1409,65536,0,0,0,False,False
9159,3136,891,3392,1147,1409,65536,0,0,0,False,False
9160,3138,2001,3394,2257,1409,65536,0,0,0,False,False
9161,1540,2050,1796,2306,1409,65536,0,0,0,False,False
9162,1583,1651,1839,1907,1409,65536,0,0,0,False,False
9163,2455,1075,2711,1331,1409,65536,0,0,0,False,False
9164,2044,2194,2300,2450,1409,65536,0,0,0,False,False
9165,3375,1371,3631,1627,1409,65536,0,0,0,False,False
9166,3632,2481,3888,2737,1409,65536,0,0,0,False,False
9167,1707,1664,1963,1920,1409,65536,0,0,0,False,False
9168,1899,2174,2155,2430,1409,65536,0,0,0,False,False
9169,3745,1931,4001,2187,1409,65536,0,0,0,False,False
9170,1871,1459,2127,1715,1409,65536,0,0,0,False,False
9171,1626,1670,1882,1926,1409,65536,0,0,0,False,False
9172,1899,1234,2155,1490,1409,65536,0,0,0,False,False
9173,3592,988,3848,1244,1409,65536,0,0,0,False,False
9174,1313,1533,1569,1789,1409,65536,0,0,0,False,False
9175,3470,2429,3726,2685,1409,65536,0,0,0,False,False
9176,1930,2406,2186,2662,1409,65536,0,0,0,False,False
9177,1440,1664,1696,1920,1409,65536,0,0,0,False,False
9178,3350,2180,3606,2436,1409,65536,0,0,0,False,False
9179,3604,1017,3860,1273,1409,65536,0,0,0,False,False
9180,3230,2499,3486,2755,1410,65536,0,0,0,False,False
9181,1797,1514,2053,1770,1410,65536,0,0,0,False,False
9182,2556,2189,2812,2445,1410,65536,0,0,0,False,False
9183,2007,1268,2263,1524,1410,65536,0,0,0,False,False
9184,3227,1611,3483,1867,1410,65536,0,0,0,False,True
9185,1517,1360,1773,1616,1410,65536,0,0,0,False,False
9186,1230,2276,1486,2532,1410,65536,0,0,0,False,False
9187,1393,1105,1649,1361,1410,65536,0,0,0,False,False
9188,3833,2388,4089,2644,1410,65536,0,0,0,False,False
9189,1335,1267,1591,1523,1410,65536,0,0,0,False,False
9190,2787,2126,3043,2382,1410,65536,0,0,0,False,False
9191,1146,1699,1402,1955,1410,65536,0,0,0,False,False
9192,3268,1934,3524,2190,1410,65536,0,0,0,False,False
9193,1824,1386,2080,1642,1410,65536,0,0,0,False,False
9194,3432,1346,3688,1602,1410,62551,2985,0,0,True,False
9195,2255,2510,2511,2766,1410,65536,0,0,0,False,False
9196,3589,1183,3845,1439,1410,65452,84,0,0,True,False
9197,1999,2120,2255,2376,1410,65536,0,0,0,False,False
9198,2924,1724,3180,1980,1410,65536,0,0,0,False,False
9199,3031,2026,3287,2282,1410,65536,0,0,0,False,False
9200,3525,1639,3781,1895,1410,65536,0,0,0,False,False
9201,3854,1075,4110,1331,1410,65536,0,0,0,False,False
9202,3265,1955,3521,2211,1410,65536,0,0,0,False,False
9203,3240,2302,3496,2558,1410,65536,0,0,0,False,False
9204,3258,1561,3514,1817,1410,65536,0,0,0,False,False
9205,3593,1546,3849,1802,1410,65536,0,0,0,False,False
9206,2180,1365,2436,1621,1410,65536,0,0,0,False,False
9207,1410,1408,1666,1664,1410,65536,0,0,0,False,False
9208,1405,1266,1661,1522,1410,65536,0,0,0,False,False
9209,2771,1540,3027,1796,1410,65536,0,0,0,False,False
9210,1470,1265,1726,1521,1411,65536,0,0,0,False,True
9211,2604,1825,2860,2081,1411,65536,0,0,0,False,False
9212,3833,1901,4089,2157,1411,65536,0,0,0,False,False
9213,3161,994,3417,1250,1411,65536,0,0,0,False,True
9214,3797,2449,4053,2705,1411,65536,0,0,0,False,False
9215,3465,842,3721,1098,1411,65536,0,0,0,False,False
9216,2929,1550,3185,1806,1411,65536,0,0,0,False,False
9217,1894,2495,2150,2751,1411,65536,0,0,0,False,False
9218,1931,2282,2187,2538,1411,64522,1014,0,0,True,False
9219,2567,2427,2823,2683,1411,65536,0,0,0,False,False
9220,2716,2049,2972,2305,1411,65536,0,0,0,False,False
9221,2448,2330,2704,2586,1411,65536,0,0,0,False,False
9222,1435,902,1691,1158,1411,65536,0,0,0,False,False
9223,2566,2242,2822,2498,1411,65536,0,0,0,False,False
9224,2251,2317,2507,2573,1411,64386,1150,0,0,True,False
9225,3647,1962,3903,2218,1411,65536,0,0,0,False,False
9226,3534,2278,3790,2534,1411,65536,0,0,0,False,False
9227,2398,2295,2654,2551,1411,65536,0,0,0,False,False
9228,3393,2497,3649,2753,1411,65536,0,0,0,False,False
9229,2288,1575,2544,1831,1411,64536,1000,0,0,True,False
9230,3859,2343,4115,2599,1411,65536,0,0,0,False,False
9231,2410,919,2666,1175,1411,65536,0,0,0,False,False
9232,1873,2153,2129,2409,1411,64316,1220,0,0,True,False
9233,2017,1731,2273,1987,1411,65536,0,0,0,False,True
9234,2897,1628,3153,1884,1411,65536,0,0,0,False,False
9235,1885,919,2141,1175,1411,65536,0,0,0,False,False
9236,2043,1732,2299,1988,1411,65536,0,0,0,False,False
9237,2228,2303,2484,2559,1411,64124,1412,0,0,True,False
9238,2685,1351,2941,1607,1411,65536,0,0,0,False,False
9239,1762,2216,2018,2472,1411,65358,178,0,0,True,False
9240,2112,1339,2368,1595,1415,65536,0,0,0,False,False
9241,2959,1743,3215,1999,1415,65536,0,0,0,False,False
9242,2315,1148,2571,1404,1415,65536,0,0,0,False,False
9243,3899,1723,4155,1979,1415,65536,0,0,0,False,False
9244,3632,1151,3888,1407,1415,65536,0,0,0,False,False
9245,1999,855,2255,1111,1415,65536,0,0,0,False,False
9246,2423,1032,2679,1288,1415,65536,0,0,0,False,False
9247,1371,1963,1627,2219,1415,65536,0,0,0,False,False
9248,1203,2295,1459,2551,1415,65536,0,0,0,False,False
9249,2712,2096,2968,2352,1415,65536,0,0,0,False,False
9250,1172,914,1428,1170,1415,65536,0,0,0,False,False
9251,3416,1601,3672,1857,1415,65536,0,0,0,False,False
9252,2143,885,2399,1141,1415,65536,0,0,0,False,False
9253,3179,1135,3435,1391,1415,65536,0,0,0,False,False
9254,2587,1229,2843,1485,1415,65536,0,0,0,False,False
9255,2812,2190,3068,2446,1415,65536,0,0,0,False,False
9256,1264,1856,1520,2112,1415,65536,0,0,0,False,False
9257,1794,1256,2050,1512,1415,65536,0,0,0,False,False
9258,2150,2205,2406,2461,1415,65536,0,0,0,False,False
9259,3759,1248,4015,1504,1415,65536,0,0,0,False,False
9260,3158,1540,3414,1796,1415,65536,0,0,0,False,False
9261,2771,2063,3027,2319,1415,65536,0,0,0,False,False
9262,3203,2105,3459,2361,1415,65536,0,0,0,False,False
9263,1902,1687,2158,1943,1415,65536,0,0,0,False,True
9264,2146,2170,2402,2426,1415,65536,0,0,0,False,False
9265,3741,2430,3997,2686,1415,65536,0,0,0,False,False
9266,3060,2527,3316,2783,1415,65536,0,0,0,False,False
9267,2273,1022,2529,1278,1415,65536,0,0,0,False,False
9268,1298,2117,1554,2373,1415,65536,0,0,0,False,False
9269,3973,871,4229,1127,1415,65536,0,0,0,False,False
9270,2847,921,3103,1177,1416,65536,0,0,0,False,False
9271,2679,2520,2935,2776,1416,65536,0,0,0,False,False
9272,2567,1394,2823,1650,1416,64227,1309,0,0,True,False
9273,3367,1600,3623,1856,1416,65536,0,0,0,False,False
9274,2198,1016,2454,1272,1416,64171,1365,0,0,True,False
9275,2449,2451,2705,2707,1416,65536,0,0,0,False,False
9276,2727,1706,2983,1962,1416,63539,1997,0,0,True,False
9277,3189,2230,3445,2486,1416,64484,1052,0,0,True,False
9278,3355,1335,3611,1591,1416,65536,0,0,0,False,False
9279,3206,1540,3462,1796,1416,65536,0,0,0,False,False
9280,1251,2199,1507,2455,1416,65536,0,0,0,False,False
9281,1554,1087,1810,1343,1416,65536,0,0,0,False,False
9282,3099,1938,3355,2194,1416,64548,988,0,0,True,False
9283,3918,1413,4174,1669,1416,65536,0,0,0,False,False
9284,2734,1373,2990,1629,1416,65536,0,0,0,False,False
9285,2446,1364,2702,1620,1416,63465,2071,0,0,True,False
9286,3415,1553,3671,1809,1416,65536,0,0,0,False,False
9287,3082,2221,3338,2477,1416,64919,617,0,0,True,False
9288,1865,2362,2121,2618,1416,65536,0,0,0,False,False
9289,3002,1453,3258,1709,1416,65536,0,0,0,False,False
9290,3207,2056,3463,2312,1416,64828,708,0,0,True,False
9291,2351,1887,2607,2143,1416,65536,0,0,0,False,False
9292,1905,2309,2161,2565,1416,65536,0,0,0,False,False
9293,2662,2324,2918,2580,1416,65536,0,0,0,False,False
9294,3599,848,3855,1104,1416,65536,0,0,0,False,False
9295,2173,2410,2429,2666,1416,65536,0,0,0,False,False
9296,1583,1066,1839,1322,1416,65536,0,0,0,False,False
9297,3205,1731,3461,1987,1416,65536,0,0,0,False,False
9298,2268,1968,2524,2224,1416,65536,0,0,0,False,False
9299,1362,2242,1618,2498,1416,65536,0,0,0,False,False
9300,2700,2399,2956,2655,1438,65536,0,0,0,False,False
9301,1842,1565,2098,1821,1438,65536,0,0,0,False,False
9302,3623,1907,3879,2163,1438,65536,0,0,0,False,False
9303,3381,1307,3637,1563,1438,65536,0,0,0,False,False
9304,3361,2047,3617,2303,1438,65536,0,0,0,False,False
9305,3418,919,3674,1175,1438,65536,0,0,0,False,False
9306,2439,2230,2695,2486,1438,65536,0,0,0,False,False
9307,3405,2517,3661,2773,1438,65536,0,0,0,False,False
9308,3152,1467,3408,1723,1438,65536,0,0,0,False,False
9309,1646,943,1902,1199,1438,65536,0,0,0,False,False
9310,3220,864,3476,1120,1438,65536,0,0,0,False,False
9311,3210,950,3466,1206,1438,65536,0,0,0,False,False
9312,1695,1528,1951,1784,1438,65536,0,0,0,False,False
9313,2363,2487,2619,2743,1438,65536,0,0,0,False,False
9314,3005,1174,3261,1430,1438,65536,0,0,0,False,False
9315,1596,843,1852,1099,1438,65536,0,0,0,False,False
9316,2536,941,2792,1197,1438,65536,0,0,0,False,False
9317,2151,1231,2407,1487,1438,65536,0,0,0,False,False
9318,1653,2105,1909,2361,1438,65536,0,0,0,False,False
9319,3208,1672,3464,1928,1438,65536,0,0,0,False,False
9320,3659,891,3915,1147,1438,65536,0,0,0,False,False
9321,3990,2041,4246,2297,1438,65536,0,0,0,False,False
9322,2282,2244,2538,2500,1438,65536,0,0,0,False,False
9323,2429,1237,2685,1493,1438,65536,0,0,0,False,False
9324,2990,1140,3246,1396,1438,65536,0,0,0,False,False
9325,1820,1245,2076,1501,1438,65536,0,0,0,False,False
9326,1157,1664,1413,1920,1438,65536,0,0,0,False,False
9327,3014,1743,3270,1999,1438,65536,0,0,0,False,False
9328,3276,2113,3532,2369,1438,65536,0,0,0,False,False
9329,2697,1470,2953,1726,1438,65536,0,0,0,False,False
9330,3916,1093,4172,1349,1478,65536,0,0,0,False,False
9331,3363,1802,3619,2058,1478,65536,0,0,0,False,False
9332,2740,963,2996,1219,1478,65536,0,0,0,False,False
9333,3813,1453,4069,1709,1478,65536,0,0,0,False,False
9334,2802,1156,3058,1412,1478,65536,0,0,0,False,False
9335,1239,2362,1495,2618,1478,65536,0,0,0,False,False
9336,2663,1637,2919,1893,1478,65536,0,0,0,False,False
9337,3487,2450,3743,2706,1478,65536,0,0,0,False,False
9338,1542,1607,1798,1863,1478,65536,0,0,0,False,False
9339,2653,2088,2909,2344,1478,65536,0,0,0,False,False
9340,2989,2173,3245,2429,1478,65536,0,0,0,False,False
9341,2335,1327,2591,1583,1478,65536,0,0,0,False,False
9342,1607,1662,1863,1918,1478,65536,0,0,0,False,False
9343,2823,2524,3079,2780,1478,65536,0,0,0,False,False
9344,3978,870,4234,1126,1478,65536,0,0,0,False,False
9345,3726,2207,3982,2463,1478,65536,0,0,0,False,False
9346,3798,2192,4054,2448,1478,65536,0,0,0,False,False
9347,2164,1425,2420,1681,1478,65536,0,0,0,False,False
9348,1991,899,2247,1155,1478,65536,0,0,0,False,False
9349,1772,2045,2028,2301,1478,65536,0,0,0,False,False
9350,2866,1634,3122,1890,1478,65536,0,0,0,False,False
9351,3479,2298,3735,2554,1478,65536,0,0,0,False,False
9352,2468,1671,2724,1927,1478,65536,0,0,0,False,False
9353,1886,2232,2142,2488,1478,65536,0,0,0,False,False
9354,2490,876,2746,1132,1478,65536,0,0,0,False,False
9355,2907,1090,3163,1346,1478,65536,0,0,0,False,False
9356,1210,2251,1466,2507,1478,65536,0,0,0,False,False
9357,1746,1697,2002,1953,1478,65536,0,0,0,False,False
9358,2570,1147,2826,1403,1478,65536,0,0,0,False,False
9359,2176,997,2432,1253,1478,65536,0,0,0,False,False
9360,3145,1729,3401,1985,1494,65536,0,0,0,False,False
9361,3435,1070,3691,1326,1494,65536,0,0,0,False,False
9362,1187,2117,1443,2373,1494,65536,0,0,0,False,False
9363,3182,2083,3438,2339,1494,65536,0,0,0,False,False
9364,2389,2143,2645,2399,1494,65536,0,0,0,False,False
9365,3185,1820,3441,2076,1494,65536,0,0,0,False,False
9366,1420,2224,1676,2480,1494,65536,0,0,0,False,False
9367,3794,2068,4050,2324,1494,65536,0,0,0,False,False
9368,3832,877,4088,1133,1494,65536,0,0,0,False,False
9369,2131,1734,2387,1990,1494,65536,0,0,0,False,False
9370,1174,874,1430,1130,1494,65536,0,0,0,False,False
9371,3993,2413,4249,2669,1494,65536,0,0,0,False,False
9372,2896,1294,3152,1550,1494,65536,0,0,0,False,False
9373,3540,1755,3796,2011,1494,65536,0,0,0,False,False
9374,1878,1048,2134,1304,1494,65536,0,0,0,False,False
9375,2887,853,3143,1109,1494,65536,0,0,0,False,False
9376,2810,1669,3066,1925,1494,65536,0,0,0,False,False
9377,3156,1362,3412,1618,1494,65536,0,0,0,False,False
9378,2148,1759,2404,2015,1494,65536,0,0,0,False,False
9379,3933,1378,4189,1634,1494,65536,0,0,0,False,False
9380,2532,882,2788,1138,1494,65536,0,0,0,False,False
9381,3979,1858,4235,2114,1494,65536,0,0,0,False,False
9382,3358,1336,3614,1592,1494,65536,0,0,0,False,False
9383,1881,1754,2137,2010,1494,65536,0,0,0,False,False
9384,1902,2169,2158,2425,1494,65536,0,0,0,False,False
9385,1305,1091,1561,1347,1494,65536,0,0,0,False,False
9386,1320,1456,1576,1712,1494,65536,0,0,0,False,False
9387,1924,2147,2180,2403,1494,65536,0,0,0,False,False
9388,1565,1476,1821,1732,1494,65536,0,0,0,False,False
9389,2644,2239,2900,2495,1494,65536,0,0,0,False,False
9390,3536,1325,3792,1581,1495,65536,0,0,0,False,False
9391,1227,1336,1483,1592,1495,65536,0,0,0,False,False
9392,3430,1554,3686,1810,1495,65536,0,0,0,False,False
9393,2185,1530,2441,1786,1495,65536,0,0,0,False,False
9394,3277,1883,3533,2139,1495,65536,0,0,0,False,False
9395,2179,1141,2435,1397,1495,65536,0,0,0,False,False
9396,3081,2049,3337,2305,1495,65536,0,0,0,False,False
9397,3770,1130,4026,1386,1495,65536,0,0,0,False,False
9398,3763,1054,4019,1310,1495,65536,0,0,0,False,False
9399,3503,1148,3759,1404,1495,65536,0,0,0,False,False
9400,2302,1768,2558,2024,1495,65536,0,0,0,False,False
9401,3215,1553,3471,1809,1495,65536,0,0,0,False,False
9402,3873,1911,4129,2167,1495,65536,0,0,0,False,False
9403,2561,1668,2817,1924,1495,64993,543,0,0,True,False
9404,3427,1807,3683,2063,1495,65536,0,0,0,False,False
9405,1241,938,1497,1194,1495,65536,0,0,0,False,False
9406,2447,1268,2703,1524,1495,64140,1396,0,0,True,False
9407,2334,850,2590,1106,1495,65536,0,0,0,False,False
9408,3564,1761,3820,2017,1495,65536,0,0,0,False,False
9409,1258,2168,1514,2424,1495,65536,0,0,0,False,False
9410,3697,1447,3953,1703,1495,65536,0,0,0,False,False
9411,2715,1111,2971,1367,1495,65536,0,0,0,False,False
9412,3310,2112,3566,2368,1495,65536,0,0,0,False,False
9413,3892,983,4148,1239,1495,65536,0,0,0,False,False
9414,1287,2295,1543,2551,1495,65536,0,0,0,False,False
9415,1363,2081,1619,2337,1495,65536,0,0,0,False,False
9416,1641,1641,1897,1897,1495,65536,0,0,0,False,False
9417,3806,1602,4062,1858,1495,65536,0,0,0,False,False
9418,2381,837,2637,1093,1495,65536,0,0,0,False,False
9419,2929,1668,3185,1924,1495,65536,0,0,0,False,False
9420,1740,1060,1996,1316,1521,65452,0,84,0,False,True
9421,3960,1942,4216,2198,1521,65536,0,0,0,False,False
9422,3345,1367,3601,1623,1521,65536,0,0,0,False,False
9423,1399,1780,1655,2036,1521,65448,0,88,0,False,True
9424,1420,2252,1676,2508,1521,64906,0,630,0,False,False
9425,3398,2507,3654,2763,1521,65536,0,0,0,False,False
9426,1798,1366,2054,1622,1521,65536,0,0,0,False,False
9427,2656,2365,2912,2621,1521,65536,0,0,0,False,False
9428,2172,844,2428,1100,1521,65536,0,0,0,False,False
9429,3379,2217,3635,2473,1521,65536,0,0,0,False,False
9430,3415,2384,3671,2640,1521,65536,0,0,0,False,False
9431,3816,1515,4072,1771,1521,65536,0,0,0,False,False
9432,1233,2409,1489,2665,1521,65536,0,0,0,False,False
9433,1690,1679,1946,1935,1521,65536,0,0,0,False,False
9434,1475,1305,1731,1561,1521,63695,0,1841,0,False,True
9435,1938,2250,2194,2506,1521,65536,0,0,0,False,False
9436,1912,1912,2168,2168,1521,65536,0,0,0,False,False
9437,2895,2421,3151,2677,1521,65536,0,0,0,False,False
9438,2414,1849,2670,2105,1521,65536,0,0,0,False,False
9439,1341,1792,1597,2048,1521,65536,0,0,0,False,False
9440,2560,971,2816,1227,1521,65536,0,0,0,False,False
9441,1829,1291,2085,1547,1521,65536,0,0,0,False,False
9442,3131,2090,3387,2346,1521,65536,0,0,0,False,False
9443,2985,1288,3241,1544,1521,65536,0,0,0,False,False
9444,2195,1911,2451,2167,1521,65536,0,0,0,False,False
9445,2335,1349,2591,1605,1521,65536,0,0,0,False,False
9446,1918,1882,2174,2138,1521,65536,0,0,0,False,False
9447,3600,1807,3856,2063,1521,65536,0,0,0,False,False
9448,3764,2470,4020,2726,1521,65536,0,0,0,False,False
9449,2127,913,2383,1169,1521,65536,0,0,0,False,False
9450,1148,1944,1404,2200,1602,65536,0,0,0,False,False
9451,3998,1806,4254,2062,1602,65536,0,0,0,False,False
9452,3704,2031,3960,2287,1602,65536,0,0,0,False,False
9453,1948,1840,2204,2096,1602,65536,0,0,0,False,False
9454,3556,969,3812,1225,1602,65536,0,0,0,False,False
9455,2480,1358,2736,1614,1602,65536,0,0,0,False,False
9456,2200,1869,2456,2125,1602,65536,0,0,0,False,False
9457,3663,1940,3919,2196,1602,65536,0,0,0,False,False
9458,1624,1415,1880,1671,1602,65536,0,0,0,False,False
9459,2426,2052,2682,2308,1602,65536,0,0,0,False,False
9460,1197,1762,1453,2018,1602,65536,0,0,0,False,False
9461,1449,2153,1705,2409,1602,65536,0,0,0,False,False
9462,2639,880,2895,1136,1602,65536,0,0,0,False,False
9463,3337,2406,3593,2662,1602,65536,0,0,0,False,False
9464,1419,2303,1675,2559,1602,65536,0,0,0,False,False
9465,3492,2374,3748,2630,1602,65536,0,0,0,False,False
9466,3853,2386,4109,2642,1602,65536,0,0,0,False,False
9467,1469,2087,1725,2343,1602,65536,0,0,0,False,False
9468,3926,1047,4182,1303,1602,65536,0,0,0,False,False
9469,3763,882,4019,1138,1602,65536,0,0,0,False,False
9470,1477,860,1733,1116,1602,65536,0,0,0,False,False
9471,3856,1305,4112,1561,1602,65536,0,0,0,False,False
9472,2946,1988,3202,2244,1602,65536,0,0,0,False,False
9473,3006,1771,3262,2027,1602,65536,0,0,0,False,False
9474,3667,1229,3923,1485,1602,65536,0,0,0,False,False
9475,3398,1387,3654,1643,1602,65536,0,0,0,False,False
9476,2014,2088,2270,2344,1602,65536,0,0,0,False,False
9477,2420,2271,2676,2527,1602,65536,0,0,0,False,False
9478,2828,2150,3084,2406,1602,65536,0,0,0,False,False
9479,1876,2507,2132,2763,1602,65536,0,0,0,False,True
9480,3325,1314,3581,1570,1764,65536,0,0,0,False,False
9481,1656,1638,1912,1894,1764,65536,0,0,0,False,False
9482,1663,2216,1919,2472,1764,65536,0,0,0,False,False
9483,3254,2146,3510,2402,1764,65536,0,0,0,False,False
9484,3910,930,4166,1186,1764,65536,0,0,0,False,False
9485,2571,2319,2827,2575,1764,65536,0,0,0,False,False
9486,1483,1842,1739,2098,1764,65536,0,0,0,False,False
9487,2441,1495,2697,1751,1764,65536,0,0,0,False,False
9488,3054,1113,3310,1369,1764,65536,0,0,0,False,False
9489,3496,1356,3752,1612,1764,65536,0,0,0,False,False
9490,1449,1756,1705,2012,1764,65536,0,0,0,False,False
9491,2831,1037,3087,1293,1764,65536,0,0,0,False,False
9492,2392,1459,2648,1715,1764,65536,0,0,0,False,False
9493,3502,1209,3758,1465,1764,65536,0,0,0,False,False
9494,1842,2050,2098,2306,1764,65536,0,0,0,False,False
9495,1580,1906,1836,2162,1764,65536,0,0,0,False,False
9496,2790,2494,3046,2750,1764,65536,0,0,0,False,False
9497,3946,953,4202,1209,1764,65536,0,0,0,False,False
9498,3508,922,3764,1178,1764,65536,0,0,0,False,False
9499,2540,1956,2796,2212,1764,65536,0,0,0,False,False
9500,2179,2095,2435,2351,1764,65536,0,0,0,False,False
9501,2692,1085,2948,1341,1764,65536,0,0,0,False,True
9502,3237,1232,3493,1488,1764,65536,0,0,0,False,False
9503,1671,1339,1927,1595,1764,65536,0,0,0,False,False
9504,2984,1665,3240,1921,1764,65536,0,0,0,False,False
9505,2427,2450,2683,2706,1764,65536,0,0,0,False,False
9506,2008,1699,2264,1955,1764,65536,0,0,0,False,False
9507,3885,2449,4141,2705,1764,65536,0,0,0,False,False
9508,1925,2455,2181,2711,1764,65536,0,0,0,False,True
9509,3987,1555,4243,1811,1764,65536,0,0,0,False,False
9510,3924,1459,4180,1715,2005,65536,0,0,0,False,False
9511,1509,1975,1765,2231,2005,65536,0,0,0,False,False
9512,3164,1416,3420,1672,2005,65536,0,0,0,False,False
9513,2820,910,3076,1166,2005,65536,0,0,0,False,False
9514,1422,2053,1678,2309,2005,65536,0,0,0,False,False
9515,1182,1415,1438,1671,2005,65536,0,0,0,False,False
9516,1974,2249,2230,2505,2005,65536,0,0,0,False,False
9517,2712,1391,2968,1647,2005,65536,0,0,0,False,False
9518,3177,1716,3433,1972,2005,65536,0,0,0,False,False
9519,3494,2203,3750,2459,2005,65536,0,0,0,False,False
9520,3253,2518,3509,2774,2005,65536,0,0,0,False,False
9521,2408,2290,2664,2546,2005,65536,0,0,0,False,False
9522,3684,2119,3940,2375,2005,65536,0,0,0,False,False
9523,3702,2486,3958,2742,2005,65536,0,0,0,False,False
9524,3330,1007,3586,1263,2005,65536,0,0,0,False,False
9525,2632,1313,2888,1569,2005,65536,0,0,0,False,False
9526,2013,2249,2269,2505,2005,65536,0,0,0,False,False
9527,3170,1349,3426,1605,2005,65536,0,0,0,False,False
9528,2497,995,2753,1251,2005,65536,0,0,0,False,False
9529,1996,1021,2252,1277,2005,65536,0,0,0,False,False
9530,2813,1406,3069,1662,2005,65536,0,0,0,False,False
9531,1435,864,1691,1120,2005,65536,0,0,0,False,False
9532,2258,1482,2514,1738,2005,65536,0,0,0,False,False
9533,1526,1003,1782,1259,2005,65536,0,0,0,False,False
9534,3524,1713,3780,1969,2005,65536,0,0,0,False,False
9535,1796,1810,2052,2066,2005,65536,0,0,0,False,False
9536,3176,2050,3432,2306,2005,65536,0,0,0,False,False
9537,2958,1218,3214,1474,2005,65536,0,0,0,False,False
9538,1593,873,1849,1129,2005,65536,0,0,0,False,False
9539,1672,1115,1928,1371,2005,65536,0,0,0,False,False
9540,3703,2027,3959,2283,2040,65536,0,0,0,False,False
9541,2714,1059,2970,1315,2040,65536,0,0,0,False,False
9542,1564,2264,1820,2520,2040,65536,0,0,0,False,False
9543,1549,2351,1805,2607,2040,65536,0,0,0,False,False
9544,2430,1278,2686,1534,2040,65536,0,0,0,False,False
9545,1294,1012,1550,1268,2040,65536,0,0,0,False,False
9546,1180,1618,1436,1874,2040,65536,0,0,0,False,True
9547,3727,994,3983,1250,2040,65536,0,0,0,False,False
9548,2301,1490,2557,1746,2040,65536,0,0,0,False,True
9549,2210,1587,2466,1843,2040,65536,0,0,0,False,False
9550,3616,2005,3872,2261,2040,65536,0,0,0,False,False
9551,2186,2011,2442,2267,2040,65536,0,0,0,False,False
9552,1957,2053,2213,2309,2040,65536,0,0,0,False,False
9553,3919,2130,4175,2386,2040,65536,0,0,0,False,False
9554,1874,1305,2130,1561,2040,65536,0,0,0,False,False
9555,2595,2307,2851,2563,2040,65536,0,0,0,False,False
9556,3833,2060,4089,2316,2040,65536,0,0,0,False,False
9557,2899,1980,3155,2236,2040,65536,0,0,0,False,False
9558,2647,2177,2903,2433,2040,65536,0,0,0,False,False
9559,1189,2385,1445,2641,2040,65536,0,0,0,False,False
9560,2450,1572,2706,1828,2040,65536,0,0,0,False,False
9561,1980,1097,2236,1353,2040,65536,0,0,0,False,False
9562,3033,2420,3289,2676,2040,65536,0,0,0,False,False
9563,2343,2115,2599,2371,2040,65536,0,0,0,False,False
9564,3620,1531,3876,1787,2040,65536,0,0,0,False,False
9565,3676,2471,3932,2727,2040,65536,0,0,0,False,False
9566,3768,846,4024,1102,2040,65536,0,0,0,False,True
9567,3252,1535,3508,1791,2040,65536,0,0,0,False,False
9568,2318,1706,2574,1962,2040,65536,0,0,0,False,False
9569,2012,2042,2268,2298,2040,65536,0,0,0,False,False
9570,1459,2527,1715,2783,2044,65536,0,0,0,False,False
9571,2534,1606,2790,1862,2044,65536,0,0,0,False,False
9572,2142,1016,2398,1272,2044,65536,0,0,0,False,False
9573,3219,1591,3475,1847,2044,65536,0,0,0,False,False
9574,3282,2525,3538,2781,2044,65536,0,0,0,False,False
9575,2505,1773,2761,2029,2044,65536,0,0,0,False,False
9576,1770,2436,2026,2692,2044,65536,0,0,0,False,False
9577,1726,892,1982,1148,2044,65536,0,0,0,False,False
9578,3627,1777,3883,2033,2044,65536,0,0,0,False,False
9579,3600,2188,3856,2444,2044,65536,0,0,0,False,False
9580,2139,2204,2395,2460,2044,65536,0,0,0,False,False
9581,3419,1139,3675,1395,2044,65536,0,0,0,False,False
9582,1631,1539,1887,1795,2044,65536,0,0,0,False,False
9583,1763,1305,2019,1561,2044,65536,0,0,0,False,False
9584,3837,1828,4093,2084,2044,65536,0,0,0,False,False
9585,2679,2519,2935,2775,2044,65536,0,0,0,False,False
9586,2371,2047,2627,2303,2044,65536,0,0,0,False,False
9587,1700,1832,1956,2088,2044,65536,0,0,0,False,False
9588,1624,1836,1880,2092,2044,65536,0,0,0,False,False
9589,3955,2011,4211,2267,2044,65536,0,0,0,False,False
9590,3230,1828,3486,2084,2044,65536,0,0,0,False,False
9591,3656,944,3912,1200,2044,65536,0,0,0,False,False
9592,1546,922,1802,1178,2044,65536,0,0,0,False,False
9593,3798,935,4054,1191,2044,65536,0,0,0,False,False
9594,2550,1786,2806,2042,2044,65536,0,0,0,False,False
9595,2572,1197,2828,1453,2044,65536,0,0,0,False,False
9596,3838,962,4094,1218,2044,65536,0,0,0,False,False
9597,1365,1553,1621,1809,2044,65536,0,0,0,False,False
9598,1842,2186,2098,2442,2044,65536,0,0,0,False,False
9599,3174,898,3430,1154,2044,65536,0,0,0,False,False
9600,2993,1771,3249,2027,2046,65536,0,0,0,False,False
9601,2992,2078,3248,2334,2046,65536,0,0,0,False,False
9602,2867,1308,3123,1564,2046,65536,0,0,0,False,False
9603,3474,2332,3730,2588,2046,65536,0,0,0,False,False
9604,2727,2115,2983,2371,2046,65536,0,0,0,False,False
9605,3056,992,3312,1248,2046,65536,0,0,0,False,False
9606,3951,1925,4207,2181,2046,65536,0,0,0,False,False
9607,2821,1883,3077,2139,2046,65536,0,0,0,False,False
9608,3445,1652,3701,1908,2046,65536,0,0,0,False,False
9609,2970,2384,3226,2640,2046,65536,0,0,0,False,False
9610,2669,2022,2925,2278,2046,65536,0,0,0,False,False
9611,3281,2035,3537,2291,2046,65536,0,0,0,False,False
9612,3205,1997,3461,2253,2046,65536,0,0,0,False,False
9613,2685,2527,2941,2783,2046,65536,0,0,0,False,False
9614,2652,2304,2908,2560,2046,65536,0,0,0,False,False
9615,3132,881,3388,1137,2046,65536,0,0,0,False,False
9616,1302,841,1558,1097,2046,65536,0,0,0,False,False
9617,2838,931,3094,1187,2046,65536,0,0,0,False,False
9618,3938,1697,4194,1953,2046,65536,0,0,0,False,False
9619,2538,1946,2794,2202,2046,65536,0,0,0,False,False
9620,2914,1882,3170,2138,2046,65536,0,0,0,False,False
9621,3151,1978,3407,2234,2046,65536,0,0,0,False,False
9622,3448,1346,3704,1602,2046,65536,0,0,0,False,False
9623,3394,1708,3650,1964,2046,65536,0,0,0,False,False
9624,3526,853,3782,1109,2046,65536,0,0,0,False,False
9625,3448,1408,3704,1664,2046,65536,0,0,0,False,False
9626,1416,1888,1672,2144,2046,65536,0,0,0,False,False
9627,2763,2378,3019,2634,2046,65536,0,0,0,False,False
9628,3683,1437,3939,1693,2046,65536,0,0,0,False,False
9629,3148,2279,3404,2535,2046,65536,0,0,0,False,False
9630,1271,2361,1527,2617,2047,65536,0,0,0,False,False
9631,3963,2191,4219,2447,2047,65536,0,0,0,False,False
9632,3252,2182,3508,2438,2047,63732,1804,0,0,True,False
9633,2108,2392,2364,2648,2047,65536,0,0,0,False,False
9634,1265,2275,1521,2531,2047,65536,0,0,0,False,False
9635,3973,1741,4229,1997,2047,65536,0,0,0,False,False
9636,2658,1840,2914,2096,2047,65536,0,0,0,False,False
9637,3366,1384,3622,1640,2047,65536,0,0,0,False,False
9638,2045,869,2301,1125,2047,65536,0,0,0,False,False
9639,1337,1602,1593,1858,2047,65536,0,0,0,False,False
9640,2822,1058,3078,1314,2047,65536,0,0,0,False,False
9641,3905,2302,4161,2558,2047,65536,0,0,0,False,False
9642,3739,1893,3995,2149,2047,65536,0,0,0,False,False
9643,3427,1383,3683,1639,2047,65536,0,0,0,False,False
9644,1439,861,1695,1117,2047,65536,0,0,0,False,False
9645,1546,2137,1802,2393,2047,65536,0,0,0,False,False
9646,2669,930,2925,1186,2047,65536,0,0,0,False,False
9647,1770,2473,2026,2729,2047,65536,0,0,0,False,False
9648,3267,1359,3523,1615,2047,65536,0,0,0,False,False
9649,2020,2074,2276,2330,2047,65490,46,0,0,True,False
9650,3115,1399,3371,1655,2047,65536,0,0,0,False,False
9651,3928,2208,4184,2464,2047,65536,0,0,0,False,True
9652,2733,1859,2989,2115,2047,65536,0,0,0,False,False
9653,1723,1414,1979,1670,2047,65536,0,0,0,False,False
9654,1414,2484,1670,2740,2047,65536,0,0,0,False,False
9655,1685,2197,1941,2453,2047,65536,0,0,0,False,False
9656,2961,2143,3217,2399,2047,64043,1493,0,0,True,False
9657,1731,1778,1987,2034,2047,65536,0,0,0,False,False
9658,2550,1896,2806,2152,2047,65474,62,0,0,True,False
9659,2397,1922,2653,2178,2047,63894,1642,0,0,True,False
9660,1934,1467,2190,1723,2085,65536,0,0,0,False,False
9661,3236,1402,3492,1658,2085,65536,0,0,0,False,False
9662,2782,1588,3038,1844,2085,65536,0,0,0,False,False
9663,2035,2408,2291,2664,2085,65536,0,0,0,False,False
9664,2255,1605,2511,1861,2085,65536,0,0,0,False,False
9665,2640,992,2896,1248,2085,65536,0,0,0,False,False
9666,2435,2243,2691,2499,2085,65536,0,0,0,False,False
9667,3564,1568,3820,1824,2085,65536,0,0,0,False,False
9668,2614,1418,2870,1674,2085,65536,0,0,0,False,False
9669,3924,966,4180,1222,2085,65536,0,0,0,False,False
9670,2563,1114,2819,1370,2085,65536,0,0,0,False,False
9671,1465,1726,1721,1982,2085,65536,0,0,0,False,False
9672,2751,2227,3007,2483,2085,65536,0,0,0,False,False
9673,2682,2156,2938,2412,2085,65536,0,0,0,False,False
9674,2602,1074,2858,1330,2085,65536,0,0,0,False,False
9675,3787,969,4043,1225,2085,65536,0,0,0,False,False
9676,1232,1032,1488,1288,2085,65536,0,0,0,False,False
9677,2436,1881,2692,2137,2085,65536,0,0,0,False,False
9678,3553,1934,3809,2190,2085,65536,0,0,0,False,False
9679,1190,2173,1446,2429,2085,65536,0,0,0,False,False
9680,2808,1515,3064,1771,2085,65536,0,0,0,False,False
9681,1985,2072,2241,2328,2085,65536,0,0,0,False,False
9682,3246,1782,3502,2038,2085,65536,0,0,0,False,False
9683,3075,2059,3331,2315,2085,65536,0,0,0,False,False
9684,3560,1942,3816,2198,2085,65536,0,0,0,False,False
9685,2323,1429,2579,1685,2085,65536,0,0,0,False,False
9686,3875,1391,4131,1647,2085,65536,0,0,0,False,False
9687,2694,2519,2950,2775,2085,65536,0,0,0,False,False
9688,1362,1361,1618,1617,2085,65536,0,0,0,False,False
9689,3457,1054,3713,1310,2085,64426,0,1110,0,False,True
9690,2403,1094,2659,1350,2093,65536,0,0,0,False,False
9691,3686,1923,3942,2179,2093,65536,0,0,0,False,False
9692,3486,1885,3742,2141,2093,65536,0,0,0,False,False
9693,3031,1886,3287,2142,2093,65536,0,0,0,False,False
9694,1320,1351,1576,1607,2093,65536,0,0,0,False,False
9695,3483,1879,3739,2135,2093,65536,0,0,0,False,False
9696,1247,1040,1503,1296,2093,65536,0,0,0,False,False
9697,1976,2317,2232,2573,2093,65536,0,0,0,False,False
9698,1449,1784,1705,2040,2093,65536,0,0,0,False,False
9699,1338,1518,1594,1774,2093,65536,0,0,0,False,False
9700,1831,1550,2087,1806,2093,65536,0,0,0,False,False
9701,2721,1163,2977,1419,2093,65536,0,0,0,False,False
9702,3728,1257,3984,1513,2093,65536,0,0,0,False,False
9703,2324,976,2580,1232,2093,65536,0,0,0,False,False
9704,2057,966,2313,1222,2093,65536,0,0,0,False,False
9705,3129,2111,3385,2367,2093,65536,0,0,0,False,False
9706,1711,2518,1967,2774,2093,65536,0,0,0,False,False
9707,2264,2277,2520,2533,2093,65536,0,0,0,False,False
9708,1570,2028,1826,2284,2093,65536,0,0,0,False,False
9709,2574,2059,2830,2315,2093,65536,0,0,0,False,False
9710,3485,2197,3741,2453,2093,65536,0,0,0,False,False
9711,2451,2294,2707,2550,2093,65536,0,0,0,False,False
9712,1795,1386,2051,1642,2093,65536,0,0,0,False,False
9713,3195,1284,3451,1540,2093,65536,0,0,0,False,False
9714,2711,1030,2967,1286,2093,65536,0,0,0,False,False
9715,2357,2328,2613,2584,2093,65536,0,0,0,False,False
9716,3894,924,4150,1180,2093,65536,0,0,0,False,False
9717,2868,1351,3124,1607,2093,65536,0,0,0,False,False
9718,2937,1012,3193,1268,2093,65536,0,0,0,False,False
9719,1913,1982,2169,2238,2093,65536,0,0,0,False,False
9720,3160,1068,3416,1324,2095,65536,0,0,0,False,False
9721,2038,1779,2294,2035,2095,65536,0,0,0,False,False
9722,1683,1281,1939,1537,2095,65536,0,0,0,False,False
9723,1779,986,2035,1242,2095,65536,0,0,0,False,False
9724,2728,842,2984,1098,2095,65536,0,0,0,False,False
9725,1676,2187,1932,2443,2095,65536,0,0,0,False,False
9726,1332,1173,1588,1429,2095,65536,0,0,0,False,False
9727,1895,2323,2151,2579,2095,65536,0,0,0,False,False
9728,2349,1668,2605,1924,2095,65536,0,0,0,False,False
9729,2627,1933,2883,2189,2095,65536,0,0,0,False,False
9730,2017,1945,2273,2201,2095,65536,0,0,0,False,False
9731,1264,1684,1520,1940,2095,65536,0,0,0,False,False
9732,1233,1250,1489,1506,2095,65536,0,0,0,False,False
9733,1370,1814,1626,2070,2095,65536,0,0,0,False,False
9734,1154,991,1410,1247,2095,65536,0,0,0,False,False
9735,1766,1824,2022,2080,2095,65536,0,0,0,False,False
9736,3362,2294,3618,2550,2095,65536,0,0,0,False,False
9737,2241,2430,2497,2686,2095,65536,0,0,0,False,False
9738,2187,2317,2443,2573,2095,65536,0,0,0,False,False
9739,2648,1569,2904,1825,2095,65536,0,0,0,False,False
9740,1451,2360,1707,2616,2095,65536,0,0,0,False,False
9741,3453,1939,3709,2195,2095,65536,0,0,0,False,False
9742,3183,1233,3439,1489,2095,65536,0,0,0,False,False
9743,3215,1168,3471,1424,2095,65536,0,0,0,False,False
9744,1259,2363,1515,2619,2095,65536,0,0,0,False,False
9745,1425,2475,1681,2731,2095,65536,0,0,0,False,False
9746,2188,2501,2444,2757,2095,65536,0,0,0,False,False
9747,2116,2215,2372,2471,2095,65536,0,0,0,False,False
9748,1248,2161,1504,2417,2095,65536,0,0,0,False,False
9749,3612,1465,3868,1721,2095,65536,0,0,0,False,False
9750,2381,1318,2637,1574,2096,64479,1057,0,0,True,False
9751,3714,1328,3970,1584,2096,65536,0,0,0,False,False
9752,2477,2133,2733,2389,2096,65536,0,0,0,False,False
9753,1375,2358,1631,2614,2096,65536,0,0,0,False,False
9754,2676,2450,2932,2706,2096,65536,0,0,0,False,False
9755,3188,1916,3444,2172,2096,65536,0,0,0,False,False
9756,1382,921,1638,1177,2096,65536,0,0,0,False,False
9757,3951,1207,4207,1463,2096,65536,0,0,0,False,False
9758,3390,2128,3646,2384,2096,65536,0,0,0,False,False
9759,2737,1382,2993,1638,2096,65536,0,0,0,False,False
9760,3654,964,3910,1220,2096,65536,0,0,0,False,False
9761,1864,1316,2120,1572,2096,65536,0,0,0,False,False
9762,1759,848,2015,1104,2096,65536,0,0,0,False,False
9763,2497,2020,2753,2276,2096,65536,0,0,0,False,False
9764,2254,1647,2510,1903,2096,65536,0,0,0,False,False
9765,1375,1516,1631,1772,2096,65536,0,0,0,False,False
9766,2369,2134,2625,2390,2096,65536,0,0,0,False,False
9767,2532,2103,2788,2359,2096,65536,0,0,0,False,False
9768,1433,1667,1689,1923,2096,65536,0,0,0,False,False
9769,3918,1419,4174,1675,2096,65536,0,0,0,False,False
9770,3391,2200,3647,2456,2096,65536,0,0,0,False,False
9771,2178,2166,2434,2422,2096,65536,0,0,0,False,False
9772,2631,1392,2887,1648,2096,65536,0,0,0,False,False
9773,1363,1209,1619,1465,2096,65536,0,0,0,False,False
9774,1232,985,1488,1241,2096,65536,0,0,0,False,False
9775,3834,2443,4090,2699,2096,65536,0,0,0,False,False
9776,2502,2030,2758,2286,2096,65536,0,0,0,False,False
9777,1478,1762,1734,2018,2096,65536,0,0,0,False,False
9778,1658,1476,1914,1732,2096,65536,0,0,0,False,False
9779,1302,2012,1558,2268,2096,65536,0,0,0,False,False
9780,1421,914,1677,1170,2097,65536,0,0,0,False,False
9781,1376,1329,1632,1585,2097,65536,0,0,0,False,False
9782,1962,2508,2218,2764,2097,65536,0,0,0,False,False
9783,1903,2444,2159,2700,2097,65536,0,0,0,False,False
9784,3959,979,4215,1235,2097,65536,0,0,0,False,False
9785,3669,2083,3925,2339,2097,65536,0,0,0,False,False
9786,1478,1911,1734,2167,2097,64642,894,0,0,True,False
9787,2334,2343,2590,2599,2097,65536,0,0,0,False,False
9788,3004,905,3260,1161,2097,65536,0,0,0,False,False
9789,3571,1469,3827,1725,2097,65536,0,0,0,False,False
9790,1551,1853,1807,2109,2097,64967,569,0,0,True,False
9791,3830,2237,4086,2493,2097,65536,0,0,0,False,False
9792,3649,2089,3905,2345,2097,65536,0,0,0,False,False
9793,1697,2009,1953,2265,2097,65536,0,0,0,False,False
9794,3563,1091,3819,1347,2097,65536,0,0,0,False,False
9795,2642,1062,2898,1318,2097,65536,0,0,0,False,False
9796,1935,1823,2191,2079,2097,65536,0,0,0,False,False
9797,3965,1406,4221,1662,2097,65536,0,0,0,False,False
9798,3329,2093,3585,2349,2097,65536,0,0,0,False,False
9799,3075,1123,3331,1379,2097,65536,0,0,0,False,False
9800,2193,2438,2449,2694,2097,65536,0,0,0,False,False
9801,2359,2332,2615,2588,2097,65536,0,0,0,False,False
9802,1662,2315,1918,2571,2097,65536,0,0,0,False,False
9803,3607,1690,3863,1946,2097,65536,0,0,0,False,False
9804,3345,1886,3601,2142,2097,65536,0,0,0,False,False
9805,2571,1800,2827,2056,2097,65536,0,0,0,False,False
9806,3590,1326,3846,1582,2097,65536,0,0,0,False,False
9807,1623,1868,1879,2124,2097,65328,208,0,0,True,False
9808,1848,1317,2104,1573,2097,65536,0,0,0,False,False
9809,3133,1503,3389,1759,2097,65536,0,0,0,False,False
9810,2894,1799,3150,2055,2098,65536,0,0,0,False,False
9811,1912,2006,2168,2262,2098,65536,0,0,0,False,False
9812,2388,1206,2644,1462,2098,65195,341,0,0,True,False
9813,2408,2013,2664,2269,2098,64410,1126,0,0,True,False
9814,2027,2518,2283,2774,2098,65536,0,0,0,False,False
9815,1850,2326,2106,2582,2098,65536,0,0,0,False,False
9816,1532,991,1788,1247,2098,65536,0,0,0,False,False
9817,2013,2193,2269,2449,2098,64453,1083,0,0,True,False
9818,3308,2285,3564,2541,2098,65536,0,0,0,False,False
9819,3513,1058,3769,1314,2098,65536,0,0,0,False,False
9820,2794,1784,3050,2040,2098,65536,0,0,0,False,False
9821,1893,2414,2149,2670,2098,65536,0,0,0,False,False
9822,3114,1387,3370,1643,2098,65536,0,0,0,False,False
9823,3164,1440,3420,1696,2098,65536,0,0,0,False,False
9824,1211,1347,1467,1603,2098,65512,24,0,0,True,False
9825,3545,2330,3801,2586,2098,65536,0,0,0,False,False
9826,1595,1707,1851,1963,2098,65536,0,0,0,False,False
9827,3802,1669,4058,1925,2098,65536,0,0,0,False,False
9828,2724,2154,2980,2410,2098,65536,0,0,0,False,False
9829,2869,2304,3125,2560,2098,65536,0,0,0,False,False
9830,2768,2265,3024,2521,2098,65536,0,0,0,False,False
9831,2629,1844,2885,2100,2098,65535,1,0,0,True,False
9832,2103,1618,2359,1874,2098,65536,0,0,0,False,False
9833,3154,2474,3410,2730,2098,65536,0,0,0,False,False
9834,3412,1995,3668,2251,2098,65536,0,0,0,False,False
9835,3134,2160,3390,2416,2098,65536,0,0,0,False,False
9836,2786,2246,3042,2502,2098,65536,0,0,0,False,False
9837,1264,968,1520,1224,2098,65536,0,0,0,False,False
9838,1508,1307,1764,1563,2098,64268,1268,0,0,True,False
9839,2996,1200,3252,1456,2098,65536,0,0,0,False,False
9840,1564,1094,1820,1350,2099,65536,0,0,0,False,False
9841,1580,1657,1836,1913,2099,65536,0,0,0,False,False
9842,2450,860,2706,1116,2099,65536,0,0,0,False,False
9843,3372,2058,3628,2314,2099,65536,0,0,0,False,False
9844,3898,1047,4154,1303,2099,65536,0,0,0,False,False
9845,1304,1012,1560,1268,2099,65536,0,0,0,False,False
9846,2131,1096,2387,1352,2099,65536,0,0,0,False,False
9847,1653,1522,1909,1778,2099,65536,0,0,0,False,False
9848,1727,1898,1983,2154,2099,65536,0,0,0,False,False
9849,2569,2335,2825,2591,2099,64737,799,0,0,True,False
9850,3486,2055,3742,2311,2099,65536,0,0,0,False,False
9851,2232,1351,2488,1607,2099,65426,110,0,0,True,False
9852,2611,1456,2867,1712,2099,65536,0,0,0,False,False
9853,3676,2077,3932,2333,2099,65536,0,0,0,False,False
9854,3521,1386,3777,1642,2099,65536,0,0,0,False,False
9855,1702,1368,1958,1624,2099,65536,0,0,0,False,False
9856,3970,1807,4226,2063,2099,65536,0,0,0,False,False
9857,1135,1833,1391,2089,2099,65536,0,0,0,False,False
9858,2512,1743,2768,1999,2099,65536,0,0,0,False,False
9859,3550,2513,3806,2769,2099,65536,0,0,0,False,False
9860,2354,1878,2610,2134,2099,62902,2634,0,0,True,False
9861,1872,2464,2128,2720,2099,65536,0,0,0,False,False
9862,2903,1176,3159,1432,2099,65536,0,0,0,False,True
9863,1725,2241,1981,2497,2099,65536,0,0,0,False,False
9864,3010,2232,3266,2488,2099,65536,0,0,0,False,False
9865,3237,2048,3493,2304,2099,65536,0,0,0,False,True
9866,1882,2130,2138,2386,2099,65536,0,0,0,False,False
9867,3230,2193,3486,2449,2099,65536,0,0,0,False,False
9868,3456,1733,3712,1989,2099,65536,0,0,0,False,False
9869,3119,957,3375,1213,2099,65536,0,0,0,False,False
9870,1507,2145,1763,2401,2101,65536,0,0,0,False,False
9871,1198,2430,1454,2686,2101,65536,0,0,0,False,False
9872,3253,1449,3509,1705,2101,65536,0,0,0,False,False
9873,2970,2249,3226,2505,2101,65536,0,0,0,False,False
9874,1844,2034,2100,2290,2101,65536,0,0,0,False,True
9875,1163,1396,1419,1652,2101,65536,0,0,0,False,False
9876,1606,2120,1862,2376,2101,65536,0,0,0,False,False
9877,2986,1658,3242,1914,2101,65536,0,0,0,False,False
9878,3770,2188,4026,2444,2101,65536,0,0,0,False,False
9879,3460,1007,3716,1263,2101,65536,0,0,0,False,False
9880,2339,2235,2595,2491,2101,65536,0,0,0,False,False
9881,2640,2337,2896,2593,2101,65536,0,0,0,False,False
9882,3345,1116,3601,1372,2101,65536,0,0,0,False,False
9883,2954,1537,3210,1793,2101,65536,0,0,0,False,False
9884,2755,1907,3011,2163,2101,65536,0,0,0,False,False
9885,3463,2165,3719,2421,2101,65536,0,0,0,False,False
9886,2628,1812,2884,2068,2101,65536,0,0,0,False,False
9887,1478,1732,1734,1988,2101,65536,0,0,0,False,False
9888,2688,967,2944,1223,2101,65536,0,0,0,False,False
9889,3390,1841,3646,2097,2101,65536,0,0,0,False,False
9890,2188,2230,2444,2486,2101,65536,0,0,0,False,False
9891,2796,1957,3052,2213,2101,65536,0,0,0,False,False
9892,2810,2485,3066,2741,2101,65536,0,0,0,False,False
9893,2514,2377,2770,2633,2101,65536,0,0,0,False,False
9894,1240,1709,1496,1965,2101,65536,0,0,0,False,False
9895,3328,1611,3584,1867,2101,65536,0,0,0,False,False
9896,3229,1396,3485,1652,2101,65536,0,0,0,False,False
9897,2551,1420,2807,1676,2101,65536,0,0,0,False,False
9898,3252,1407,3508,1663,2101,65536,0,0,0,False,False
9899,2044,1076,2300,1332,2101,65536,0,0,0,False,False
9900,3437,903,3693,1159,2163,65536,0,0,0,False,False
9901,3554,1432,3810,1688,2163,65536,0,0,0,False,False
9902,1952,2231,2208,2487,2163,65536,0,0,0,False,False
9903,1876,947,2132,1203,2163,65536,0,0,0,False,False
9904,3198,2441,3454,2697,2163,65536,0,0,0,False,False
9905,2056,845,2312,1101,2163,65536,0,0,0,False,False
9906,2137,2029,2393,2285,2163,65536,0,0,0,False,False
9907,1216,1421,1472,1677,2163,65536,0,0,0,False,False
9908,1961,995,2217,1251,2163,65536,0,0,0,False,False
9909,2589,1798,2845,2054,2163,65536,0,0,0,False,False
9910,3176,1465,3432,1721,2163,65536,0,0,0,False,False
9911,1454,1377,1710,1633,2163,65536,0,0,0,False,False
9912,2341,2282,2597,2538,2163,65536,0,0,0,False,False
9913,4000,2424,4256,2680,2163,65536,0,0,0,False,False
9914,1537,2112,1793,2368,2163,65536,0,0,0,False,False
9915,2529,1888,2785,2144,2163,65536,0,0,0,False,False
9916,2910,1663,3166,1919,2163,65536,0,0,0,False,False
9917,1138,1317,1394,1573,2163,65536,0,0,0,False,False
9918,2684,2227,2940,2483,2163,65536,0,0,0,False,False
9919,3049,1637,3305,1893,2163,65536,0,0,0,False,False
9920,3931,2225,4187,2481,2163,65536,0,0,0,False,False
9921,2786,997,3042,1253,2163,65536,0,0,0,False,False
9922,3712,2398,3968,2654,2163,65536,0,0,0,False,False
9923,1662,2455,1918,2711,2163,65536,0,0,0,False,False
9924,1962,1990,2218,2246,2163,65536,0,0,0,False,False
9925,2360,1782,2616,2038,2163,65536,0,0,0,False,False
9926,2883,920,3139,1176,2163,65536,0,0,0,False,False
9927,2438,2325,2694,2581,2163,65536,0,0,0,False,False
9928,3166,1362,3422,1618,2163,65536,0,0,0,False,False
9929,3103,1057,3359,1313,2163,65536,0,0,0,False,False
9930,3614,1612,3870,1868,2164,65536,0,0,0,False,False
9931,1422,1230,1678,1486,2164,65536,0,0,0,False,False
9932,2549,2030,2805,2286,2164,65536,0,0,0,False,False
9933,2091,1157,2347,1413,2164,65536,0,0,0,False,False
9934,2557,1829,2813,2085,2164,65536,0,0,0,False,False
9935,3934,1796,4190,2052,2164,65536,0,0,0,False,False
9936,1514,2226,1770,2482,2164,65536,0,0,0,False,False
9937,2651,1106,2907,1362,2164,65536,0,0,0,False,False
9938,1182,1287,1438,1543,2164,65536,0,0,0,False,False
9939,3282,1583,3538,1839,2164,65536,0,0,0,False,False
9940,1964,1694,2220,1950,2164,62182,3354,0,0,True,False
9941,1129,1037,1385,1293,2164,65536,0,0,0,False,False
9942,3995,2187,4251,2443,2164,65536,0,0,0,False,False
9943,3707,2361,3963,2617,2164,65536,0,0,0,False,False
9944,1132,833,1388,1089,2164,65536,0,0,0,False,False
9945,1520,1640,1776,1896,2164,65536,0,0,0,False,False
9946,3508,991,3764,1247,2164,65536,0,0,0,False,False
9947,1254,2330,1510,2586,2164,65536,0,0,0,False,False
9948,2397,2092,2653,2348,2164,65536,0,0,0,False,False
9949,1139,1041,1395,1297,2164,65536,0,0,0,False,False
9950,3975,2390,4231,2646,2164,65536,0,0,0,False,False
9951,1348,2003,1604,2259,2164,65536,0,0,0,False,False
9952,3599,2077,3855,2333,2164,65536,0,0,0,False,False
9953,1664,1601,1920,1857,2164,65536,0,0,0,False,False
9954,2979,2136,3235,2392,2164,65536,0,0,0,False,False
9955,2479,1268,2735,1524,2164,65536,0,0,0,False,False
9956,3974,1278,4230,1534,2164,65536,0,0,0,False,True
9957,2359,1653,2615,1909,2164,65536,0,0,0,False,False
9958,3823,1498,4079,1754,2164,65536,0,0,0,False,False
9959,3017,1439,3273,1695,2164,65536,0,0,0,False,False
9960,3087,1157,3343,1413,2169,65536,0,0,0,False,False
9961,3431,2131,3687,2387,2169,65536,0,0,0,False,False
9962,2687,1341,2943,1597,2169,65536,0,0,0,False,False
9963,1848,1874,2104,2130,2169,65536,0,0,0,False,False
9964,1880,2386,2136,2642,2169,65536,0,0,0,False,False
9965,1573,1809,1829,2065,2169,65536,0,0,0,False,False
9966,2720,1938,2976,2194,2169,65536,0,0,0,False,False
9967,2712,1688,2968,1944,2169,65536,0,0,0,False,False
9968,1309,2157,1565,2413,2169,65536,0,0,0,False,False
9969,3263,2355,3519,2611,2169,65536,0,0,0,False,False
9970,1757,1894,2013,2150,2169,65536,0,0,0,False,False
9971,1863,1196,2119,1452,2169,65536,0,0,0,False,False
9972,1283,1076,1539,1332,2169,65536,0,0,0,False,False
9973,1233,1732,1489,1988,2169,65536,0,0,0,False,False
9974,3031,2314,3287,2570,2169,65536,0,0,0,False,False
9975,2501,1081,2757,1337,2169,65536,0,0,0,False,False
9976,1365,906,1621,1162,2169,65536,0,0,0,False,False
9977,3223,1235,3479,1491,2169,65536,0,0,0,False,False
9978,1515,1408,1771,1664,2169,65536,0,0,0,False,False
9979,1273,2383,1529,2639,2169,65536,0,0,0,False,False
9980,3331,988,3587,1244,2169,65536,0,0,0,False,False
9981,2874,1170,3130,1426,2169,65536,0,0,0,False,False
9982,2669,2226,2925,2482,2169,65536,0,0,0,False,False
9983,3639,967,3895,1223,2169,65536,0,0,0,False,False
9984,2010,1978,2266,2234,2169,65536,0,0,0,False,False
9985,2613,1896,2869,2152,2169,65536,0,0,0,False,False
9986,1836,1910,2092,2166,2169,65536,0,0,0,False,False
9987,3962,1439,4218,1695,2169,65536,0,0,0,False,False
9988,1368,1642,1624,1898,2169,65536,0,0,0,False,False
9989,3242,1624,3498,1880,2169,65536,0,0,0,False,False
9990,3282,1131,3538,1387,2170,65536,0,0,0,False,False
9991,2409,1226,2665,1482,2170,65536,0,0,0,False,False
9992,2884,1001,3140,1257,2170,65536,0,0,0,False,False
9993,3244,1848,3500,2104,2170,65536,0,0,0,False,False
9994,3662,1033,3918,1289,2170,65536,0,0,0,False,False
9995,1854,2057,2110,2313,2170,65536,0,0,0,False,False
9996,2373,1538,2629,1794,2170,65536,0,0,0,False,False
9997,2860,1060,3116,1316,2170,65536,0,0,0,False,False
9998,3143,1163,3399,1419,2170,65536,0,0,0,False,False
9999,3028,2365,3284,2621,2170,65536,0,0,0,False,False
10000,2633,1526,2889,1782,2170,65536,0,0,0,False,False
10001,3505,2105,3761,2361,2170,65536,0,0,0,False,False
10002,1608,2401,1864,2657,2170,65536,0,0,0,False,False
10003,1607,2181,1863,2437,2170,65266,270,0,0,True,False
10004,3432,1922,3688,2178,2170,65536,0,0,0,False,False
10005,1570,1532,1826,1788,2170,65536,0,0,0,False,False
10006,3379,1953,3635,2209,2170,65536,0,0,0,False,False
10007,2349,1745,2605,2001,2170,65536,0,0,0,False,False
10008,1406,1005,1662,1261,2170,65536,0,0,0,False,False
10009,2198,1637,2454,1893,2170,65536,0,0,0,False,False
10010,1661,1275,1917,1531,2170,65536,0,0,0,False,False
10011,1153,1845,1409,2101,2170,65536,0,0,0,False,False
10012,3605,1697,3861,1953,2170,65536,0,0,0,False,False
10013,3901,2209,4157,2465,2170,65536,0,0,0,False,False
10014,3442,1617,3698,1873,2170,65536,0,0,0,False,False
10015,3402,1088,3658,1344,2170,65536,0,0,0,False,True
10016,2653,2480,2909,2736,2170,65536,0,0,0,False,False
10017,2425,1975,2681,2231,2170,65536,0,0,0,False,False
10018,3373,1222,3629,1478,2170,65536,0,0,0,False,False
10019,2023,841,2279,1097,2170,65536,0,0,0,False,False
10020,3245,1916,3501,2172,2171,65536,0,0,0,False,False
10021,2769,1447,3025,1703,2171,65536,0,0,0,False,False
10022,2505,1503,2761,1759,2171,65536,0,0,0,False,False
10023,2634,1826,2890,2082,2171,65536,0,0,0,False,False
10024,1569,1998,1825,2254,2171,65536,0,0,0,False,False
10025,1996,1663,2252,1919,2171,65536,0,0,0,False,False
10026,1737,2303,1993,2559,2171,65536,0,0,0,False,False
10027,2688,1897,2944,2153,2171,65536,0,0,0,False,False
10028,3608,1263,3864,1519,2171,63805,1731,0,0,True,False
10029,2240,904,2496,1160,2171,65536,0,0,0,False,False
10030,1205,2171,1461,2427,2171,65536,0,0,0,False,False
10031,3202,940,3458,1196,2171,65535,1,0,0,True,False
10032,1192,1629,1448,1885,2171,65536,0,0,0,False,False
10033,3074,1119,3330,1375,2171,62210,3326,0,0,True,False
10034,3416,1839,3672,2095,2171,65536,0,0,0,False,False
10035,2708,982,2964,1238,2171,65536,0,0,0,False,False
10036,3739,1199,3995,1455,2171,65442,94,0,0,True,False
10037,1246,852,1502,1108,2171,65536,0,0,0,False,False
10038,2910,1873,3166,2129,2171,65536,0,0,0,False,False
10039,2738,1976,2994,2232,2171,65536,0,0,0,False,False
10040,1984,1195,2240,1451,2171,65536,0,0,0,False,False
10041,3105,1560,3361,1816,2171,65536,0,0,0,False,False
10042,2346,1434,2602,1690,2171,65536,0,0,0,False,False
10043,2121,1337,2377,1593,2171,65536,0,0,0,False,False
10044,2697,1746,2953,2002,2171,65536,0,0,0,False,False
10045,1308,1380,1564,1636,2171,65536,0,0,0,False,False
10046,2654,2472,2910,2728,2171,65536,0,0,0,False,False
10047,3838,2273,4094,2529,2171,65536,0,0,0,False,False
10048,1640,2171,1896,2427,2171,65536,0,0,0,False,False
10049,2474,1929,2730,2185,2171,65536,0,0,0,False,False
10050,1448,1840,1704,2096,2172,63613,1923,0,0,True,False
10051,1775,2327,2031,2583,2172,65536,0,0,0,False,False
10052,2397,2431,2653,2687,2172,65536,0,0,0,False,False
10053,3164,1802,3420,2058,2172,65536,0,0,0,False,False
10054,2806,1163,3062,1419,2172,65536,0,0,0,False,False
10055,1797,1620,2053,1876,2172,65536,0,0,0,False,False
10056,2187,1368,2443,1624,2172,65536,0,0,0,False,False
10057,2892,909,3148,1165,2172,65536,0,0,0,False,False
10058,3438,1378,3694,1634,2172,65536,0,0,0,False,False
10059,1428,1747,1684,2003,2172,64836,700,0,0,True,False
10060,3826,2113,4082,2369,2172,65536,0,0,0,False,False
10061,2961,2151,3217,2407,2172,65536,0,0,0,False,False
10062,1790,977,2046,1233,2172,65536,0,0,0,False,False
10063,1287,2456,1543,2712,2172,65536,0,0,0,False,False
10064,1717,1769,1973,2025,2172,65536,0,0,0,False,False
10065,1528,1241,1784,1497,2172,65536,0,0,0,False,False
10066,3853,1984,4109,2240,2172,65536,0,0,0,False,False
10067,3894,1298,4150,1554,2172,65536,0,0,0,False,False
10068,1211,1960,1467,2216,2172,65033,503,0,0,True,False
10069,2507,2120,2763,2376,2172,65230,306,0,0,True,False
10070,1998,878,2254,1134,2172,65536,0,0,0,False,False
10071,3947,2110,4203,2366,2172,65536,0,0,0,False,False
10072,3232,2085,3488,2341,2172,65536,0,0,0,False,False
10073,3514,1137,3770,1393,2172,65536,0,0,0,False,False
10074,2648,2162,2904,2418,2172,65358,178,0,0,True,False
10075,2233,2385,2489,2641,2172,65536,0,0,0,False,False
10076,1238,1108,1494,1364,2172,65536,0,0,0,False,False
10077,3931,1075,4187,1331,2172,65536,0,0,0,False,False
10078,3292,1225,3548,1481,2172,65536,0,0,0,False,False
10079,1955,2445,2211,2701,2172,65536,0,0,0,False,False
10080,3527,1865,3783,2121,0,0,0,0,0,False,False
10081,3093,1552,3349,1808,0,0,0,0,0,False,False
10082,1146,2250,1402,2506,0,0,0,0,0,False,False
10083,3182,1710,3438,1966,0,0,0,0,0,False,False
10084,2752,2292,3008,2548,0,0,0,0,0,False,False
10085,3254,2298,3510,2554,0,0,0,0,0,False,False
10086,3561,966,3817,1222,0,0,0,0,0,False,False
10087,2963,1790,3219,2046,0,0,0,0,0,False,False
10088,2729,1339,2985,1595,0,0,0,0,0,False,False
10089,2491,1093,2747,1349,0,0,0,0,0,False,False
10090,3935,1876,4191,2132,0,0,0,0,0,False,False
10091,3016,1136,3272,1392,0,0,0,0,0,False,False
10092,2569,1417,2825,1673,0,0,0,0,0,False,False
10093,3724,1068,3980,1324,0,0,0,0,0,False,False
10094,3419,1899,3675,2155,0,0,0,0,0,False,False
10095,3857,1155,4113,1411,0,0,0,0,0,False,False
10096,2275,2200,2531,2456,0,0,0,0,0,False,False
10097,2454,1270,2710,1526,0,0,0,0,0,False,False
10098,1419,1498,1675,1754,0,0,0,0,0,False,False
10099,2271,1399,2527,1655,0,0,0,0,0,False,False
10100,1674,1038,1930,1294,0,0,0,0,0,False,False
10101,1122,1368,1378,1624,0,0,0,0,0,False,False
10102,2548,1018,2804,1274,0,0,0,0,0,False,False
10103,1712,2059,1968,2315,0,0,0,0,0,False,False
10104,3495,2337,3751,2593,0,0,0,0,0,False,False
10105,1240,2252,1496,2508,0,0,0,0,0,False,False
10106,1397,2440,1653,2696,0,0,0,0,0,False,False
10107,2004,1294,2260,1550,0,0,0,0,0,False,False
10108,3482,994,3738,1250,0,0,0,0,0,False,False
10109,1735,1741,1991,1997,0,0,0,0,0,False,False
10110,3636,2517,3892,2773,0,0,0,0,0,False,False
10111,1677,947,1933,1203,0,0,0,0,0,False,False
10112,1565,1336,1821,1592,0,0,0,0,0,False,False
10113,1472,2210,1728,2466,0,0,0,0,0,False,False
10114,1338,2063,1594,2319,0,0,0,0,0,False,False
10115,1791,1064,2047,1320,0,0,0,0,0,False,False
10116,1273,2258,1529,2514,0,0,0,0,0,False,False
10117,1253,1862,1509,2118,0,0,0,0,0,False,False
10118,3018,881,3274,1137,0,0,0,0,0,False,False
10119,2957,2107,3213,2363,0,0,0,0,0,False,False
10120,2971,848,3227,1104,0,0,0,0,0,False,False
10121,2503,1837,2759,2093,0,0,0,0,0,False,False
10122,3600,917,3856,1173,0,0,0,0,0,False,False
10123,1132,832,1388,1088,0,0,0,0,0,False,False
10124,1209,1801,1465,2057,0,0,0,0,0,False,False
10125,2095,1584,2351,1840,0,0,0,0,0,False,False
10126,3735,1653,3991,1909,0,0,0,0,0,False,False
10127,1639,2372,1895,2628,0,0,0,0,0,False,False
10128,1543,934,1799,1190,0,0,0,0,0,False,False
10129,1672,1251,1928,1507,0,0,0,0,0,False,False
10130,2478,2033,2734,2289,2,65536,0,0,0,False,False
10131,3382,944,3638,1200,2,65536,0,0,0,False,False
10132,2447,1474,2703,1730,2,65536,0,0,0,False,False
10133,2327,2380,2583,2636,2,65536,0,0,0,False,False
10134,1795,1165,2051,1421,2,62774,0,2762,0,False,True
10135,3318,1487,3574,1743,2,65536,0,0,0,False,False
10136,3933,1981,4189,2237,2,65536,0,0,0,False,False
10137,2231,1588,2487,1844,2,65536,0,0,0,False,False
10138,3353,1584,3609,1840,2,65536,0,0,0,False,False
10139,3608,1361,3864,1617,2,65536,0,0,0,False,False
10140,1355,1431,1611,1687,2,65368,0,168,0,False,True
10141,2975,2348,3231,2604,2,65536,0,0,0,False,False
10142,2013,2390,2269,2646,2,65536,0,0,0,False,False
10143,2366,1246,2622,1502,2,63788,0,1748,0,False,True
10144,2197,1626,2453,1882,2,65536,0,0,0,False,False
10145,2264,1925,2520,2181,2,65536,0,0,0,False,False
10146,3610,1429,3866,1685,2,65536,0,0,0,False,False
10147,2408,1023,2664,1279,2,65536,0,0,0,False,False
10148,2154,1395,2410,1651,2,65150,0,386,0,False,True
10149,2551,2148,2807,2404,2,65536,0,0,0,False,False
10150,1538,2521,1794,2777,2,65536,0,0,0,False,False
10151,2212,1165,2468,1421,2,62792,0,2744,0,False,False
10152,2756,2495,3012,2751,2,65536,0,0,0,False,False
10153,1310,2417,1566,2673,2,65536,0,0,0,False,False
10154,2930,2206,3186,2462,2,65536,0,0,0,False,False
10155,3754,1262,4010,1518,2,65536,0,0,0,False,False
10156,2485,973,2741,1229,2,65536,0,0,0,False,False
10157,1304,1337,1560,1593,2,65536,0,0,0,False,False
10158,1963,2226,2219,2482,2,63516,0,2020,0,False,True
10159,3242,1194,3498,1450,2,65536,0,0,0,False,False
10160,2830,2325,3086,2581,2,65536,0,0,0,False,True
10161,1406,1840,1662,2096,2,65536,0,0,0,False,False
10162,1616,2274,1872,2530,2,64856,0,680,0,False,True
10163,2164,2445,2420,2701,2,65536,0,0,0,False,False
10164,1185,1594,1441,1850,2,65536,0,0,0,False,False
10165,3202,2286,3458,2542,2,65536,0,0,0,False,False
10166,1292,900,1548,1156,2,65536,0,0,0,False,False
10167,3137,2204,3393,2460,2,65536,0,0,0,False,False
10168,1221,1777,1477,2033,2,65536,0,0,0,False,False
10169,1787,1308,2043,1564,2,63196,0,2340,0,False,True
10170,3554,1880,3810,2136,2,65536,0,0,0,False,False
10171,2192,2180,2448,2436,2,65204,0,332,0,False,True
10172,1731,1066,1987,1322,2,64654,0,882,0,False,True
10173,2159,2312,2415,2568,2,64996,0,540,0,False,False
10174,2054,2052,2310,2308,2,64652,0,884,0,False,True
10175,2887,2241,3143,2497,2,65536,0,0,0,False,False
10176,3426,2109,3682,2365,2,65536,0,0,0,False,False
10177,2658,2475,2914,2731,2,65536,0,0,0,False,False
10178,1757,2489,2013,2745,2,65536,0,0,0,False,False
10179,2877,1746,3133,2002,2,65536,0,0,0,False,False
10180,2429,2244,2685,2500,17,65536,0,0,0,False,False
10181,1704,935,1960,1191,17,65536,0,0,0,False,False
10182,1559,1918,1815,2174,17,65536,0,0,0,False,False
10183,1763,2511,2019,2767,17,65536,0,0,0,False,False
10184,2773,1789,3029,2045,17,65536,0,0,0,False,False
10185,1483,2363,1739,2619,17,65536,0,0,0,False,False
10186,3574,1188,3830,1444,17,65536,0,0,0,False,False
10187,2162,2343,2418,2599,17,65536,0,0,0,False,False
10188,3150,1449,3406,1705,17,65536,0,0,0,False,False
10189,1196,869,1452,1125,17,65536,0,0,0,False,False
10190,1843,1259,2099,1515,17,65536,0,0,0,False,False
10191,3224,1013,3480,1269,17,65536,0,0,0,False,False
10192,2760,1665,3016,1921,17,65536,0,0,0,False,True
10193,1675,1832,1931,2088,17,65536,0,0,0,False,False
10194,2622,1768,2878,2024,17,65536,0,0,0,False,False
10195,2522,1510,2778,1766,17,65536,0,0,0,False,False
10196,2853,1397,3109,1653,17,65536,0,0,0,False,False
10197,2787,2173,3043,2429,17,65536,0,0,0,False,False
10198,2153,2044,2409,2300,17,65536,0,0,0,False,False
10199,2165,1647,2421,1903,17,65536,0,0,0,False,False
10200,3468,2237,3724,2493,17,65536,0,0,0,False,False
10201,3630,1744,3886,2000,17,65536,0,0,0,False,False
10202,1522,1775,1778,2031,17,65536,0,0,0,False,False
10203,2507,2446,2763,2702,17,65536,0,0,0,False,False
10204,3646,1618,3902,1874,17,65536,0,0,0,False,True
10205,2154,1348,2410,1604,17,65536,0,0,0,False,False
10206,1459,1546,1715,1802,17,65536,0,0,0,False,False
10207,2733,1309,2989,1565,17,65536,0,0,0,False,False
10208,1625,837,1881,1093,17,65536,0,0,0,False,False
10209,2049,1759,2305,2015,17,65536,0,0,0,False,False
10210,3193,1714,3449,1970,17,65536,0,0,0,False,False
10211,3098,1263,3354,1519,17,65536,0,0,0,False,False
10212,3867,1942,4123,2198,17,65536,0,0,0,False,False
10213,3077,1953,3333,2209,17,65536,0,0,0,False,False
10214,2101,1214,2357,1470,17,65536,0,0,0,False,False
10215,3377,1643,3633,1899,17,65536,0,0,0,False,False
10216,3854,994,4110,1250,17,65536,0,0,0,False,False
10217,1508,2004,1764,2260,17,65536,0,0,0,False,False
10218,2862,2282,3118,2538,17,65536,0,0,0,False,False
10219,2613,1784,2869,2040,17,65536,0,0,0,False,False
10220,1394,1403,1650,1659,17,65536,0,0,0,False,False
10221,2299,993,2555,1249,17,65536,0,0,0,False,False
10222,1454,948,1710,1204,17,65536,0,0,0,False,False
10223,2293,841,2549,1097,17,65536,0,0,0,False,False
10224,1647,869,1903,1125,17,65536,0,0,0,False,False
10225,1239,1480,1495,1736,17,65536,0,0,0,False,False
10226,1983,1178,2239,1434,17,65536,0,0,0,False,False
10227,1393,1896,1649,2152,17,65536,0,0,0,False,False
10228,2049,2080,2305,2336,17,65536,0,0,0,False,False
10229,1401,1824,1657,2080,17,65536,0,0,0,False,False
10230,2541,1133,2797,1389,20,65536,0,0,0,False,False
10231,2047,1983,2303,2239,20,65536,0,0,0,False,False
10232,1323,1222,1579,1478,20,65536,0,0,0,False,False
10233,3072,1925,3328,2181,20,65536,0,0,0,False,False
10234,3252,1378,3508,1634,20,65536,0,0,0,False,False
10235,3197,1717,3453,1973,20,65536,0,0,0,False,False
10236,3509,2011,3765,2267,20,65536,0,0,0,False,False
10237,3887,1679,4143,1935,20,65536,0,0,0,False,False
10238,1471,1767,1727,2023,20,65536,0,0,0,False,False
10239,3979,1323,4235,1579,20,65536,0,0,0,False,False
10240,2216,1684,2472,1940,20,65536,0,0,0,False,False
10241,2537,1372,2793,1628,20,65536,0,0,0,False,False
10242,2545,2269,2801,2525,20,65536,0,0,0,False,False
10243,3557,2221,3813,2477,20,65536,0,0,0,False,False
10244,2812,1604,3068,1860,20,65536,0,0,0,False,False
10245,1856,1100,2112,1356,20,65536,0,0,0,False,False
10246,3424,1528,3680,1784,20,65536,0,0,0,False,False
10247,2309,1875,2565,2131,20,65536,0,0,0,False,False
10248,1248,852,1504,1108,20,65536,0,0,0,False,False
10249,3185,1996,3441,2252,20,65536,0,0,0,False,False
10250,1887,2487,2143,2743,20,65536,0,0,0,False,False
10251,3664,1504,3920,1760,20,65536,0,0,0,False,False
10252,1796,2374,2052,2630,20,65536,0,0,0,False,True
10253,3157,1734,3413,1990,20,65536,0,0,0,False,False
10254,3536,1131,3792,1387,20,65536,0,0,0,False,False
10255,2205,1639,2461,1895,20,65536,0,0,0,False,False
10256,1125,1671,1381,1927,20,65536,0,0,0,False,False
10257,2310,1545,2566,1801,20,65536,0,0,0,False,False
10258,3133,1605,3389,1861,20,65536,0,0,0,False,False
10259,3648,1697,3904,1953,20,65536,0,0,0,False,False
10260,3265,1560,3521,1816,20,65536,0,0,0,False,False
10261,1450,1914,1706,2170,20,65536,0,0,0,False,False
10262,3017,1970,3273,2226,20,65536,0,0,0,False,False
10263,2829,1441,3085,1697,20,65536,0,0,0,False,False
10264,2224,1620,2480,1876,20,65536,0,0,0,False,False
10265,3278,1112,3534,1368,20,65536,0,0,0,False,False
10266,3586,1101,3842,1357,20,65536,0,0,0,False,False
10267,2928,1654,3184,1910,20,65536,0,0,0,False,False
10268,3899,2355,4155,2611,20,65536,0,0,0,False,False
10269,2672,863,2928,1119,20,65536,0,0,0,False,False
10270,2331,1170,2587,1426,20,65536,0,0,0,False,False
10271,1199,917,1455,1173,20,65536,0,0,0,False,False
10272,1855,2257,2111,2513,20,65536,0,0,0,False,False
10273,1601,2519,1857,2775,20,65536,0,0,0,False,False
10274,1441,991,1697,1247,20,65536,0,0,0,False,False
10275,3863,1638,4119,1894,20,65536,0,0,0,False,False
10276,3895,1801,4151,2057,20,65536,0,0,0,False,False
10277,1238,1142,1494,1398,20,65536,0,0,0,False,False
10278,3736,1844,3992,2100,20,65536,0,0,0,False,False
10279,3795,1441,4051,1697,20,65536,0,0,0,False,False
10280,3787,1331,4043,1587,21,65536,0,0,0,False,False
10281,3240,1876,3496,2132,21,65536,0,0,0,False,False
10282,3968,1293,4224,1549,21,65536,0,0,0,False,False
10283,2909,2210,3165,2466,21,65536,0,0,0,False,False
10284,3301,1844,3557,2100,21,65536,0,0,0,False,False
10285,2600,2469,2856,2725,21,65536,0,0,0,False,False
10286,3999,2143,4255,2399,21,65536,0,0,0,False,False
10287,3725,1977,3981,2233,21,65536,0,0,0,False,False
10288,1717,1042,1973,1298,21,65536,0,0,0,False,False
10289,1674,1856,1930,2112,21,65536,0,0,0,False,False
10290,3197,1882,3453,2138,21,65536,0,0,0,False,False
10291,3190,979,3446,1235,21,65536,0,0,0,False,False
10292,3380,1415,3636,1671,21,65536,0,0,0,False,False
10293,2238,2483,2494,2739,21,65536,0,0,0,False,False
10294,2241,2351,2497,2607,21,65257,279,0,0,True,False
10295,1254,1213,1510,1469,21,65536,0,0,0,False,False
10296,3787,2018,4043,2274,21,65536,0,0,0,False,False
10297,1304,986,1560,1242,21,65536,0,0,0,False,False
10298,2662,1136,2918,1392,21,65536,0,0,0,False,False
10299,2976,849,3232,1105,21,65536,0,0,0,False,False
10300,3417,2152,3673,2408,21,65536,0,0,0,False,False
10301,3422,1260,3678,1516,21,65536,0,0,0,False,False
10302,3139,1140,3395,1396,21,65536,0,0,0,False,False
10303,2568,2046,2824,2302,21,65536,0,0,0,False,False
10304,1730,1317,1986,1573,21,65536,0,0,0,False,False
10305,2189,2121,2445,2377,21,64452,1084,0,0,True,False
10306,1681,2383,1937,2639,21,65536,0,0,0,False,False
10307,2931,2448,3187,2704,21,65536,0,0,0,False,False
10308,2798,2288,3054,2544,21,65536,0,0,0,False,False
10309,3836,1866,4092,2122,21,65536,0,0,0,False,False
10310,3043,1432,3299,1688,21,65536,0,0,0,False,False
10311,3688,1775,3944,2031,21,65536,0,0,0,False,False
10312,3341,1440,3597,1696,21,65536,0,0,0,False,False
10313,2502,1240,2758,1496,21,65536,0,0,0,False,False
10314,3440,1398,3696,1654,21,65536,0,0,0,False,False
10315,1718,2304,1974,2560,21,65536,0,0,0,False,False
10316,1377,1060,1633,1316,21,65536,0,0,0,False,False
10317,3179,2111,3435,2367,21,65536,0,0,0,False,False
10318,1601,889,1857,1145,21,65536,0,0,0,False,False
10319,3550,2508,3806,2764,21,65536,0,0,0,False,False
10320,3670,1966,3926,2222,21,65536,0,0,0,False,False
10321,1869,2318,2125,2574,21,65536,0,0,0,False,False
10322,2291,1137,2547,1393,21,64647,889,0,0,True,False
10323,3378,2158,3634,2414,21,65536,0,0,0,False,False
10324,3088,1146,3344,1402,21,65536,0,0,0,False,False
10325,1334,1253,1590,1509,21,65536,0,0,0,False,False
10326,2203,1477,2459,1733,21,64451,1085,0,0,True,False
10327,1297,1276,1553,1532,21,65536,0,0,0,False,False
10328,1478,2353,1734,2609,21,65536,0,0,0,False,False
10329,2644,2285,2900,2541,21,65536,0,0,0,False,False
10330,3262,1703,3518,1959,25,65536,0,0,0,False,False
10331,2039,858,2295,1114,25,65536,0,0,0,False,False
10332,2750,1332,3006,1588,25,65536,0,0,0,False,False
10333,1280,1648,1536,1904,25,65536,0,0,0,False,False
10334,3980,843,4236,1099,25,65536,0,0,0,False,False
10335,3208,2172,3464,2428,25,65536,0,0,0,False,False
10336,2065,1415,2321,1671,25,65536,0,0,0,False,False
10337,1138,2173,1394,2429,25,65536,0,0,0,False,True
10338,3309,2404,3565,2660,25,65536,0,0,0,False,False
10339,2190,2462,2446,2718,25,65536,0,0,0,False,False
10340,3597,2459,3853,2715,25,65536,0,0,0,False,False
10341,2851,1166,3107,1422,25,65536,0,0,0,False,False
10342,2645,958,2901,1214,25,65536,0,0,0,False,False
10343,2946,1451,3202,1707,25,65536,0,0,0,False,True
10344,2315,850,2571,1106,25,65536,0,0,0,False,False
10345,1946,960,2202,1216,25,65536,0,0,0,False,False
10346,3743,2062,3999,2318,25,65536,0,0,0,False,False
10347,2374,896,2630,1152,25,65536,0,0,0,False,False
10348,1291,1844,1547,2100,25,65536,0,0,0,False,False
10349,1692,984,1948,1240,25,65536,0,0,0,False,False
10350,2742,1895,2998,2151,25,65536,0,0,0,False,False
10351,2023,2121,2279,2377,25,65536,0,0,0,False,False
10352,2366,2273,2622,2529,25,65536,0,0,0,False,False
10353,2775,2070,3031,2326,25,65536,0,0,0,False,False
10354,3666,2155,3922,2411,25,65536,0,0,0,False,False
10355,2393,1771,2649,2027,25,65536,0,0,0,False,False
10356,1832,1140,2088,1396,25,65536,0,0,0,False,True
10357,2158,2137,2414,2393,25,65536,0,0,0,False,False
10358,2540,1227,2796,1483,25,65536,0,0,0,False,False
10359,3641,1123,3897,1379,25,65536,0,0,0,False,False
10360,2886,1777,3142,2033,25,65536,0,0,0,False,False
10361,3093,1033,3349,1289,25,65536,0,0,0,False,False
10362,2587,1084,2843,1340,25,65536,0,0,0,False,False
10363,2810,2310,3066,2566,25,65536,0,0,0,False,False
10364,1329,1498,1585,1754,25,65536,0,0,0,False,False
10365,2757,1114,3013,1370,25,65536,0,0,0,False,False
10366,3219,1381,3475,1637,25,65536,0,0,0,False,False
10367,2486,935,2742,1191,25,65536,0,0,0,False,False
10368,3995,2177,4251,2433,25,65536,0,0,0,False,False
10369,1396,1757,1652,2013,25,65536,0,0,0,False,False
10370,3306,2457,3562,2713,25,65536,0,0,0,False,False
10371,2847,891,3103,1147,25,65536,0,0,0,False,False
10372,2725,963,2981,1219,25,65536,0,0,0,False,False
10373,3265,1195,3521,1451,25,65536,0,0,0,False,False
10374,2065,1286,2321,1542,25,65536,0,0,0,False,False
10375,1917,1252,2173,1508,25,65536,0,0,0,False,False
10376,1422,2256,1678,2512,25,65536,0,0,0,False,False
10377,2759,1325,3015,1581,25,65536,0,0,0,False,False
10378,2859,2183,3115,2439,25,65536,0,0,0,False,False
10379,2351,2215,2607,2471,25,65536,0,0,0,False,False
10380,3964,1416,4220,1672,27,65536,0,0,0,False,False
10381,3109,1604,3365,1860,27,65536,0,0,0,False,False
10382,2620,1725,2876,1981,27,65536,0,0,0,False,False
10383,1567,969,1823,1225,27,65536,0,0,0,False,False
10384,3747,1412,4003,1668,27,65536,0,0,0,False,False
10385,2258,1900,2514,2156,27,65536,0,0,0,False,False
10386,2195,1701,2451,1957,27,65536,0,0,0,False,False
10387,1510,2357,1766,2613,27,65536,0,0,0,False,False
10388,1976,1227,2232,1483,27,65536,0,0,0,False,False
10389,3224,1338,3480,1594,27,65536,0,0,0,False,False
10390,3031,2211,3287,2467,27,65536,0,0,0,False,False
10391,1280,1386,1536,1642,27,65536,0,0,0,False,False
10392,2407,1915,2663,2171,27,65536,0,0,0,False,False
10393,2660,2027,2916,2283,27,65536,0,0,0,False,False
10394,1195,1925,1451,2181,27,65536,0,0,0,False,False
10395,2657,1564,2913,1820,27,65536,0,0,0,False,False
10396,1128,2116,1384,2372,27,65536,0,0,0,False,False
10397,1574,2411,1830,2667,27,65536,0,0,0,False,False
10398,2893,1805,3149,2061,27,65536,0,0,0,False,False
10399,1377,1225,1633,1481,27,65536,0,0,0,False,True
10400,3631,1997,3887,2253,27,65536,0,0,0,False,False
10401,1752,1662,2008,1918,27,65536,0,0,0,False,False
10402,3940,1677,4196,1933,27,65536,0,0,0,False,False
10403,3851,902,4107,1158,27,65536,0,0,0,False,False
10404,1646,1682,1902,1938,27,65536,0,0,0,False,False
10405,3915,2105,4171,2361,27,65536,0,0,0,False,False
10406,3742,2437,3998,2693,27,65536,0,0,0,False,False
10407,3587,957,3843,1213,27,65536,0,0,0,False,True
10408,1405,1757,1661,2013,27,65536,0,0,0,False,False
10409,3498,1144,3754,1400,27,65536,0,0,0,False,False
10410,2909,917,3165,1173,27,65536,0,0,0,False,False
10411,2908,1934,3164,2190,27,65536,0,0,0,False,False
10412,3029,1021,3285,1277,27,65536,0,0,0,False,False
10413,3894,1472,4150,1728,27,65536,0,0,0,False,False
10414,3103,2123,3359,2379,27,65536,0,0,0,False,False
10415,3497,2408,3753,2664,27,65536,0,0,0,False,False
10416,3817,2102,4073,2358,27,65536,0,0,0,False,False
10417,3537,2408,3793,2664,27,65536,0,0,0,False,False
10418,2187,844,2443,1100,27,65536,0,0,0,False,True
10419,1765,2174,2021,2430,27,65536,0,0,0,False,False
10420,2422,2338,2678,2594,27,65536,0,0,0,False,False
10421,1131,1445,1387,1701,27,65536,0,0,0,False,False
10422,3051,869,3307,1125,27,65536,0,0,0,False,False
10423,1303,1771,1559,2027,27,65536,0,0,0,False,False
10424,3613,2190,3869,2446,27,65536,0,0,0,False,False
10425,1334,1505,1590,1761,27,65536,0,0,0,False,False
10426,2174,886,2430,1142,27,65536,0,0,0,False,False
10427,3037,1397,3293,1653,27,65536,0,0,0,False,False
10428,3696,935,3952,1191,27,65536,0,0,0,False,True
10429,2669,2018,2925,2274,27,65536,0,0,0,False,False
10430,2874,1905,3130,2161,29,65536,0,0,0,False,False
10431,2969,2135,3225,2391,29,65536,0,0,0,False,False
10432,3275,2343,3531,2599,29,65536,0,0,0,False,False
10433,2165,1100,2421,1356,29,65536,0,0,0,False,False
10434,3772,1045,4028,1301,29,65536,0,0,0,False,False
10435,2995,1895,3251,2151,29,65536,0,0,0,False,False
10436,1673,1736,1929,1992,29,65536,0,0,0,False,False
10437,3431,1536,3687,1792,29,65536,0,0,0,False,False
10438,2844,2522,3100,2778,29,65536,0,0,0,False,False
10439,2671,1124,2927,1380,29,65536,0,0,0,False,False
10440,3198,2002,3454,2258,29,65536,0,0,0,False,False
10441,1499,1825,1755,2081,29,65536,0,0,0,False,False
10442,3884,2520,4140,2776,29,65536,0,0,0,False,False
10443,2249,1157,2505,1413,29,65536,0,0,0,False,False
10444,3867,1613,4123,1869,29,65536,0,0,0,False,False
10445,3417,1393,3673,1649,29,65536,0,0,0,False,False
10446,3154,1877,3410,2133,29,65536,0,0,0,False,False
10447,3264,2201,3520,2457,29,65536,0,0,0,False,False
10448,1483,1847,1739,2103,29,65536,0,0,0,False,False
10449,3127,1457,3383,1713,29,65536,0,0,0,False,False
10450,1215,1861,1471,2117,29,65536,0,0,0,False,False
10451,1915,1383,2171,1639,29,65536,0,0,0,False,False
10452,1511,2297,1767,2553,29,65536,0,0,0,False,False
10453,3553,1727,3809,1983,29,65536,0,0,0,False,False
10454,2397,1166,2653,1422,29,65536,0,0,0,False,False
10455,1146,1131,1402,1387,29,65536,0,0,0,False,False
10456,1739,1737,1995,1993,29,65536,0,0,0,False,False
10457,1508,1897,1764,2153,29,65536,0,0,0,False,False
10458,2913,2128,3169,2384,29,65536,0,0,0,False,False
10459,3293,2437,3549,2693,29,65536,0,0,0,False,False
10460,1302,1511,1558,1767,29,65536,0,0,0,False,False
10461,2241,891,2497,1147,29,65536,0,0,0,False,False
10462,2546,1074,2802,1330,29,65536,0,0,0,False,False
10463,3615,1075,3871,1331,29,65536,0,0,0,False,False
10464,2778,1286,3034,1542,29,65536,0,0,0,False,False
10465,2843,2491,3099,2747,29,65536,0,0,0,False,False
10466,1765,2427,2021,2683,29,65536,0,0,0,False,False
10467,1181,2247,1437,2503,29,65536,0,0,0,False,False
10468,3437,1277,3693,1533,29,65536,0,0,0,False,False
10469,1970,2362,2226,2618,29,65536,0,0,0,False,False
10470,2303,1568,2559,1824,29,65536,0,0,0,False,False
10471,1450,1337,1706,1593,29,65536,0,0,0,False,False
10472,2923,1154,3179,1410,29,65536,0,0,0,False,False
10473,2685,1847,2941,2103,29,65536,0,0,0,False,False
10474,3202,2301,3458,2557,29,65536,0,0,0,False,False
10475,2976,1571,3232,1827,29,65536,0,0,0,False,False
10476,3988,2436,4244,2692,29,65536,0,0,0,False,False
10477,1299,1472,1555,1728,29,65536,0,0,0,False,False
10478,3210,1109,3466,1365,29,65536,0,0,0,False,False
10479,2218,1238,2474,1494,29,65536,0,0,0,False,False
10480,1548,1867,1804,2123,33,65536,0,0,0,False,False
10481,2864,2496,3120,2752,33,65536,0,0,0,False,False
10482,1440,1272,1696,1528,33,65536,0,0,0,False,False
10483,2657,1815,2913,2071,33,65536,0,0,0,False,False
10484,3517,1571,3773,1827,33,65536,0,0,0,False,False
10485,2468,1288,2724,1544,33,65536,0,0,0,False,False
10486,2166,1497,2422,1753,33,65536,0,0,0,False,False
10487,2766,2311,3022,2567,33,65536,0,0,0,False,False
10488,1569,1600,1825,1856,33,65536,0,0,0,False,False
10489,3677,936,3933,1192,33,65536,0,0,0,False,False
10490,1529,1905,1785,2161,33,65536,0,0,0,False,False
10491,3611,1093,3867,1349,33,65536,0,0,0,False,False
10492,2710,937,2966,1193,33,65536,0,0,0,False,False
10493,3403,959,3659,1215,33,65536,0,0,0,False,False
10494,3813,1699,4069,1955,33,65536,0,0,0,False,False
10495,3776,1236,4032,1492,33,65536,0,0,0,False,False
10496,1324,2393,1580,2649,33,65536,0,0,0,False,False
10497,2651,1188,2907,1444,33,65536,0,0,0,False,False
10498,2213,1372,2469,1628,33,65536,0,0,0,False,False
10499,3014,2094,3270,2350,33,65536,0,0,0,False,False
10500,2689,2517,2945,2773,33,65536,0,0,0,False,False
10501,1599,1620,1855,1876,33,65536,0,0,0,False,False
10502,2031,2028,2287,2284,33,65536,0,0,0,False,False
10503,1762,977,2018,1233,33,65536,0,0,0,False,False
10504,3549,2267,3805,2523,33,65536,0,0,0,False,False
10505,2584,1156,2840,1412,33,65536,0,0,0,False,False
10506,2632,1596,2888,1852,33,65536,0,0,0,False,False
10507,1800,1702,2056,1958,33,65536,0,0,0,False,False
10508,2514,1844,2770,2100,33,65536,0,0,0,False,False
10509,1176,1755,1432,2011,33,65536,0,0,0,False,False
10510,2746,2297,3002,2553,33,65536,0,0,0,False,False
10511,3876,2001,4132,2257,33,65536,0,0,0,False,False
10512,2315,1875,2571,2131,33,65536,0,0,0,False,False
10513,1303,901,1559,1157,33,65536,0,0,0,False,False
10514,2222,2363,2478,2619,33,65536,0,0,0,False,False
10515,3760,2014,4016,2270,33,65536,0,0,0,False,False
10516,3678,1831,3934,2087,33,65536,0,0,0,False,False
10517,3209,1336,3465,1592,33,65536,0,0,0,False,False
10518,1690,1736,1946,1992,33,65536,0,0,0,False,False
10519,1172,1957,1428,2213,33,65536,0,0,0,False,False
10520,3612,2031,3868,2287,33,65536,0,0,0,False,False
10521,2709,873,2965,1129,33,65536,0,0,0,False,False
10522,2785,1919,3041,2175,33,65536,0,0,0,False,False
10523,1287,2081,1543,2337,33,65536,0,0,0,False,False
10524,1778,1527,2034,1783,33,65536,0,0,0,False,False
10525,1506,1875,1762,2131,33,65536,0,0,0,False,False
10526,2361,875,2617,1131,33,65536,0,0,0,False,False
10527,1649,1457,1905,1713,33,65536,0,0,0,False,False
10528,2145,1480,2401,1736,33,65536,0,0,0,False,False
10529,3295,1186,3551,1442,33,65536,0,0,0,False,False
10530,1837,1966,2093,2222,73,65536,0,0,0,False,False
10531,3670,1396,3926,1652,73,65536,0,0,0,False,False
10532,2377,2241,2633,2497,73,65536,0,0,0,False,False
10533,2718,2038,2974,2294,73,65536,0,0,0,False,False
10534,3394,1664,3650,1920,73,65536,0,0,0,False,False
10535,1960,1759,2216,2015,73,65536,0,0,0,False,False
10536,2493,1495,2749,1751,73,65536,0,0,0,False,False
10537,3682,1002,3938,1258,73,65536,0,0,0,False,False
10538,1767,2347,2023,2603,73,65536,0,0,0,False,False
10539,2649,2083,2905,2339,73,65536,0,0,0,False,False
10540,1838,1573,2094,1829,73,65536,0,0,0,False,False
10541,1537,2247,1793,2503,73,65536,0,0,0,False,False
10542,3578,1031,3834,1287,73,65536,0,0,0,False,False
10543,2579,1874,2835,2130,73,65536,0,0,0,False,False
10544,2200,1465,2456,1721,73,65536,0,0,0,False,False
10545,3789,2144,4045,2400,73,65536,0,0,0,False,False
10546,1363,2484,1619,2740,73,65536,0,0,0,False,False
10547,1574,2447,1830,2703,73,65536,0,0,0,False,False
10548,2710,2202,2966,2458,73,65536,0,0,0,False,False
10549,2277,1391,2533,1647,73,65536,0,0,0,False,False
10550,3122,2512,3378,2768,73,65536,0,0,0,False,False
10551,1736,2398,1992,2654,73,65536,0,0,0,False,False
10552,3111,1367,3367,1623,73,65536,0,0,0,False,False
10553,2333,1719,2589,1975,73,65536,0,0,0,False,False
10554,2692,2196,2948,2452,73,65536,0,0,0,False,True
10555,2321,837,2577,1093,73,65536,0,0,0,False,False
10556,2880,2275,3136,2531,73,65536,0,0,0,False,False
10557,1705,852,1961,1108,73,65536,0,0,0,False,False
10558,2208,2132,2464,2388,73,65536,0,0,0,False,False
10559,2834,2461,3090,2717,73,65536,0,0,0,False,False
10560,3346,1689,3602,1945,73,65536,0,0,0,False,False
10561,1193,1822,1449,2078,73,65536,0,0,0,False,False
10562,1619,1576,1875,1832,73,65536,0,0,0,False,False
10563,1125,1563,1381,1819,73,65536,0,0,0,False,False
10564,3735,1539,3991,1795,73,65536,0,0,0,False,False
10565,1492,1310,1748,1566,73,65536,0,0,0,False,False
10566,1523,1915,1779,2171,73,65536,0,0,0,False,False
10567,2882,1114,3138,1370,73,65536,0,0,0,False,False
10568,1125,2285,1381,2541,73,65536,0,0,0,False,False
10569,2194,1460,2450,1716,73,65536,0,0,0,False,False
10570,3939,1599,4195,1855,73,65536,0,0,0,False,False
10571,2282,2173,2538,2429,73,65536,0,0,0,False,False
10572,3688,2050,3944,2306,73,65536,0,0,0,False,False
10573,1999,1688,2255,1944,73,65536,0,0,0,False,False
10574,3774,1175,4030,1431,73,65536,0,0,0,False,False
10575,1993,1515,2249,1771,73,65536,0,0,0,False,False
10576,3520,1840,3776,2096,73,65536,0,0,0,False,False
10577,2035,1949,2291,2205,73,65536,0,0,0,False,False
10578,3377,2168,3633,2424,73,65536,0,0,0,False,False
10579,2400,1071,2656,1327,73,65536,0,0,0,False,False
10580,1676,1931,1932,2187,74,65536,0,0,0,False,False
10581,3986,2219,4242,2475,74,65536,0,0,0,False,False
10582,1443,1154,1699,1410,74,65536,0,0,0,False,False
10583,2879,1616,3135,1872,74,65536,0,0,0,False,False
10584,2961,1225,3217,1481,74,65536,0,0,0,False,False
10585,1898,1432,2154,1688,74,63816,1720,0,0,True,False
10586,1780,1803,2036,2059,74,65536,0,0,0,False,False
10587,2932,1155,3188,1411,74,65536,0,0,0,False,False
10588,3461,2008,3717,2264,74,63606,1930,0,0,True,False
10589,3634,1061,3890,1317,74,65536,0,0,0,False,False
10590,3699,2091,3955,2347,74,65536,0,0,0,False,False
10591,3286,1224,3542,1480,74,65536,0,0,0,False,False
10592,1384,1176,1640,1432,74,65536,0,0,0,False,False
10593,3287,1617,3543,1873,74,65536,0,0,0,False,False
10594,3679,863,3935,1119,74,65536,0,0,0,False,False
10595,1279,2296,1535,2552,74,65536,0,0,0,False,False
10596,3363,849,3619,1105,74,65536,0,0,0,False,False
10597,3836,1981,4092,2237,74,65536,0,0,0,False,False
10598,1247,1961,1503,2217,74,65536,0,0,0,False,False
10599,2119,2407,2375,2663,74,65536,0,0,0,False,False
10600,2527,2158,2783,2414,74,65536,0,0,0,False,False
10601,3301,2502,3557,2758,74,65536,0,0,0,False,False
10602,1596,1796,1852,2052,74,65536,0,0,0,False,False
10603,1504,1940,1760,2196,74,65536,0,0,0,False,False
10604,3534,2047,3790,2303,74,64316,1220,0,0,True,False
10605,2095,2180,2351,2436,74,65536,0,0,0,False,False
10606,1675,1301,1931,1557,74,65536,0,0,0,False,False
10607,3680,844,3936,1100,74,65536,0,0,0,False,False
10608,2710,1975,2966,2231,74,65536,0,0,0,False,False
10609,1465,1248,1721,1504,74,65536,0,0,0,False,False
10610,3186,1613,3442,1869,74,65536,0,0,0,False,False
10611,3548,1135,3804,1391,74,65536,0,0,0,False,False
10612,2109,836,2365,1092,74,65536,0,0,0,False,False
10613,2946,1370,3202,1626,74,65536,0,0,0,False,False
10614,2968,2527,3224,2783,74,65536,0,0,0,False,False
10615,1564,2494,1820,2750,74,65536,0,0,0,False,False
10616,3006,909,3262,1165,74,65536,0,0,0,False,False
10617,2882,1834,3138,2090,74,63008,2528,0,0,True,False
10618,3849,1701,4105,1957,74,65536,0,0,0,False,False
10619,1480,2250,1736,2506,74,65536,0,0,0,False,False
10620,2560,1196,2816,1452,74,65536,0,0,0,False,False
10621,3905,1112,4161,1368,74,65536,0,0,0,False,False
10622,3082,2498,3338,2754,74,65536,0,0,0,False,False
10623,2655,2121,2911,2377,74,65536,0,0,0,False,False
10624,1861,854,2117,1110,74,65536,0,0,0,False,False
10625,2673,1403,2929,1659,74,65536,0,0,0,False,False
10626,2477,1816,2733,2072,74,63994,1542,0,0,True,False
10627,1350,2390,1606,2646,74,65536,0,0,0,False,False
10628,3247,2389,3503,2645,74,65536,0,0,0,False,False
10629,2103,2450,2359,2706,74,65536,0,0,0,False,False
10630,3409,2338,3665,2594,81,65536,0,0,0,False,False
10631,2766,1256,3022,1512,81,65536,0,0,0,False,True
10632,2801,1304,3057,1560,81,65536,0,0,0,False,False
10633,1254,2164,1510,2420,81,65536,0,0,0,False,False
10634,2970,1796,3226,2052,81,65536,0,0,0,False,False
10635,1627,1694,1883,1950,81,65536,0,0,0,False,False
10636,2704,1069,2960,1325,81,65536,0,0,0,False,False
10637,3504,2262,3760,2518,81,65536,0,0,0,False,False
10638,3111,2305,3367,2561,81,65536,0,0,0,False,False
10639,2691,1680,2947,1936,81,65536,0,0,0,False,False
10640,1187,1169,1443,1425,81,65536,0,0,0,False,False
10641,2069,1796,2325,2052,81,65536,0,0,0,False,False
10642,2748,987,3004,1243,81,65536,0,0,0,False,False
10643,1558,1444,1814,1700,81,65536,0,0,0,False,False
10644,2915,2151,3171,2407,81,65536,0,0,0,False,False
10645,1787,1383,2043,1639,81,65536,0,0,0,False,False
10646,3305,1424,3561,1680,81,65536,0,0,0,False,False
10647,2365,1603,2621,1859,81,65536,0,0,0,False,False
10648,3243,1269,3499,1525,81,65536,0,0,0,False,False
10649,1306,1512,1562,1768,81,65536,0,0,0,False,False
10650,3370,934,3626,1190,81,65536,0,0,0,False,False
10651,1498,2251,1754,2507,81,65536,0,0,0,False,False
10652,2443,1995,2699,2251,81,65536,0,0,0,False,False
10653,3284,903,3540,1159,81,65536,0,0,0,False,False
10654,1523,1247,1779,1503,81,65536,0,0,0,False,False
10655,3819,2158,4075,2414,81,65536,0,0,0,False,False
10656,1812,2445,2068,2701,81,65536,0,0,0,False,False
10657,2808,1799,3064,2055,81,65536,0,0,0,False,False
10658,3704,1892,3960,2148,81,65536,0,0,0,False,False
10659,3136,1374,3392,1630,81,65536,0,0,0,False,False
10660,3270,1208,3526,1464,81,65536,0,0,0,False,False
10661,1614,2369,1870,2625,81,65536,0,0,0,False,False
10662,2301,2435,2557,2691,81,65536,0,0,0,False,False
10663,1846,920,2102,1176,81,65536,0,0,0,False,False
10664,3112,1637,3368,1893,81,65536,0,0,0,False,False
10665,3261,1729,3517,1985,81,65536,0,0,0,False,False
10666,3277,2420,3533,2676,81,65536,0,0,0,False,False
10667,3340,1508,3596,1764,81,65536,0,0,0,False,False
10668,3770,1872,4026,2128,81,65536,0,0,0,False,False
10669,2480,1442,2736,1698,81,65536,0,0,0,False,False
10670,1217,1167,1473,1423,81,65536,0,0,0,False,False
10671,3365,2495,3621,2751,81,65536,0,0,0,False,False
10672,2822,2367,3078,2623,81,65536,0,0,0,False,False
10673,1702,2318,1958,2574,81,65536,0,0,0,False,False
10674,3681,1338,3937,1594,81,65536,0,0,0,False,False
10675,2213,1470,2469,1726,81,65536,0,0,0,False,False
10676,3417,2455,3673,2711,81,65536,0,0,0,False,False
10677,2318,2134,2574,2390,81,65536,0,0,0,False,False
10678,3133,1184,3389,1440,81,65536,0,0,0,False,False
10679,3759,930,4015,1186,81,65536,0,0,0,False,False
10680,2737,2291,2993,2547,89,65536,0,0,0,False,False
10681,1677,1483,1933,1739,89,65536,0,0,0,False,False
10682,2700,2473,2956,2729,89,65536,0,0,0,False,False
10683,1299,1021,1555,1277,89,65536,0,0,0,False,False
10684,2947,1550,3203,1806,89,65536,0,0,0,False,False
10685,2564,1173,2820,1429,89,65536,0,0,0,False,False
10686,1289,2247,1545,2503,89,65536,0,0,0,False,False
10687,1669,1938,1925,2194,89,65536,0,0,0,False,False
10688,2876,2279,3132,2535,89,65536,0,0,0,False,False
10689,3321,1529,3577,1785,89,65536,0,0,0,False,False
10690,1568,1386,1824,1642,89,65536,0,0,0,False,False
10691,3645,2226,3901,2482,89,65536,0,0,0,False,False
10692,1500,1499,1756,1755,89,65536,0,0,0,False,False
10693,2964,2193,3220,2449,89,65536,0,0,0,False,False
10694,3311,2031,3567,2287,89,65536,0,0,0,False,False
10695,1614,2039,1870,2295,89,65536,0,0,0,False,False
10696,2183,1682,2439,1938,89,65536,0,0,0,False,False
10697,3428,1093,3684,1349,89,65536,0,0,0,False,False
10698,2480,1701,2736,1957,89,65536,0,0,0,False,False
10699,1709,2126,1965,2382,89,65536,0,0,0,False,False
10700,2332,1710,2588,1966,89,65536,0,0,0,False,False
10701,1134,1909,1390,2165,89,65536,0,0,0,False,False
10702,2142,1314,2398,1570,89,65536,0,0,0,False,False
10703,1521,1408,1777,1664,89,65536,0,0,0,False,False
10704,1152,959,1408,1215,89,65536,0,0,0,False,False
10705,1480,2223,1736,2479,89,65536,0,0,0,False,False
10706,3680,2430,3936,2686,89,65536,0,0,0,False,False
10707,1514,2428,1770,2684,89,65536,0,0,0,False,False
10708,3061,2497,3317,2753,89,65536,0,0,0,False,False
10709,2256,2085,2512,2341,89,65536,0,0,0,False,False
10710,2523,2196,2779,2452,89,65536,0,0,0,False,False
10711,1783,1332,2039,1588,89,65536,0,0,0,False,False
10712,3183,1579,3439,1835,89,65536,0,0,0,False,False
10713,1241,1802,1497,2058,89,65536,0,0,0,False,False
10714,1687,1455,1943,1711,89,65536,0,0,0,False,False
10715,2540,1439,2796,1695,89,65536,0,0,0,False,False
10716,3496,2375,3752,2631,89,65536,0,0,0,False,False
10717,2570,1238,2826,1494,89,65536,0,0,0,False,False
10718,2716,2295,2972,2551,89,65536,0,0,0,False,False
10719,3341,1058,3597,1314,89,65536,0,0,0,False,False
10720,1987,1415,2243,1671,89,65536,0,0,0,False,False
10721,2076,1988,2332,2244,89,65536,0,0,0,False,False
10722,3710,1458,3966,1714,89,65536,0,0,0,False,False
10723,1142,2253,1398,2509,89,65536,0,0,0,False,False
10724,1751,1762,2007,2018,89,65536,0,0,0,False,False
10725,3667,2055,3923,2311,89,65536,0,0,0,False,False
10726,1465,1333,1721,1589,89,65536,0,0,0,False,False
10727,2353,974,2609,1230,89,65536,0,0,0,False,False
10728,2657,952,2913,1208,89,65536,0,0,0,False,False
10729,3291,1622,3547,1878,89,65536,0,0,0,False,False
10730,1405,2224,1661,2480,96,65536,0,0,0,False,False
10731,3427,2510,3683,2766,96,65536,0,0,0,False,False
10732,3492,1823,3748,2079,96,65536,0,0,0,False,False
10733,1938,2445,2194,2701,96,65536,0,0,0,False,False
10734,2892,2283,3148,2539,96,65536,0,0,0,False,False
10735,1832,1812,2088,2068,96,65536,0,0,0,False,False
10736,1982,2104,2238,2360,96,65536,0,0,0,False,False
10737,3180,1980,3436,2236,96,65536,0,0,0,False,False
10738,2099,1105,2355,1361,96,65536,0,0,0,False,False
10739,2385,1648,2641,1904,96,65536,0,0,0,False,False
10740,3519,2329,3775,2585,96,65536,0,0,0,False,False
10741,3526,937,3782,1193,96,65536,0,0,0,False,False
10742,2128,2144,2384,2400,96,65536,0,0,0,False,False
10743,3307,1414,3563,1670,96,65536,0,0,0,False,False
10744,2422,2275,2678,2531,96,65536,0,0,0,False,False
10745,1978,2515,2234,2771,96,65536,0,0,0,False,False
10746,3830,2425,4086,2681,96,65536,0,0,0,False,False
10747,3113,1422,3369,1678,96,65536,0,0,0,False,False
10748,3255,1951,3511,2207,96,65536,0,0,0,False,False
10749,3817,979,4073,1235,96,65536,0,0,0,False,False
10750,2491,919,2747,1175,96,65536,0,0,0,False,False
10751,2721,1870,2977,2126,96,65536,0,0,0,False,False
10752,1419,2175,1675,2431,96,65536,0,0,0,False,False
10753,1948,958,2204,1214,96,65536,0,0,0,False,False
10754,2370,1099,2626,1355,96,65536,0,0,0,False,False
10755,1696,1690,1952,1946,96,65536,0,0,0,False,False
10756,2372,1331,2628,1587,96,65536,0,0,0,False,False
10757,3016,860,3272,1116,96,65536,0,0,0,False,False
10758,3939,2240,4195,2496,96,65536,0,0,0,False,False
10759,2313,1774,2569,2030,96,65536,0,0,0,False,False
10760,2220,1269,2476,1525,96,65536,0,0,0,False,False
10761,3934,1918,4190,2174,96,65536,0,0,0,False,False
10762,2316,1986,2572,2242,96,65536,0,0,0,False,False
10763,3411,1807,3667,2063,96,65536,0,0,0,False,False
10764,1381,882,1637,1138,96,65536,0,0,0,False,False
10765,3135,857,3391,1113,96,65536,0,0,0,False,True
10766,2166,889,2422,1145,96,65536,0,0,0,False,False
10767,2735,1935,2991,2191,96,65536,0,0,0,False,False
10768,3533,2152,3789,2408,96,65536,0,0,0,False,False
10769,2441,879,2697,1135,96,65536,0,0,0,False,False
10770,1419,1355,1675,1611,96,65536,0,0,0,False,False
10771,1328,2148,1584,2404,96,65536,0,0,0,False,False
10772,3795,1514,4051,1770,96,65536,0,0,0,False,False
10773,2628,1018,2884,1274,96,65536,0,0,0,False,False
10774,2306,1118,2562,1374,96,65536,0,0,0,False,False
10775,3888,2442,4144,2698,96,65536,0,0,0,False,False
10776,3227,2395,3483,2651,96,65536,0,0,0,False,False
10777,1350,2181,1606,2437,96,65536,0,0,0,False,False
10778,3758,2428,4014,2684,96,65536,0,0,0,False,False
10779,1980,1529,2236,1785,96,65536,0,0,0,False,False
10780,1606,1788,1862,2044,99,65536,0,0,0,False,False
10781,1525,2320,1781,2576,99,65536,0,0,0,False,False
10782,2598,2439,2854,2695,99,65536,0,0,0,False,False
10783,2979,1834,3235,2090,99,65536,0,0,0,False,False
10784,2731,2460,2987,2716,99,65536,0,0,0,False,False
10785,2094,2375,2350,2631,99,65536,0,0,0,False,False
10786,2246,2249,2502,2505,99,65536,0,0,0,False,False
10787,3068,948,3324,1204,99,65536,0,0,0,False,True
10788,2868,940,3124,1196,99,65536,0,0,0,False,False
10789,3284,1527,3540,1783,99,65536,0,0,0,False,False
10790,3164,1050,3420,1306,99,65536,0,0,0,False,False
10791,3476,1856,3732,2112,99,65536,0,0,0,False,False
10792,1873,858,2129,1114,99,65536,0,0,0,False,False
10793,1334,1694,1590,1950,99,65536,0,0,0,False,False
10794,2601,1763,2857,2019,99,65536,0,0,0,False,False
10795,3002,1131,3258,1387,99,65536,0,0,0,False,False
10796,2229,2087,2485,2343,99,65536,0,0,0,False,False
10797,2116,1383,2372,1639,99,65536,0,0,0,False,False
10798,2685,1128,2941,1384,99,65536,0,0,0,False,False
10799,2248,2201,2504,2457,99,65536,0,0,0,False,False
10800,1996,1475,2252,1731,99,65536,0,0,0,False,False
10801,3675,2423,3931,2679,99,65536,0,0,0,False,False
10802,1742,1346,1998,1602,99,65536,0,0,0,False,False
10803,1431,1068,1687,1324,99,65536,0,0,0,False,False
10804,1628,937,1884,1193,99,65536,0,0,0,False,False
10805,1139,2382,1395,2638,99,65536,0,0,0,False,False
10806,1262,2102,1518,2358,99,65536,0,0,0,False,False
10807,3260,1543,3516,1799,99,65536,0,0,0,False,False
10808,2480,2100,2736,2356,99,65536,0,0,0,False,False
10809,2004,1129,2260,1385,99,65536,0,0,0,False,False
10810,3727,1409,3983,1665,99,65536,0,0,0,False,False
10811,2769,1777,3025,2033,99,65536,0,0,0,False,False
10812,1777,2115,2033,2371,99,65536,0,0,0,False,False
10813,3480,1532,3736,1788,99,65536,0,0,0,False,True
10814,1275,2240,1531,2496,99,65536,0,0,0,False,False
10815,2863,1196,3119,1452,99,65536,0,0,0,False,False
10816,1547,2311,1803,2567,99,65536,0,0,0,False,False
10817,3177,2210,3433,2466,99,65536,0,0,0,False,False
10818,1846,1534,2102,1790,99,65536,0,0,0,False,False
10819,2321,1744,2577,2000,99,65536,0,0,0,False,False
10820,3572,1208,3828,1464,99,65536,0,0,0,False,False
10821,3452,1425,3708,1681,99,65536,0,0,0,False,False
10822,2336,1658,2592,1914,99,65536,0,0,0,False,False
10823,2308,2038,2564,2294,99,65536,0,0,0,False,False
10824,2851,1301,3107,1557,99,65536,0,0,0,False,False
10825,2951,1334,3207,1590,99,65536,0,0,0,False,False
10826,3810,2433,4066,2689,99,65536,0,0,0,False,False
10827,3971,2236,4227,2492,99,65536,0,0,0,False,False
10828,2880,1230,3136,1486,99,65536,0,0,0,False,False
10829,3297,1323,3553,1579,99,65536,0,0,0,False,False
10830,3217,1217,3473,1473,100,65536,0,0,0,False,False
10831,1462,2004,1718,2260,100,63572,1964,0,0,True,False
10832,3089,1031,3345,1287,100,65536,0,0,0,False,True
10833,2593,1818,2849,2074,100,61908,3628,0,0,True,False
10834,3845,1502,4101,1758,100,65536,0,0,0,False,False
10835,2184,2237,2440,2493,100,65536,0,0,0,False,False
10836,2663,1702,2919,1958,100,61956,3580,0,0,True,False
10837,2492,2096,2748,2352,100,65536,0,0,0,False,False
10838,2608,2271,2864,2527,100,65536,0,0,0,False,False
10839,2016,1434,2272,1690,100,65536,0,0,0,False,False
10840,3087,2304,3343,2560,100,65536,0,0,0,False,False
10841,1123,1541,1379,1797,100,65536,0,0,0,False,False
10842,2557,1011,2813,1267,100,65536,0,0,0,False,False
10843,2023,923,2279,1179,100,65536,0,0,0,False,False
10844,1262,1140,1518,1396,100,65536,0,0,0,False,False
10845,1493,1292,1749,1548,100,65536,0,0,0,False,False
10846,3064,2241,3320,2497,100,65536,0,0,0,False,False
10847,3180,880,3436,1136,100,65536,0,0,0,False,False
10848,2298,1712,2554,1968,100,65040,496,0,0,True,False
10849,2382,1431,2638,1687,100,65536,0,0,0,False,False
10850,1889,2231,2145,2487,100,65536,0,0,0,False,False
10851,3558,946,3814,1202,100,65536,0,0,0,False,False
10852,2391,2383,2647,2639,100,65536,0,0,0,False,False
10853,1946,1573,2202,1829,100,65536,0,0,0,False,False
10854,2371,1192,2627,1448,100,65536,0,0,0,False,False
10855,2162,2101,2418,2357,100,65536,0,0,0,False,False
10856,1510,903,1766,1159,100,65536,0,0,0,False,False
10857,3202,1693,3458,1949,100,62024,3512,0,0,True,False
10858,2591,2047,2847,2303,100,65536,0,0,0,False,False
10859,1810,2073,2066,2329,100,61904,3632,0,0,True,False
10860,3437,2259,3693,2515,100,65536,0,0,0,False,False
10861,1572,2378,1828,2634,100,65536,0,0,0,False,False
10862,2928,2136,3184,2392,100,65536,0,0,0,False,False
10863,3540,1254,3796,1510,100,65536,0,0,0,False,False
10864,3885,1403,4141,1659,100,65536,0,0,0,False,False
10865,2237,1794,2493,2050,100,62186,3350,0,0,True,False
10866,3312,1244,3568,1500,100,65536,0,0,0,False,False
10867,3213,1276,3469,1532,100,65536,0,0,0,False,False
10868,1638,2493,1894,2749,100,65536,0,0,0,False,False
10869,1643,2151,1899,2407,100,61879,3657,0,0,True,False
10870,2253,2374,2509,2630,100,65536,0,0,0,False,False
10871,1954,2333,2210,2589,100,65536,0,0,0,False,False
10872,2900,1570,3156,1826,100,64936,600,0,0,True,False
10873,3734,1612,3990,1868,100,65536,0,0,0,False,False
10874,2533,1353,2789,1609,100,65536,0,0,0,False,False
10875,1234,1471,1490,1727,100,65536,0,0,0,False,False
10876,3226,1939,3482,2195,100,65536,0,0,0,False,False
10877,1374,2340,1630,2596,100,65536,0,0,0,False,False
10878,2565,1035,2821,1291,100,65536,0,0,0,False,False
10879,2123,1068,2379,1324,100,65536,0,0,0,False,False
10880,2651,1923,2907,2179,107,65536,0,0,0,False,False
10881,1458,1181,1714,1437,107,65536,0,0,0,False,False
10882,1808,2138,2064,2394,107,65536,0,0,0,False,False
10883,1725,1958,1981,2214,107,65536,0,0,0,False,False
10884,3287,1107,3543,1363,107,65536,0,0,0,False,False
10885,3688,2282,3944,2538,107,65536,0,0,0,False,False
10886,2043,1307,2299,1563,107,65536,0,0,0,False,False
10887,2876,2337,3132,2593,107,65536,0,0,0,False,False
10888,2250,2093,2506,2349,107,65536,0,0,0,False,False
10889,1856,2497,2112,2753,107,65536,0,0,0,False,False
10890,1283,1413,1539,1669,107,65536,0,0,0,False,False
10891,3419,916,3675,1172,107,65536,0,0,0,False,False
10892,3142,2526,3398,2782,107,65536,0,0,0,False,False
10893,2184,1986,2440,2242,107,65536,0,0,0,False,False
10894,2179,1613,2435,1869,107,65536,0,0,0,False,False
10895,1445,1008,1701,1264,107,65536,0,0,0,False,False
10896,3028,1062,3284,1318,107,65536,0,0,0,False,False
10897,2306,2399,2562,2655,107,65536,0,0,0,False,False
10898,2554,1025,2810,1281,107,65536,0,0,0,False,False
10899,2510,2261,2766,2517,107,65536,0,0,0,False,False
10900,3672,2276,3928,2532,107,65536,0,0,0,False,False
10901,1600,2271,1856,2527,107,65536,0,0,0,False,False
10902,2317,1672,2573,1928,107,65536,0,0,0,False,False
10903,3524,2381,3780,2637,107,65536,0,0,0,False,False
10904,1197,1484,1453,1740,107,65536,0,0,0,False,False
10905,2237,1799,2493,2055,107,65536,0,0,0,False,False
10906,3803,2049,4059,2305,107,65536,0,0,0,False,False
10907,3452,2489,3708,2745,107,65536,0,0,0,False,False
10908,1683,1987,1939,2243,107,65536,0,0,0,False,False
10909,2632,1964,2888,2220,107,65536,0,0,0,False,False
10910,2523,2046,2779,2302,107,65536,0,0,0,False,False
10911,1747,2390,2003,2646,107,65536,0,0,0,False,False
10912,1432,1761,1688,2017,107,65536,0,0,0,False,False
10913,2423,1901,2679,2157,107,65536,0,0,0,False,False
10914,1878,2153,2134,2409,107,65536,0,0,0,False,False
10915,1817,1444,2073,1700,107,65536,0,0,0,False,False
10916,3370,1534,3626,1790,107,65536,0,0,0,False,False
10917,2641,2001,2897,2257,107,65536,0,0,0,False,False
10918,2544,2266,2800,2522,107,65536,0,0,0,False,False
10919,3497,1337,3753,1593,107,65536,0,0,0,False,False
10920,2009,862,2265,1118,107,65536,0,0,0,False,False
10921,3292,960,3548,1216,107,65536,0,0,0,False,False
10922,2357,2009,2613,2265,107,65536,0,0,0,False,False
10923,1565,996,1821,1252,107,65536,0,0,0,False,False
10924,2276,957,2532,1213,107,65536,0,0,0,False,False
10925,3396,2487,3652,2743,107,65536,0,0,0,False,False
10926,3416,894,3672,1150,107,65536,0,0,0,False,False
10927,2249,2339,2505,2595,107,65536,0,0,0,False,False
10928,3121,936,3377,1192,107,65536,0,0,0,False,False
10929,1240,1001,1496,1257,107,65536,0,0,0,False,False
10930,3892,2431,4148,2687,117,65536,0,0,0,False,False
10931,3341,1455,3597,1711,117,65536,0,0,0,False,False
10932,2309,1313,2565,1569,117,65536,0,0,0,False,False
10933,3802,1379,4058,1635,117,65536,0,0,0,False,False
10934,1731,1380,1987,1636,117,65536,0,0,0,False,False
10935,2464,2258,2720,2514,117,65536,0,0,0,False,False
10936,2694,1471,2950,1727,117,65536,0,0,0,False,False
10937,1392,1104,1648,1360,117,65536,0,0,0,False,False
10938,1479,1356,1735,1612,117,65536,0,0,0,False,False
10939,2464,1600,2720,1856,117,65536,0,0,0,False,False
10940,2201,991,2457,1247,117,65536,0,0,0,False,False
10941,2326,1884,2582,2140,117,65536,0,0,0,False,False
10942,2583,1902,2839,2158,117,65536,0,0,0,False,False
10943,1698,2141,1954,2397,117,65536,0,0,0,False,False
10944,3767,2373,4023,2629,117,65536,0,0,0,False,False
10945,3311,1713,3567,1969,117,65536,0,0,0,False,False
10946,2041,1448,2297,1704,117,65536,0,0,0,False,False
10947,3398,1168,3654,1424,117,65536,0,0,0,False,False
10948,2338,1411,2594,1667,117,65536,0,0,0,False,False
10949,2644,2033,2900,2289,117,65536,0,0,0,False,False
10950,3644,1764,3900,2020,117,65536,0,0,0,False,False
10951,2435,1897,2691,2153,117,65536,0,0,0,False,False
10952,1340,2128,1596,2384,117,65536,0,0,0,False,False
10953,3904,2413,4160,2669,117,65536,0,0,0,False,False
10954,1487,1423,1743,1679,117,65536,0,0,0,False,False
10955,2120,1938,2376,2194,117,65536,0,0,0,False,False
10956,1507,1878,1763,2134,117,65536,0,0,0,False,False
10957,1244,2009,1500,2265,117,65536,0,0,0,False,False
10958,3400,2456,3656,2712,117,65536,0,0,0,False,False
10959,3474,1585,3730,1841,117,65536,0,0,0,False,False
10960,3649,2039,3905,2295,117,65536,0,0,0,False,False
10961,2042,2332,2298,2588,117,65536,0,0,0,False,False
10962,3646,2326,3902,2582,117,65536,0,0,0,False,False
10963,1589,2151,1845,2407,117,65536,0,0,0,False,False
10964,2786,1311,3042,1567,117,65536,0,0,0,False,False
10965,3987,1353,4243,1609,117,65536,0,0,0,False,False
10966,2951,939,3207,1195,117,65536,0,0,0,False,False
10967,2701,1298,2957,1554,117,65536,0,0,0,False,False
10968,2097,1684,2353,1940,117,65536,0,0,0,False,False
10969,3518,1061,3774,1317,117,65536,0,0,0,False,False
10970,1313,2106,1569,2362,117,65536,0,0,0,False,False
10971,2723,1649,2979,1905,117,65536,0,0,0,False,False
10972,3898,2158,4154,2414,117,65536,0,0,0,False,False
10973,2740,1027,2996,1283,117,65536,0,0,0,False,False
10974,1818,1052,2074,1308,117,65536,0,0,0,False,False
10975,3350,1082,3606,1338,117,65536,0,0,0,False,False
10976,1611,1975,1867,2231,117,65536,0,0,0,False,False
10977,3131,1157,3387,1413,117,65536,0,0,0,False,False
10978,1810,1246,2066,1502,117,65536,0,0,0,False,False
10979,3315,2007,3571,2263,117,65536,0,0,0,False,False
10980,2022,2158,2278,2414,126,65536,0,0,0,False,False
10981,3302,2041,3558,2297,126,65536,0,0,0,False,False
10982,2050,1854,2306,2110,126,65536,0,0,0,False,False
10983,3304,1091,3560,1347,126,65536,0,0,0,False,False
10984,2674,1622,2930,1878,126,65536,0,0,0,False,False
10985,1474,2293,1730,2549,126,65536,0,0,0,False,False
10986,3576,1495,3832,1751,126,65536,0,0,0,False,False
10987,2214,1744,2470,2000,126,65536,0,0,0,False,False
10988,3436,1047,3692,1303,126,65536,0,0,0,False,False
10989,3528,1250,3784,1506,126,65536,0,0,0,False,False
10990,2705,1498,2961,1754,126,65536,0,0,0,False,False
10991,3384,1495,3640,1751,126,65536,0,0,0,False,False
10992,2919,837,3175,1093,126,65536,0,0,0,False,False
10993,3587,1590,3843,1846,126,65536,0,0,0,False,False
10994,3182,1803,3438,2059,126,65536,0,0,0,False,False
10995,3476,1226,3732,1482,126,65536,0,0,0,False,False
10996,1401,1430,1657,1686,126,65536,0,0,0,False,False
10997,1546,1644,1802,1900,126,65536,0,0,0,False,False
10998,3595,932,3851,1188,126,65536,0,0,0,False,False
10999,2870,2249,3126,2505,126,65536,0,0,0,False,False
11000,2037,981,2293,1237,126,65536,0,0,0,False,False
11001,1401,1962,1657,2218,126,65536,0,0,0,False,False
11002,3422,1603,3678,1859,126,65536,0,0,0,False,False
11003,3806,1811,4062,2067,126,65536,0,0,0,False,False
11004,1184,1756,1440,2012,126,65536,0,0,0,False,False
11005,3451,2157,3707,2413,126,65536,0,0,0,False,False
11006,1236,1376,1492,1632,126,65536,0,0,0,False,False
11007,2582,1486,2838,1742,126,65536,0,0,0,False,False
11008,1768,1718,2024,1974,126,65536,0,0,0,False,False
11009,3031,1206,3287,1462,126,65536,0,0,0,False,False
11010,2419,846,2675,1102,126,65536,0,0,0,False,False
11011,1973,1660,2229,1916,126,65536,0,0,0,False,False
11012,3715,2439,3971,2695,126,65536,0,0,0,False,False
11013,3696,2001,3952,2257,126,65536,0,0,0,False,False
11014,1235,1806,1491,2062,126,65536,0,0,0,False,False
11015,1898,1218,2154,1474,126,65536,0,0,0,False,False
11016,3864,2090,4120,2346,126,65536,0,0,0,False,False
11017,1685,1256,1941,1512,126,65536,0,0,0,False,False
11018,2933,1974,3189,2230,126,65536,0,0,0,False,False
11019,2550,1270,2806,1526,126,65536,0,0,0,False,False
11020,3391,1504,3647,1760,126,65536,0,0,0,False,False
11021,2610,1849,2866,2105,126,65536,0,0,0,False,False
11022,1696,1336,1952,1592,126,65536,0,0,0,False,False
11023,1798,2057,2054,2313,126,65536,0,0,0,False,False
11024,3682,1481,3938,1737,126,65536,0,0,0,False,False
11025,1347,1314,1603,1570,126,65536,0,0,0,False,False
11026,2785,1323,3041,1579,126,65536,0,0,0,False,False
11027,3541,1574,3797,1830,126,65536,0,0,0,False,False
11028,2142,1245,2398,1501,126,65536,0,0,0,False,False
11029,3500,2442,3756,2698,126,65536,0,0,0,False,False
11030,2055,934,2311,1190,127,65536,0,0,0,False,False
11031,2289,2308,2545,2564,127,65536,0,0,0,False,False
11032,3692,2435,3948,2691,127,65536,0,0,0,False,False
11033,3475,1169,3731,1425,127,65536,0,0,0,False,False
11034,3200,1174,3456,1430,127,65536,0,0,0,False,False
11035,2393,1332,2649,1588,127,65536,0,0,0,False,False
11036,2893,1996,3149,2252,127,65536,0,0,0,False,False
11037,2163,951,2419,1207,127,65536,0,0,0,False,False
11038,3853,2308,4109,2564,127,65536,0,0,0,False,False
11039,1583,2428,1839,2684,127,65536,0,0,0,False,False
11040,3560,1374,3816,1630,127,65536,0,0,0,False,False
11041,3208,1397,3464,1653,127,65536,0,0,0,False,False
11042,3111,2345,3367,2601,127,63662,1874,0,0,True,False
11043,1441,2442,1697,2698,127,65536,0,0,0,False,False
11044,3388,1495,3644,1751,127,65536,0,0,0,False,False
11045,3308,1083,3564,1339,127,65536,0,0,0,False,False
11046,1698,968,1954,1224,127,65536,0,0,0,False,False
11047,2824,1069,3080,1325,127,65536,0,0,0,False,True
11048,1390,1844,1646,2100,127,63136,2400,0,0,True,False
11049,3492,1917,3748,2173,127,65536,0,0,0,False,False
11050,3780,2402,4036,2658,127,65536,0,0,0,False,True
11051,3699,2118,3955,2374,127,65536,0,0,0,False,False
11052,1948,2510,2204,2766,127,65536,0,0,0,False,False
11053,2575,2503,2831,2759,127,65536,0,0,0,False,False
11054,1522,2391,1778,2647,127,65536,0,0,0,False,False
11055,3232,923,3488,1179,127,65536,0,0,0,False,False
11056,3446,1543,3702,1799,127,65536,0,0,0,False,False
11057,2717,1220,2973,1476,127,65536,0,0,0,False,False
11058,1469,1055,1725,1311,127,65536,0,0,0,False,False
11059,2163,1546,2419,1802,127,64904,632,0,0,True,False
11060,2721,2170,2977,2426,127,65536,0,0,0,False,False
11061,3093,2358,3349,2614,127,63684,1852,0,0,True,False
11062,1653,853,1909,1109,127,65536,0,0,0,False,False
11063,3851,1638,4107,1894,127,65536,0,0,0,False,False
11064,2905,1003,3161,1259,127,65536,0,0,0,False,False
11065,2520,1966,2776,2222,127,65536,0,0,0,False,False
11066,2356,2245,2612,2501,127,65536,0,0,0,False,False
11067,1622,1411,1878,1667,127,65536,0,0,0,False,False
11068,1794,1787,2050,2043,127,63048,2488,0,0,True,False
11069,3013,1202,3269,1458,127,65536,0,0,0,False,False
11070,1790,2108,2046,2364,127,65536,0,0,0,False,False
11071,2594,1435,2850,1691,127,65536,0,0,0,False,False
11072,2537,1450,2793,1706,127,65240,296,0,0,True,False
11073,3546,2505,3802,2761,127,65536,0,0,0,False,False
11074,2988,2413,3244,2669,127,65434,102,0,0,True,False
11075,3126,1996,3382,2252,127,65536,0,0,0,False,False
11076,3257,1134,3513,1390,127,65536,0,0,0,False,False
11077,3563,2454,3819,2710,127,65536,0,0,0,False,False
11078,2909,2257,3165,2513,127,64690,846,0,0,True,False
11079,2514,2260,2770,2516,127,65536,0,0,0,False,False
11080,3130,1838,3386,2094,164,65536,0,0,0,False,False
11081,3120,1140,3376,1396,164,65536,0,0,0,False,False
11082,3331,1714,3587,1970,164,65536,0,0,0,False,False
11083,2083,1699,2339,1955,164,65536,0,0,0,False,False
11084,3426,1269,3682,1525,164,65536,0,0,0,False,False
11085,3105,1064,3361,1320,164,65536,0,0,0,False,False
11086,1508,1042,1764,1298,164,65536,0,0,0,False,False
11087,1326,994,1582,1250,164,65536,0,0,0,False,False
11088,1971,1951,2227,2207,164,65536,0,0,0,False,False
11089,2299,1048,2555,1304,164,65536,0,0,0,False,False
11090,3442,1801,3698,2057,164,65536,0,0,0,False,False
11091,1826,2087,2082,2343,164,65536,0,0,0,False,False
11092,1453,2059,1709,2315,164,65536,0,0,0,False,False
11093,2865,2255,3121,2511,164,65536,0,0,0,False,False
11094,1151,1697,1407,1953,164,65536,0,0,0,False,False
11095,1168,1602,1424,1858,164,65536,0,0,0,False,False
11096,1212,1741,1468,1997,164,65536,0,0,0,False,False
11097,3602,1564,3858,1820,164,65536,0,0,0,False,False
11098,1219,1018,1475,1274,164,65536,0,0,0,False,False
11099,2631,1879,2887,2135,164,65536,0,0,0,False,False
11100,3880,996,4136,1252,164,65536,0,0,0,False,False
11101,3972,1839,4228,2095,164,65536,0,0,0,False,False
11102,2170,984,2426,1240,164,65536,0,0,0,False,False
11103,1524,1084,1780,1340,164,65536,0,0,0,False,False
11104,3248,1126,3504,1382,164,65536,0,0,0,False,False
11105,3537,1657,3793,1913,164,65536,0,0,0,False,False
11106,2298,2102,2554,2358,164,65536,0,0,0,False,False
11107,3208,2484,3464,2740,164,65536,0,0,0,False,False
11108,1950,1951,2206,2207,164,65536,0,0,0,False,False
11109,3712,1027,3968,1283,164,65536,0,0,0,False,False
11110,2402,1950,2658,2206,164,65536,0,0,0,False,False
11111,2080,2207,2336,2463,164,65536,0,0,0,False,False
11112,3329,2084,3585,2340,164,65536,0,0,0,False,False
11113,2863,1269,3119,1525,164,65536,0,0,0,False,False
11114,2265,1310,2521,1566,164,65536,0,0,0,False,False
11115,1284,1144,1540,1400,164,65536,0,0,0,False,False
11116,2823,1664,3079,1920,164,65536,0,0,0,False,False
11117,2648,931,2904,1187,164,65536,0,0,0,False,False
11118,3850,914,4106,1170,164,65536,0,0,0,False,False
11119,1627,2493,1883,2749,164,65536,0,0,0,False,False
11120,1785,945,2041,1201,164,65536,0,0,0,False,False
11121,1280,2308,1536,2564,164,65536,0,0,0,False,False
11122,1915,1090,2171,1346,164,65536,0,0,0,False,False
11123,1965,2361,2221,2617,164,65536,0,0,0,False,False
11124,3440,1149,3696,1405,164,65536,0,0,0,False,False
11125,3119,2301,3375,2557,164,65536,0,0,0,False,False
11126,2177,937,2433,1193,164,65536,0,0,0,False,False
11127,1757,2279,2013,2535,164,65536,0,0,0,False,False
11128,3499,1723,3755,1979,164,65536,0,0,0,False,False
11129,1661,1505,1917,1761,164,65536,0,0,0,False,False
11130,3024,912,3280,1168,171,65536,0,0,0,False,False
11131,3160,1465,3416,1721,171,65536,0,0,0,False,False
11132,1787,1650,2043,1906,171,65536,0,0,0,False,True
11133,3571,835,3827,1091,171,65536,0,0,0,False,False
11134,2696,2196,2952,2452,171,65536,0,0,0,False,False
11135,2674,2364,2930,2620,171,65536,0,0,0,False,False
11136,2731,1004,2987,1260,171,65536,0,0,0,False,False
11137,1449,1287,1705,1543,171,65536,0,0,0,False,False
11138,3710,1463,3966,1719,171,65536,0,0,0,False,False
11139,2245,2193,2501,2449,171,65536,0,0,0,False,False
11140,3627,1429,3883,1685,171,65536,0,0,0,False,False
11141,2646,1859,2902,2115,171,65536,0,0,0,False,False
11142,3153,2241,3409,2497,171,65536,0,0,0,False,False
11143,3130,1273,3386,1529,171,65536,0,0,0,False,False
11144,3720,2364,3976,2620,171,65536,0,0,0,False,False
11145,2330,1219,2586,1475,171,65536,0,0,0,False,False
11146,2702,2116,2958,2372,171,65536,0,0,0,False,False
11147,1533,1337,1789,1593,171,65536,0,0,0,False,False
11148,2065,1339,2321,1595,171,65536,0,0,0,False,False
11149,1622,1291,1878,1547,171,65536,0,0,0,False,False
11150,3615,1012,3871,1268,171,65536,0,0,0,False,False
11151,3303,2344,3559,2600,171,65536,0,0,0,False,False
11152,2177,1357,2433,1613,171,65536,0,0,0,False,False
11153,3413,2446,3669,2702,171,65536,0,0,0,False,False
11154,3097,1783,3353,2039,171,65536,0,0,0,False,False
11155,3636,1432,3892,1688,171,65536,0,0,0,False,False
11156,2500,862,2756,1118,171,65536,0,0,0,False,False
11157,2795,2136,3051,2392,171,65536,0,0,0,False,False
11158,3623,2156,3879,2412,171,65536,0,0,0,False,False
11159,2728,1700,2984,1956,171,65536,0,0,0,False,False
11160,2221,2407,2477,2663,171,65536,0,0,0,False,False
11161,3194,1261,3450,1517,171,65536,0,0,0,False,False
11162,2422,2056,2678,2312,171,65536,0,0,0,False,False
11163,3132,852,3388,1108,171,65536,0,0,0,False,False
11164,3487,1049,3743,1305,171,65536,0,0,0,False,False
11165,3233,1877,3489,2133,171,65536,0,0,0,False,False
11166,2580,1186,2836,1442,171,65536,0,0,0,False,False
11167,2207,1129,2463,1385,171,65536,0,0,0,False,False
11168,3583,1354,3839,1610,171,65536,0,0,0,False,False
11169,1331,860,1587,1116,171,65536,0,0,0,False,False
11170,1575,844,1831,1100,171,65536,0,0,0,False,False
11171,1998,1804,2254,2060,171,65536,0,0,0,False,False
11172,3344,1427,3600,1683,171,65536,0,0,0,False,False
11173,2831,1906,3087,2162,171,65536,0,0,0,False,False
11174,1128,1168,1384,1424,171,65536,0,0,0,False,False
11175,2488,2030,2744,2286,171,65536,0,0,0,False,False
11176,2887,1293,3143,1549,171,65536,0,0,0,False,False
11177,2160,2114,2416,2370,171,65536,0,0,0,False,False
11178,3136,2446,3392,2702,171,65536,0,0,0,False,False
11179,3660,1375,3916,1631,171,65536,0,0,0,False,False
11180,1196,1598,1452,1854,173,65536,0,0,0,False,False
11181,3165,2281,3421,2537,173,65536,0,0,0,False,False
11182,2325,1530,2581,1786,173,65536,0,0,0,False,False
11183,1193,1879,1449,2135,173,65536,0,0,0,False,False
11184,1527,2032,1783,2288,173,65536,0,0,0,False,False
11185,2087,2140,2343,2396,173,65536,0,0,0,False,False
11186,1244,1988,1500,2244,173,65536,0,0,0,False,False
11187,1902,1824,2158,2080,173,65536,0,0,0,False,False
11188,1941,1400,2197,1656,173,65536,0,0,0,False,False
11189,2454,1316,2710,1572,173,65536,0,0,0,False,False
11190,1323,2100,1579,2356,173,65536,0,0,0,False,False
11191,1923,2468,2179,2724,173,65536,0,0,0,False,False
11192,1528,1711,1784,1967,173,65536,0,0,0,False,True
11193,3547,2272,3803,2528,173,65536,0,0,0,False,False
11194,2719,1431,2975,1687,173,65536,0,0,0,False,False
11195,3799,1098,4055,1354,173,65536,0,0,0,False,False
11196,1263,2047,1519,2303,173,65536,0,0,0,False,False
11197,2231,1921,2487,2177,173,65536,0,0,0,False,False
11198,2514,2283,2770,2539,173,65536,0,0,0,False,False
11199,2500,1685,2756,1941,173,65536,0,0,0,False,False
11200,2881,1709,3137,1965,173,65536,0,0,0,False,False
11201,1743,1979,1999,2235,173,65536,0,0,0,False,False
11202,1954,1443,2210,1699,173,65536,0,0,0,False,False
11203,1852,2010,2108,2266,173,65536,0,0,0,False,False
11204,3916,950,4172,1206,173,65536,0,0,0,False,False
11205,2864,1766,3120,2022,173,65536,0,0,0,False,False
11206,1723,1277,1979,1533,173,65536,0,0,0,False,False
11207,3467,1406,3723,1662,173,65536,0,0,0,False,False
11208,3448,2283,3704,2539,173,65536,0,0,0,False,False
11209,2403,2502,2659,2758,173,65536,0,0,0,False,False
11210,1502,1441,1758,1697,173,65536,0,0,0,False,False
11211,2013,2025,2269,2281,173,65536,0,0,0,False,False
11212,1367,1917,1623,2173,173,65536,0,0,0,False,False
11213,2447,872,2703,1128,173,65536,0,0,0,False,False
11214,1899,1186,2155,1442,173,65536,0,0,0,False,False
11215,3302,2035,3558,2291,173,65536,0,0,0,False,False
11216,1958,2352,2214,2608,173,65536,0,0,0,False,False
11217,3088,1297,3344,1553,173,65536,0,0,0,False,False
11218,3368,2177,3624,2433,173,65536,0,0,0,False,False
11219,2160,2241,2416,2497,173,65536,0,0,0,False,False
11220,2997,998,3253,1254,173,65536,0,0,0,False,False
11221,3177,2308,3433,2564,173,65536,0,0,0,False,False
11222,1584,1025,1840,1281,173,65536,0,0,0,False,False
11223,3864,2118,4120,2374,173,65536,0,0,0,False,False
11224,2771,2502,3027,2758,173,65536,0,0,0,False,False
11225,1833,834,2089,1090,173,65536,0,0,0,False,False
11226,2506,937,2762,1193,173,65536,0,0,0,False,False
11227,1921,1025,2177,1281,173,65536,0,0,0,False,False
11228,3292,1015,3548,1271,173,65536,0,0,0,False,False
11229,3346,1042,3602,1298,173,65536,0,0,0,False,False
11230,2809,2220,3065,2476,175,65536,0,0,0,False,False
11231,3481,1998,3737,2254,175,65536,0,0,0,False,False
11232,2257,1087,2513,1343,175,65536,0,0,0,False,False
11233,1697,1616,1953,1872,175,65536,0,0,0,False,False
11234,2717,1002,2973,1258,175,65536,0,0,0,False,False
11235,3327,2419,3583,2675,175,65536,0,0,0,False,False
11236,1484,2330,1740,2586,175,65536,0,0,0,False,False
11237,2437,944,2693,1200,175,65536,0,0,0,False,False
11238,1522,1260,1778,1516,175,65536,0,0,0,False,False
11239,3946,1187,4202,1443,175,65536,0,0,0,False,False
11240,1908,872,2164,1128,175,65536,0,0,0,False,False
11241,1699,1598,1955,1854,175,65536,0,0,0,False,False
11242,2096,903,2352,1159,175,65536,0,0,0,False,False
11243,3728,1528,3984,1784,175,65536,0,0,0,False,False
11244,3245,1795,3501,2051,175,65536,0,0,0,False,True
11245,2780,2430,3036,2686,175,65536,0,0,0,False,False
11246,2171,1825,2427,2081,175,65536,0,0,0,False,False
11247,2471,1925,2727,2181,175,65536,0,0,0,False,False
11248,3399,2503,3655,2759,175,65536,0,0,0,False,False
11249,2634,891,2890,1147,175,65536,0,0,0,False,False
11250,1667,2240,1923,2496,175,65536,0,0,0,False,False
11251,1997,1008,2253,1264,175,65536,0,0,0,False,False
11252,3728,2401,3984,2657,175,65536,0,0,0,False,False
11253,3486,1361,3742,1617,175,65536,0,0,0,False,False
11254,3012,2315,3268,2571,175,65536,0,0,0,False,False
11255,1443,2240,1699,2496,175,65536,0,0,0,False,False
11256,3021,941,3277,1197,175,65536,0,0,0,False,False
11257,1715,1060,1971,1316,175,65536,0,0,0,False,False
11258,3792,2414,4048,2670,175,65536,0,0,0,False,False
11259,1578,843,1834,1099,175,65536,0,0,0,False,False
11260,2391,2476,2647,2732,175,65536,0,0,0,False,False
11261,1585,2221,1841,2477,175,65536,0,0,0,False,False
11262,3589,1530,3845,1786,175,65536,0,0,0,False,False
11263,3455,2010,3711,2266,175,65536,0,0,0,False,False
11264,3787,1461,4043,1717,175,65536,0,0,0,False,False
11265,3489,2349,3745,2605,175,65536,0,0,0,False,False
11266,3870,2409,4126,2665,175,65536,0,0,0,False,False
11267,2198,1918,2454,2174,175,65536,0,0,0,False,False
11268,3524,1077,3780,1333,175,65536,0,0,0,False,False
11269,3984,1415,4240,1671,175,65536,0,0,0,False,False
11270,1937,1879,2193,2135,175,65536,0,0,0,False,False
11271,2122,2528,2378,2784,175,65536,0,0,0,False,False
11272,3353,1737,3609,1993,175,65536,0,0,0,False,True
11273,1962,2465,2218,2721,175,65536,0,0,0,False,False
11274,3894,2243,4150,2499,175,65536,0,0,0,False,False
11275,3710,1033,3966,1289,175,65536,0,0,0,False,False
11276,2371,2406,2627,2662,175,65536,0,0,0,False,False
11277,3331,2409,3587,2665,175,65536,0,0,0,False,False
11278,1843,1011,2099,1267,175,65536,0,0,0,False,False
11279,1712,1523,1968,1779,175,65536,0,0,0,False,False
11280,3071,1552,3327,1808,184,65536,0,0,0,False,False
11281,1881,1624,2137,1880,184,65536,0,0,0,False,False
11282,1514,1713,1770,1969,184,65536,0,0,0,False,False
11283,3217,1446,3473,1702,184,65536,0,0,0,False,False
11284,3964,1466,4220,1722,184,65536,0,0,0,False,False
11285,3596,1319,3852,1575,184,65536,0,0,0,False,False
11286,2796,1198,3052,1454,184,65536,0,0,0,False,False
11287,3739,1540,3995,1796,184,65536,0,0,0,False,False
11288,3462,1078,3718,1334,184,65536,0,0,0,False,False
11289,3205,2356,3461,2612,184,65536,0,0,0,False,False
11290,3661,1096,3917,1352,184,65536,0,0,0,False,False
11291,2050,1868,2306,2124,184,65536,0,0,0,False,False
11292,2423,1730,2679,1986,184,65536,0,0,0,False,False
11293,3968,1657,4224,1913,184,65536,0,0,0,False,False
11294,3343,2363,3599,2619,184,65536,0,0,0,False,False
11295,3341,1854,3597,2110,184,65536,0,0,0,False,False
11296,1397,1609,1653,1865,184,65536,0,0,0,False,False
11297,2355,1678,2611,1934,184,65536,0,0,0,False,False
11298,1275,1366,1531,1622,184,65536,0,0,0,False,False
11299,1293,1940,1549,2196,184,65536,0,0,0,False,False
11300,1247,1916,1503,2172,184,65536,0,0,0,False,False
11301,1579,2348,1835,2604,184,65536,0,0,0,False,False
11302,2180,1912,2436,2168,184,65536,0,0,0,False,False
11303,1982,1593,2238,1849,184,65536,0,0,0,False,False
11304,1130,1990,1386,2246,184,65536,0,0,0,False,False
11305,3891,2095,4147,2351,184,65536,0,0,0,False,False
11306,3227,1260,3483,1516,184,65536,0,0,0,False,False
11307,3376,1384,3632,1640,184,65536,0,0,0,False,False
11308,3714,1307,3970,1563,184,65536,0,0,0,False,False
11309,3773,2091,4029,2347,184,65536,0,0,0,False,False
11310,3542,2057,3798,2313,184,65536,0,0,0,False,False
11311,1592,1231,1848,1487,184,65536,0,0,0,False,False
11312,3506,1203,3762,1459,184,65536,0,0,0,False,False
11313,2947,1828,3203,2084,184,65536,0,0,0,False,False
11314,1222,2381,1478,2637,184,65536,0,0,0,False,False
11315,3276,1070,3532,1326,184,65536,0,0,0,False,False
11316,2682,1084,2938,1340,184,65536,0,0,0,False,False
11317,2554,1442,2810,1698,184,65536,0,0,0,False,False
11318,2094,2282,2350,2538,184,65536,0,0,0,False,False
11319,1511,1497,1767,1753,184,65536,0,0,0,False,False
11320,1895,1222,2151,1478,184,65536,0,0,0,False,False
11321,1587,2165,1843,2421,184,65536,0,0,0,False,False
11322,3550,2165,3806,2421,184,65536,0,0,0,False,False
11323,3493,1126,3749,1382,184,65536,0,0,0,False,False
11324,1821,2108,2077,2364,184,65536,0,0,0,False,False
11325,3174,2259,3430,2515,184,65536,0,0,0,False,False
11326,2334,1278,2590,1534,184,65536,0,0,0,False,False
11327,2245,1880,2501,2136,184,65536,0,0,0,False,False
11328,1162,2184,1418,2440,184,65536,0,0,0,False,False
11329,3119,1501,3375,1757,184,65536,0,0,0,False,False
11330,2970,1969,3226,2225,187,65536,0,0,0,False,False
11331,1121,1927,1377,2183,187,65536,0,0,0,False,False
11332,2049,1720,2305,1976,187,65536,0,0,0,False,False
11333,1174,847,1430,1103,187,65536,0,0,0,False,False
11334,2667,1680,2923,1936,187,65536,0,0,0,False,False
11335,1580,1717,1836,1973,187,65536,0,0,0,False,False
11336,3677,1781,3933,2037,187,65536,0,0,0,False,False
11337,2307,1713,2563,1969,187,65536,0,0,0,False,False
11338,2260,2049,2516,2305,187,65536,0,0,0,False,False
11339,3059,1268,3315,1524,187,65536,0,0,0,False,False
11340,3339,1092,3595,1348,187,65536,0,0,0,False,False
11341,1983,1110,2239,1366,187,65536,0,0,0,False,False
11342,3411,937,3667,1193,187,65536,0,0,0,False,False
11343,3409,1333,3665,1589,187,65536,0,0,0,False,False
11344,3913,1711,4169,1967,187,65536,0,0,0,False,False
11345,1460,1169,1716,1425,187,65536,0,0,0,False,False
11346,3967,1858,4223,2114,187,65536,0,0,0,False,True
11347,3818,1735,4074,1991,187,65536,0,0,0,False,False
11348,1196,2063,1452,2319,187,65536,0,0,0,False,False
11349,3121,2145,3377,2401,187,65536,0,0,0,False,False
11350,2474,2170,2730,2426,187,65536,0,0,0,False,False
11351,2240,2360,2496,2616,187,65536,0,0,0,False,False
11352,3769,1622,4025,1878,187,65536,0,0,0,False,False
11353,1168,2141,1424,2397,187,65536,0,0,0,False,False
11354,1999,2418,2255,2674,187,65536,0,0,0,False,False
11355,2518,1928,2774,2184,187,65536,0,0,0,False,False
11356,2003,1792,2259,2048,187,65536,0,0,0,False,False
11357,1313,1277,1569,1533,187,65536,0,0,0,False,False
11358,1847,2080,2103,2336,187,65536,0,0,0,False,False
11359,2184,1458,2440,1714,187,65536,0,0,0,False,False
11360,3479,1432,3735,1688,187,65536,0,0,0,False,False
11361,1151,862,1407,1118,187,65536,0,0,0,False,False
11362,1812,2473,2068,2729,187,65536,0,0,0,False,False
11363,3788,1303,4044,1559,187,65536,0,0,0,False,False
11364,1570,1008,1826,1264,187,65536,0,0,0,False,False
11365,1680,2070,1936,2326,187,65536,0,0,0,False,False
11366,3420,1911,3676,2167,187,65536,0,0,0,False,False
11367,3058,1530,3314,1786,187,65536,0,0,0,False,False
11368,1770,1947,2026,2203,187,65536,0,0,0,False,False
11369,1276,1346,1532,1602,187,65536,0,0,0,False,False
11370,3320,1276,3576,1532,187,65536,0,0,0,False,False
11371,2551,1973,2807,2229,187,65536,0,0,0,False,False
11372,3056,2391,3312,2647,187,65536,0,0,0,False,False
11373,3946,1106,4202,1362,187,65536,0,0,0,False,False
11374,3971,1220,4227,1476,187,65536,0,0,0,False,False
11375,1363,1974,1619,2230,187,65536,0,0,0,False,False
11376,3992,1863,4248,2119,187,65536,0,0,0,False,False
11377,1764,1852,2020,2108,187,65536,0,0,0,False,False
11378,1502,1110,1758,1366,187,65536,0,0,0,False,False
11379,1191,2405,1447,2661,187,65536,0,0,0,False,False
11380,3216,1977,3472,2233,195,65536,0,0,0,False,False
11381,3018,1573,3274,1829,195,65536,0,0,0,False,False
11382,2946,1426,3202,1682,195,65536,0,0,0,False,False
11383,1808,898,2064,1154,195,65536,0,0,0,False,False
11384,2895,2117,3151,2373,195,65536,0,0,0,False,False
11385,1265,1969,1521,2225,195,65536,0,0,0,False,False
11386,2731,1154,2987,1410,195,65536,0,0,0,False,False
11387,1140,1603,1396,1859,195,65536,0,0,0,False,False
11388,3834,1012,4090,1268,195,65536,0,0,0,False,False
11389,3927,2025,4183,2281,195,65536,0,0,0,False,False
11390,3873,2393,4129,2649,195,65536,0,0,0,False,False
11391,2006,1778,2262,2034,195,65536,0,0,0,False,False
11392,1826,1982,2082,2238,195,65536,0,0,0,False,False
11393,3723,1694,3979,1950,195,65536,0,0,0,False,True
11394,3102,2441,3358,2697,195,65536,0,0,0,False,False
11395,2763,1303,3019,1559,195,65536,0,0,0,False,False
11396,3096,1686,3352,1942,195,65536,0,0,0,False,False
11397,1174,2170,1430,2426,195,65536,0,0,0,False,False
11398,1254,1364,1510,1620,195,65536,0,0,0,False,False
11399,2320,1043,2576,1299,195,65536,0,0,0,False,False
11400,1967,2240,2223,2496,195,65536,0,0,0,False,False
11401,3775,1019,4031,1275,195,65536,0,0,0,False,False
11402,3624,1962,3880,2218,195,65536,0,0,0,False,False
11403,2829,1341,3085,1597,195,65536,0,0,0,False,False
11404,2010,1891,2266,2147,195,65536,0,0,0,False,False
11405,1418,1085,1674,1341,195,65536,0,0,0,False,False
11406,3150,2021,3406,2277,195,65536,0,0,0,False,True
11407,1608,2165,1864,2421,195,65536,0,0,0,False,False
11408,3938,1585,4194,1841,195,65536,0,0,0,False,False
11409,2552,951,2808,1207,195,65536,0,0,0,False,False
11410,3822,1156,4078,1412,195,65536,0,0,0,False,False
11411,3170,1143,3426,1399,195,65536,0,0,0,False,False
11412,1487,1182,1743,1438,195,65536,0,0,0,False,False
11413,3074,871,3330,1127,195,65536,0,0,0,False,False
11414,2300,2456,2556,2712,195,65536,0,0,0,False,False
11415,1293,1870,1549,2126,195,65536,0,0,0,False,False
11416,3619,1469,3875,1725,195,65536,0,0,0,False,False
11417,2791,1541,3047,1797,195,65536,0,0,0,False,False
11418,1595,1476,1851,1732,195,65536,0,0,0,False,False
11419,3133,1201,3389,1457,195,65536,0,0,0,False,False
11420,2535,2007,2791,2263,195,65536,0,0,0,False,False
11421,2064,1902,2320,2158,195,65536,0,0,0,False,False
11422,2152,1171,2408,1427,195,65536,0,0,0,False,False
11423,3842,1967,4098,2223,195,65536,0,0,0,False,False
11424,3118,1215,3374,1471,195,65536,0,0,0,False,False
11425,1293,1974,1549,2230,195,65536,0,0,0,False,False
11426,2989,2455,3245,2711,195,65536,0,0,0,False,False
11427,2801,1534,3057,1790,195,65536,0,0,0,False,False
11428,2465,2152,2721,2408,195,65536,0,0,0,False,False
11429,2298,2370,2554,2626,195,65536,0,0,0,False,False
11430,1410,1903,1666,2159,196,61788,3748,0,0,True,False
11431,3843,1689,4099,1945,196,65536,0,0,0,False,False
11432,1735,1440,1991,1696,196,62380,3156,0,0,True,False
11433,3735,1129,3991,1385,196,65536,0,0,0,False,False
11434,3898,1944,4154,2200,196,65536,0,0,0,False,False
11435,1947,983,2203,1239,196,65536,0,0,0,False,False
11436,2943,1362,3199,1618,196,65536,0,0,0,False,False
11437,1547,2024,1803,2280,196,65536,0,0,0,False,False
11438,1766,1186,2022,1442,196,65536,0,0,0,False,False
11439,3883,1592,4139,1848,196,65536,0,0,0,False,False
11440,2819,2162,3075,2418,196,65536,0,0,0,False,False
11441,1223,966,1479,1222,196,65536,0,0,0,False,False
11442,2045,1425,2301,1681,196,61986,3550,0,0,True,False
11443,2058,1994,2314,2250,196,65536,0,0,0,False,False
11444,2331,2431,2587,2687,196,65536,0,0,0,False,False
11445,1933,1712,2189,1968,196,65536,0,0,0,False,False
11446,1493,1381,1749,1637,196,65536,0,0,0,False,False
11447,1404,1239,1660,1495,196,65536,0,0,0,False,False
11448,1344,1980,1600,2236,196,62152,3384,0,0,True,False
11449,2376,1682,2632,1938,196,65536,0,0,0,False,False
11450,1145,1455,1401,1711,196,65536,0,0,0,False,False
11451,3508,1084,3764,1340,196,65536,0,0,0,False,False
11452,1227,1292,1483,1548,196,65536,0,0,0,False,False
11453,1695,1072,1951,1328,196,65536,0,0,0,False,False
11454,3759,1598,4015,1854,196,65536,0,0,0,False,False
11455,2234,1952,2490,2208,196,65536,0,0,0,False,False
11456,3165,2303,3421,2559,196,65536,0,0,0,False,False
11457,2021,1509,2277,1765,196,63656,1880,0,0,True,False
11458,2359,2143,2615,2399,196,65536,0,0,0,False,False
11459,3824,1144,4080,1400,196,65536,0,0,0,False,False
11460,2329,1883,2585,2139,196,65536,0,0,0,False,False
11461,1831,873,2087,1129,196,65536,0,0,0,False,False
11462,1357,1471,1613,1727,196,65536,0,0,0,False,False
11463,2275,2379,2531,2635,196,65536,0,0,0,False,True
11464,1556,1528,1812,1784,196,63784,1752,0,0,True,False
11465,1886,1294,2142,1550,196,63432,2104,0,0,True,False
11466,1294,1924,1550,2180,196,59792,5744,0,0,True,False
11467,1123,1811,1379,2067,196,64935,601,0,0,True,False
11468,1737,2346,1993,2602,196,65536,0,0,0,False,False
11469,2589,1172,2845,1428,196,65536,0,0,0,False,False
11470,2584,1158,2840,1414,196,65536,0,0,0,False,False
11471,3228,1762,3484,2018,196,65536,0,0,0,False,False
11472,2829,2389,3085,2645,196,65536,0,0,0,False,False
11473,2972,1325,3228,1581,196,65536,0,0,0,False,False
11474,2788,1537,3044,1793,196,65536,0,0,0,False,False
11475,3967,1209,4223,1465,196,65536,0,0,0,False,False
11476,3575,1203,3831,1459,196,65536,0,0,0,False,False
11477,2390,888,2646,1144,196,65536,0,0,0,False,False
11478,1418,1163,1674,1419,196,65536,0,0,0,False,False
11479,3788,1278,4044,1534,196,65536,0,0,0,False,False
11480,2587,2370,2843,2626,198,65536,0,0,0,False,False
11481,2503,1577,2759,1833,198,65536,0,0,0,False,False
11482,1196,891,1452,1147,198,65536,0,0,0,False,False
11483,3316,1770,3572,2026,198,65536,0,0,0,False,False
11484,2609,1019,2865,1275,198,65536,0,0,0,False,False
11485,2972,1993,3228,2249,198,65536,0,0,0,False,False
11486,2765,2259,3021,2515,198,65536,0,0,0,False,False
11487,1448,1514,1704,1770,198,65536,0,0,0,False,False
11488,2054,1688,2310,1944,198,65536,0,0,0,False,False
11489,3541,1931,3797,2187,198,65536,0,0,0,False,False
11490,3138,1291,3394,1547,198,65536,0,0,0,False,False
11491,2412,2207,2668,2463,198,65536,0,0,0,False,False
11492,2921,1664,3177,1920,198,65536,0,0,0,False,False
11493,3471,1921,3727,2177,198,65536,0,0,0,False,False
11494,2400,1361,2656,1617,198,65536,0,0,0,False,False
11495,1596,2525,1852,2781,198,65536,0,0,0,False,False
11496,2174,1282,2430,1538,198,65536,0,0,0,False,False
11497,2881,1925,3137,2181,198,65536,0,0,0,False,False
11498,3175,1524,3431,1780,198,65536,0,0,0,False,False
11499,1365,836,1621,1092,198,65536,0,0,0,False,False
11500,3627,2270,3883,2526,198,65536,0,0,0,False,False
11501,1903,1177,2159,1433,198,65536,0,0,0,False,False
11502,3992,938,4248,1194,198,65536,0,0,0,False,False
11503,3970,1040,4226,1296,198,65536,0,0,0,False,False
11504,3078,2411,3334,2667,198,65536,0,0,0,False,False
11505,2659,2125,2915,2381,198,65536,0,0,0,False,False
11506,1893,1436,2149,1692,198,65536,0,0,0,False,False
11507,2591,2499,2847,2755,198,65536,0,0,0,False,False
11508,2208,1277,2464,1533,198,65536,0,0,0,False,False
11509,2360,1947,2616,2203,198,65536,0,0,0,False,False
11510,2260,2049,2516,2305,198,65536,0,0,0,False,False
11511,1953,2519,2209,2775,198,65536,0,0,0,False,False
11512,1499,2406,1755,2662,198,65536,0,0,0,False,False
11513,2097,2306,2353,2562,198,65536,0,0,0,False,False
11514,1698,1226,1954,1482,198,65536,0,0,0,False,False
11515,3002,1229,3258,1485,198,65536,0,0,0,False,False
11516,1785,2457,2041,2713,198,65536,0,0,0,False,False
11517,2608,2379,2864,2635,198,65536,0,0,0,False,False
11518,3602,1468,3858,1724,198,65536,0,0,0,False,False
11519,2593,1016,2849,1272,198,65536,0,0,0,False,False
11520,3186,1083,3442,1339,198,65536,0,0,0,False,False
11521,3141,1985,3397,2241,198,65536,0,0,0,False,False
11522,3906,1300,4162,1556,198,65536,0,0,0,False,False
11523,1408,972,1664,1228,198,65536,0,0,0,False,False
11524,3308,969,3564,1225,198,65536,0,0,0,False,False
11525,2325,1310,2581,1566,198,65536,0,0,0,False,False
11526,2965,1282,3221,1538,198,65536,0,0,0,False,False
11527,2382,1408,2638,1664,198,65536,0,0,0,False,False
11528,1502,1177,1758,1433,198,65536,0,0,0,False,False
11529,3028,1600,3284,1856,198,65536,0,0,0,False,False
11530,3929,1982,4185,2238,199,65536,0,0,0,False,False
11531,2056,1158,2312,1414,199,65536,0,0,0,False,False
11532,2412,1899,2668,2155,199,65536,0,0,0,False,False
11533,3536,2069,3792,2325,199,65536,0,0,0,False,False
11534,3538,2057,3794,2313,199,65536,0,0,0,False,True
11535,2278,1377,2534,1633,199,60608,4928,0,0,True,False
11536,3769,2039,4025,2295,199,65536,0,0,0,False,False
11537,2655,1998,2911,2254,199,65536,0,0,0,False,False
11538,3066,958,3322,1214,199,65352,184,0,0,True,False
11539,1973,1788,2229,2044,199,65536,0,0,0,False,False
11540,1201,1927,1457,2183,199,63100,2436,0,0,True,False
11541,3120,995,3376,1251,199,64092,1444,0,0,True,False
11542,1432,1526,1688,1782,199,65536,0,0,0,False,False
11543,1467,1586,1723,1842,199,65536,0,0,0,False,False
11544,1251,1103,1507,1359,199,65536,0,0,0,False,False
11545,1198,1420,1454,1676,199,65536,0,0,0,False,False
11546,2950,2091,3206,2347,199,65536,0,0,0,False,False
11547,1692,1818,1948,2074,199,62852,2684,0,0,True,False
11548,1821,1884,2077,2140,199,65536,0,0,0,False,False
11549,1946,2012,2202,2268,199,65536,0,0,0,False,False
11550,2456,2448,2712,2704,199,65536,0,0,0,False,False
11551,1465,1718,1721,1974,199,60810,4726,0,0,True,False
11552,2599,857,2855,1113,199,65536,0,0,0,False,False
11553,1489,2028,1745,2284,199,65536,0,0,0,False,False
11554,3284,1243,3540,1499,199,65536,0,0,0,False,False
11555,3290,2261,3546,2517,199,65536,0,0,0,False,False
11556,3894,1485,4150,1741,199,65536,0,0,0,False,False
11557,3806,1087,4062,1343,199,65536,0,0,0,False,False
11558,1803,1067,2059,1323,199,65536,0,0,0,False,False
11559,1748,1134,2004,1390,199,65536,0,0,0,False,False
11560,2957,1090,3213,1346,199,60964,4572,0,0,True,False
11561,1223,1569,1479,1825,199,65536,0,0,0,False,False
11562,1936,1729,2192,1985,199,63640,1896,0,0,True,False
11563,3943,1675,4199,1931,199,65536,0,0,0,False,False
11564,2098,1781,2354,2037,199,65536,0,0,0,False,False
11565,2408,1844,2664,2100,199,65536,0,0,0,False,False
11566,1666,2494,1922,2750,199,65536,0,0,0,False,False
11567,3049,1683,3305,1939,199,65536,0,0,0,False,False
11568,2618,1819,2874,2075,199,65536,0,0,0,False,False
11569,2281,930,2537,1186,199,65536,0,0,0,False,False
11570,1714,2270,1970,2526,199,65536,0,0,0,False,False
11571,1162,2018,1418,2274,199,65536,0,0,0,False,False
11572,2112,1913,2368,2169,199,65536,0,0,0,False,False
11573,2112,2054,2368,2310,199,65536,0,0,0,False,False
11574,1750,2253,2006,2509,199,65536,0,0,0,False,False
11575,3182,1607,3438,1863,199,65536,0,0,0,False,False
11576,3758,1377,4014,1633,199,65536,0,0,0,False,False
11577,1126,1519,1382,1775,199,65536,0,0,0,False,False
11578,2851,1152,3107,1408,199,60702,4834,0,0,True,False
11579,1238,1421,1494,1677,199,65536,0,0,0,False,False
11580,1516,2186,1772,2442,236,62692,0,2844,0,False,True
11581,3180,1843,3436,2099,236,64374,0,1162,0,False,True
11582,1267,1784,1523,2040,236,63780,0,1756,0,False,True
11583,2591,1540,2847,1796,236,63660,0,1876,0,False,True
11584,1806,1807,2062,2063,236,62710,0,2826,0,False,True
11585,2957,1111,3213,1367,236,65536,0,0,0,False,False
11586,2528,1242,2784,1498,236,60760,0,4776,0,False,True
11587,1639,1903,1895,2159,236,60957,0,4579,0,False,True
11588,2548,1448,2804,1704,236,63108,0,2428,0,False,True
11589,3325,1489,3581,1745,236,65536,0,0,0,False,False
11590,1313,2506,1569,2762,236,65536,0,0,0,False,False
11591,1884,1919,2140,2175,236,61980,0,3556,0,False,True
11592,1665,2462,1921,2718,236,65536,0,0,0,False,False
11593,1557,1319,1813,1575,236,65536,0,0,0,False,False
11594,1526,1590,1782,1846,236,63596,0,1940,0,False,True
11595,3181,912,3437,1168,236,65536,0,0,0,False,False
11596,2130,2002,2386,2258,236,62872,0,2664,0,False,True
11597,3015,1740,3271,1996,236,63428,0,2108,0,False,True
11598,3376,908,3632,1164,236,65536,0,0,0,False,False
11599,3001,893,3257,1149,236,65536,0,0,0,False,False
11600,3845,1386,4101,1642,236,65536,0,0,0,False,False
11601,2667,1535,2923,1791,236,62428,0,3108,0,False,True
11602,3492,833,3748,1089,236,65536,0,0,0,False,False
11603,2506,1362,2762,1618,236,61212,0,4324,0,False,True
11604,3624,1588,3880,1844,236,65536,0,0,0,False,False
11605,3832,1708,4088,1964,236,65536,0,0,0,False,False
11606,1473,1115,1729,1371,236,65536,0,0,0,False,False
11607,1825,1921,2081,2177,236,61087,0,4449,0,False,True
11608,2377,2300,2633,2556,236,63536,0,2000,0,False,True
11609,1855,1401,2111,1657,236,65536,0,0,0,False,False
11610,1554,1780,1810,2036,236,60816,0,4720,0,False,True
11611,1269,1067,1525,1323,236,65536,0,0,0,False,False
11612,1887,2526,2143,2782,236,65536,0,0,0,False,False
11613,3821,1589,4077,1845,236,65536,0,0,0,False,False
11614,3048,1914,3304,2170,236,62092,0,3444,0,False,True
11615,2507,2423,2763,2679,236,65536,0,0,0,False,False
11616,1583,2328,1839,2584,236,65112,0,424,0,False,True
11617,4000,1125,4256,1381,236,65536,0,0,0,False,False
11618,1344,1725,1600,1981,236,61876,0,3660,0,False,True
11619,3453,1638,3709,1894,236,65536,0,0,0,False,False
11620,1600,1685,1856,1941,236,62598,0,2938,0,False,True
11621,1444,2348,1700,2604,236,65536,0,0,0,False,False
11622,3498,2427,3754,2683,236,65536,0,0,0,False,False
11623,2536,1094,2792,1350,236,64192,0,1344,0,False,True
11624,1397,1448,1653,1704,236,65536,0,0,0,False,False
11625,3235,2421,3491,2677,236,65536,0,0,0,False,True
11626,3301,1695,3557,1951,236,65536,0,0,0,False,False
11627,3946,1817,4202,2073,236,65536,0,0,0,False,False
11628,1668,1825,1924,2081,236,61004,0,4532,0,False,True
11629,3993,1004,4249,1260,236,65536,0,0,0,False,False
11630,2791,1901,3047,2157,237,65536,0,0,0,False,False
11631,1339,2457,1595,2713,237,65536,0,0,0,False,False
11632,3784,2412,4040,2668,237,65536,0,0,0,False,False
11633,1243,2132,1499,2388,237,65536,0,0,0,False,False
11634,1962,2238,2218,2494,237,63200,0,2336,0,False,False
11635,1224,1109,1480,1365,237,65536,0,0,0,False,False
11636,3572,2224,3828,2480,237,65536,0,0,0,False,False
11637,1987,1822,2243,2078,237,65536,0,0,0,False,False
11638,2503,1194,2759,1450,237,61768,3768,0,0,True,False
11639,2075,2165,2331,2421,237,63784,0,1752,0,False,True
11640,2568,1402,2824,1658,237,63640,1896,0,0,True,False
11641,2980,1208,3236,1464,237,63844,1692,0,0,True,False
11642,2430,1643,2686,1899,237,65536,0,0,0,False,False
11643,3981,1699,4237,1955,237,65536,0,0,0,False,False
11644,2566,2172,2822,2428,237,64088,0,1448,0,False,True
11645,1443,1858,1699,2114,237,61320,4216,0,0,True,False
11646,3903,1611,4159,1867,237,65536,0,0,0,False,False
11647,3344,1328,3600,1584,237,65536,0,0,0,False,False
11648,2328,1560,2584,1816,237,65508,28,0,0,True,False
11649,1418,2437,1674,2693,237,65536,0,0,0,False,False
11650,2454,1679,2710,1935,237,65536,0,0,0,False,False
11651,1144,955,1400,1211,237,65536,0,0,0,False,False
11652,3859,1467,4115,1723,237,65536,0,0,0,False,False
11653,2145,2184,2401,2440,237,64432,0,1104,0,False,True
11654,3197,2412,3453,2668,237,65536,0,0,0,False,False
11655,3644,1301,3900,1557,237,65536,0,0,0,False,False
11656,2744,1127,3000,1383,237,60620,4916,0,0,True,False
11657,1883,2427,2139,2683,237,65536,0,0,0,False,False
11658,3296,1851,3552,2107,237,65536,0,0,0,False,False
11659,1994,2427,2250,2683,237,65536,0,0,0,False,False
11660,3940,974,4196,1230,237,65536,0,0,0,False,False
11661,1824,2191,2080,2447,237,63760,0,1776,0,False,True
11662,2185,2280,2441,2536,237,64792,0,744,0,False,True
11663,2479,1884,2735,2140,237,65536,0,0,0,False,False
11664,3464,1178,3720,1434,237,65536,0,0,0,False,False
11665,1212,1827,1468,2083,237,63712,1824,0,0,True,False
11666,2420,1310,2676,1566,237,60604,4932,0,0,True,False
11667,2737,1582,2993,1838,237,65536,0,0,0,False,False
11668,1660,1415,1916,1671,237,65536,0,0,0,False,False
11669,2988,2467,3244,2723,237,65536,0,0,0,False,False
11670,2145,1987,2401,2243,237,65536,0,0,0,False,False
11671,2761,1270,3017,1526,237,62004,3532,0,0,True,False
11672,3751,1858,4007,2114,237,65536,0,0,0,False,False
11673,2714,1532,2970,1788,237,65536,0,0,0,False,False
11674,3539,2313,3795,2569,237,65536,0,0,0,False,False
11675,1715,2333,1971,2589,237,64918,0,618,0,False,True
11676,2080,953,2336,1209,237,65536,0,0,0,False,False
11677,2942,2030,3198,2286,237,65536,0,0,0,False,False
11678,1122,1921,1378,2177,237,65308,228,0,0,True,False
11679,3641,1382,3897,1638,237,65536,0,0,0,False,False
11680,2090,1167,2346,1423,239,65536,0,0,0,False,False
11681,2862,2373,3118,2629,239,65536,0,0,0,False,False
11682,3120,1047,3376,1303,239,65536,0,0,0,False,False
11683,1370,1129,1626,1385,239,65536,0,0,0,False,False
11684,3745,1983,4001,2239,239,65536,0,0,0,False,False
11685,3006,888,3262,1144,239,65536,0,0,0,False,False
11686,1281,2240,1537,2496,239,65536,0,0,0,False,False
11687,3748,1116,4004,1372,239,65536,0,0,0,False,False
11688,3565,1186,3821,1442,239,65536,0,0,0,False,False
11689,3727,2240,3983,2496,239,65536,0,0,0,False,False
11690,3981,895,4237,1151,239,65536,0,0,0,False,False
11691,2752,1317,3008,1573,239,65536,0,0,0,False,False
11692,1705,1046,1961,1302,239,65536,0,0,0,False,False
11693,3079,1657,3335,1913,239,65536,0,0,0,False,False
11694,1652,2507,1908,2763,239,65536,0,0,0,False,False
11695,2544,869,2800,1125,239,65536,0,0,0,False,False
11696,3666,1762,3922,2018,239,65536,0,0,0,False,False
11697,1279,1927,1535,2183,239,65536,0,0,0,False,False
11698,1903,2415,2159,2671,239,65536,0,0,0,False,False
11699,3417,2013,3673,2269,239,65536,0,0,0,False,False
11700,2530,970,2786,1226,239,65536,0,0,0,False,False
11701,2575,1421,2831,1677,239,65536,0,0,0,False,False
11702,3044,2245,3300,2501,239,65536,0,0,0,False,False
11703,3892,1816,4148,2072,239,65536,0,0,0,False,False
11704,1360,1689,1616,1945,239,65536,0,0,0,False,False
11705,1268,1736,1524,1992,239,65536,0,0,0,False,False
11706,1488,1383,1744,1639,239,65536,0,0,0,False,False
11707,1145,989,1401,1245,239,65536,0,0,0,False,False
11708,1636,1132,1892,1388,239,65536,0,0,0,False,False
11709,2318,1480,2574,1736,239,65536,0,0,0,False,False
11710,3376,2066,3632,2322,239,65536,0,0,0,False,False
11711,2391,1265,2647,1521,239,65536,0,0,0,False,False
11712,3645,856,3901,1112,239,65536,0,0,0,False,False
11713,3867,2031,4123,2287,239,65536,0,0,0,False,False
11714,1831,1552,2087,1808,239,65536,0,0,0,False,False
11715,3121,1009,3377,1265,239,65536,0,0,0,False,False
11716,1482,1025,1738,1281,239,65536,0,0,0,False,False
11717,3581,2487,3837,2743,239,65536,0,0,0,False,False
11718,3985,2329,4241,2585,239,65536,0,0,0,False,False
11719,3290,1241,3546,1497,239,65536,0,0,0,False,False
11720,3592,2126,3848,2382,239,65536,0,0,0,False,False
11721,3703,2286,3959,2542,239,65536,0,0,0,False,False
11722,1608,2312,1864,2568,239,65536,0,0,0,False,False
11723,3785,1201,4041,1457,239,65536,0,0,0,False,False
11724,3783,1143,4039,1399,239,65536,0,0,0,False,False
11725,2992,1045,3248,1301,239,65536,0,0,0,False,False
11726,2848,1398,3104,1654,239,65536,0,0,0,False,False
11727,1784,1470,2040,1726,239,65536,0,0,0,False,False
11728,2152,2267,2408,2523,239,65536,0,0,0,False,False
11729,3989,1466,4245,1722,239,65536,0,0,0,False,False
11730,2396,1710,2652,1966,241,65536,0,0,0,False,False
11731,2272,2189,2528,2445,241,65536,0,0,0,False,False
11732,3402,2036,3658,2292,241,65536,0,0,0,False,False
11733,1248,2241,1504,2497,241,65536,0,0,0,False,False
11734,2279,863,2535,1119,241,65536,0,0,0,False,False
11735,3055,1127,3311,1383,241,65536,0,0,0,False,False
11736,2459,1640,2715,1896,241,65536,0,0,0,False,False
11737,3288,2456,3544,2712,241,65536,0,0,0,False,False
11738,2850,875,3106,1131,241,65536,0,0,0,False,False
11739,3147,1219,3403,1475,241,65536,0,0,0,False,False
11740,1637,2283,1893,2539,241,65536,0,0,0,False,False
11741,1276,1203,1532,1459,241,65536,0,0,0,False,False
11742,2690,2460,2946,2716,241,65536,0,0,0,False,False
11743,1281,1867,1537,2123,241,65536,0,0,0,False,False
11744,2995,2141,3251,2397,241,65536,0,0,0,False,False
11745,1776,902,2032,1158,241,65536,0,0,0,False,False
11746,1122,891,1378,1147,241,65536,0,0,0,False,False
11747,3426,1102,3682,1358,241,65536,0,0,0,False,False
11748,1289,2421,1545,2677,241,65536,0,0,0,False,False
11749,3357,2425,3613,2681,241,65536,0,0,0,False,False
11750,3216,2345,3472,2601,241,65536,0,0,0,False,False
11751,1858,2367,2114,2623,241,65536,0,0,0,False,False
11752,1988,2221,2244,2477,241,65536,0,0,0,False,False
11753,1335,2081,1591,2337,241,65536,0,0,0,False,False
11754,3665,1051,3921,1307,241,65536,0,0,0,False,False
11755,3803,2115,4059,2371,241,65536,0,0,0,False,False
11756,2676,2061,2932,2317,241,65536,0,0,0,False,False
11757,1316,2279,1572,2535,241,65536,0,0,0,False,False
11758,3396,2441,3652,2697,241,65536,0,0,0,False,False
11759,1189,1150,1445,1406,241,65536,0,0,0,False,False
11760,1690,2330,1946,2586,241,65536,0,0,0,False,False
11761,2655,2301,2911,2557,241,65536,0,0,0,False,False
11762,3656,1019,3912,1275,241,65536,0,0,0,False,False
11763,2304,2050,2560,2306,241,65536,0,0,0,False,False
11764,3643,1183,3899,1439,241,65536,0,0,0,False,False
11765,2551,1681,2807,1937,241,65536,0,0,0,False,False
11766,1693,1721,1949,1977,241,65536,0,0,0,False,False
11767,1915,1907,2171,2163,241,65536,0,0,0,False,False
11768,2040,1366,2296,1622,241,65536,0,0,0,False,False
11769,2965,1478,3221,1734,241,65536,0,0,0,False,False
11770,1769,2479,2025,2735,241,65536,0,0,0,False,False
11771,3874,1133,4130,1389,241,65536,0,0,0,False,False
11772,1938,933,2194,1189,241,65536,0,0,0,False,False
11773,2956,890,3212,1146,241,65536,0,0,0,False,False
11774,2682,1460,2938,1716,241,65536,0,0,0,False,False
11775,2720,2427,2976,2683,241,65536,0,0,0,False,False
11776,2888,2527,3144,2783,241,65536,0,0,0,False,True
11777,2262,2346,2518,2602,241,65536,0,0,0,False,False
11778,3180,1870,3436,2126,241,65536,0,0,0,False,False
11779,2290,2162,2546,2418,241,65536,0,0,0,False,False
11780,1639,1099,1895,1355,243,65536,0,0,0,False,False
11781,1229,1016,1485,1272,243,65536,0,0,0,False,False
11782,1493,1722,1749,1978,243,65536,0,0,0,False,False
11783,1802,2434,2058,2690,243,65536,0,0,0,False,False
11784,1753,1739,2009,1995,243,65536,0,0,0,False,False
11785,2220,1783,2476,2039,243,65536,0,0,0,False,False
11786,3484,1048,3740,1304,243,65536,0,0,0,False,False
11787,2415,1611,2671,1867,243,65536,0,0,0,False,False
11788,1658,1444,1914,1700,243,65536,0,0,0,False,False
11789,2115,2303,2371,2559,243,65536,0,0,0,False,False
11790,2562,1956,2818,2212,243,65536,0,0,0,False,False
11791,3142,1622,3398,1878,243,65536,0,0,0,False,False
11792,2295,2479,2551,2735,243,65536,0,0,0,False,False
11793,3097,1283,3353,1539,243,65536,0,0,0,False,False
11794,1349,1156,1605,1412,243,65536,0,0,0,False,False
11795,2524,1024,2780,1280,243,65536,0,0,0,False,False
11796,3812,1468,4068,1724,243,65536,0,0,0,False,False
11797,1346,1216,1602,1472,243,65536,0,0,0,False,False
11798,2355,1629,2611,1885,243,65536,0,0,0,False,False
11799,2156,912,2412,1168,243,65536,0,0,0,False,False
11800,2184,1709,2440,1965,243,65536,0,0,0,False,False
11801,3592,874,3848,1130,243,65536,0,0,0,False,False
11802,3590,1646,3846,1902,243,65536,0,0,0,False,False
11803,1556,1624,1812,1880,243,65536,0,0,0,False,False
11804,2804,924,3060,1180,243,65536,0,0,0,False,False
11805,2047,2347,2303,2603,243,65536,0,0,0,False,False
11806,3083,2393,3339,2649,243,65536,0,0,0,False,False
11807,3271,860,3527,1116,243,65536,0,0,0,False,False
11808,1867,1594,2123,1850,243,65536,0,0,0,False,False
11809,1777,1537,2033,1793,243,65536,0,0,0,False,False
11810,3506,1136,3762,1392,243,65536,0,0,0,False,False
11811,2347,1528,2603,1784,243,65536,0,0,0,False,False
11812,2418,2090,2674,2346,243,65536,0,0,0,False,False
11813,1876,948,2132,1204,243,65536,0,0,0,False,False
11814,1535,2265,1791,2521,243,65536,0,0,0,False,False
11815,1690,2184,1946,2440,243,65536,0,0,0,False,False
11816,1296,2186,1552,2442,243,65536,0,0,0,False,False
11817,1635,1769,1891,2025,243,65536,0,0,0,False,False
11818,2385,1816,2641,2072,243,65536,0,0,0,False,False
11819,3671,856,3927,1112,243,65536,0,0,0,False,False
11820,2717,1602,2973,1858,243,65536,0,0,0,False,False
11821,3771,2165,4027,2421,243,65536,0,0,0,False,False
11822,3396,1254,3652,1510,243,65536,0,0,0,False,False
11823,1919,2284,2175,2540,243,65536,0,0,0,False,False
11824,3617,1690,3873,1946,243,65536,0,0,0,False,False
11825,1688,879,1944,1135,243,65536,0,0,0,False,False
11826,2937,2489,3193,2745,243,65536,0,0,0,False,False
11827,3463,1067,3719,1323,243,65536,0,0,0,False,False
11828,3871,2182,4127,2438,243,65536,0,0,0,False,False
11829,3309,1100,3565,1356,243,65536,0,0,0,False,False
11830,3508,1669,3764,1925,247,65536,0,0,0,False,False
11831,2053,2360,2309,2616,247,65536,0,0,0,False,False
11832,2764,2523,3020,2779,247,65536,0,0,0,False,False
11833,2702,1798,2958,2054,247,65536,0,0,0,False,True
11834,2588,1075,2844,1331,247,65536,0,0,0,False,False
11835,3683,1965,3939,2221,247,65536,0,0,0,False,False
11836,1507,1017,1763,1273,247,65536,0,0,0,False,False
11837,1820,1730,2076,1986,247,65536,0,0,0,False,False
11838,1579,2430,1835,2686,247,65536,0,0,0,False,False
11839,2444,2318,2700,2574,247,65536,0,0,0,False,False
11840,2840,1250,3096,1506,247,65536,0,0,0,False,False
11841,2338,857,2594,1113,247,65536,0,0,0,False,False
11842,3308,1016,3564,1272,247,65536,0,0,0,False,False
11843,2851,1777,3107,2033,247,65536,0,0,0,False,False
11844,1398,1875,1654,2131,247,65536,0,0,0,False,False
11845,3632,2401,3888,2657,247,65536,0,0,0,False,False
11846,2709,1086,2965,1342,247,65536,0,0,0,False,False
11847,1325,1831,1581,2087,247,65536,0,0,0,False,False
11848,2921,1018,3177,1274,247,65536,0,0,0,False,False
11849,3483,1159,3739,1415,247,65536,0,0,0,False,False
11850,3606,1916,3862,2172,247,65536,0,0,0,False,False
11851,3298,1807,3554,2063,247,65536,0,0,0,False,False
11852,2535,1356,2791,1612,247,65536,0,0,0,False,False
11853,2679,2054,2935,2310,247,65536,0,0,0,False,False
11854,2457,1736,2713,1992,247,65536,0,0,0,False,False
11855,3410,1384,3666,1640,247,65536,0,0,0,False,False
11856,1330,2456,1586,2712,247,65536,0,0,0,False,False
11857,3988,936,4244,1192,247,65536,0,0,0,False,False
11858,3359,1783,3615,2039,247,65536,0,0,0,False,False
11859,1765,1069,2021,1325,247,65536,0,0,0,False,False
11860,2735,1948,2991,2204,247,65536,0,0,0,False,False
11861,3171,1125,3427,1381,247,65536,0,0,0,False,False
11862,1211,1448,1467,1704,247,65536,0,0,0,False,False
11863,3667,1229,3923,1485,247,65536,0,0,0,False,False
11864,2518,2001,2774,2257,247,65536,0,0,0,False,False
11865,1738,1067,1994,1323,247,65536,0,0,0,False,False
11866,3023,2071,3279,2327,247,65536,0,0,0,False,True
11867,1573,2040,1829,2296,247,65536,0,0,0,False,False
11868,1329,849,1585,1105,247,65536,0,0,0,False,False
11869,3300,927,3556,1183,247,65536,0,0,0,False,False
11870,1494,848,1750,1104,247,65536,0,0,0,False,False
11871,2439,2443,2695,2699,247,65536,0,0,0,False,False
11872,1333,2013,1589,2269,247,65536,0,0,0,False,False
11873,3779,1539,4035,1795,247,65536,0,0,0,False,False
11874,3943,1767,4199,2023,247,65536,0,0,0,False,False
11875,1271,2240,1527,2496,247,65536,0,0,0,False,False
11876,3002,1866,3258,2122,247,65536,0,0,0,False,False
11877,1385,1270,1641,1526,247,65536,0,0,0,False,False
11878,2656,1282,2912,1538,247,65536,0,0,0,False,False
11879,2832,2049,3088,2305,247,65536,0,0,0,False,False
11880,1128,1829,1384,2085,260,65536,0,0,0,False,False
11881,2312,1741,2568,1997,260,65536,0,0,0,False,False
11882,2998,2231,3254,2487,260,65536,0,0,0,False,False
11883,3468,1323,3724,1579,260,65536,0,0,0,False,True
11884,1919,1701,2175,1957,260,65536,0,0,0,False,False
11885,3975,1765,4231,2021,260,65536,0,0,0,False,False
11886,3693,2226,3949,2482,260,65536,0,0,0,False,False
11887,3964,1861,4220,2117,260,65536,0,0,0,False,False
11888,3420,2351,3676,2607,260,65536,0,0,0,False,False
11889,2741,1411,2997,1667,260,65536,0,0,0,False,False
11890,2103,2358,2359,2614,260,65536,0,0,0,False,False
11891,3432,1862,3688,2118,260,65536,0,0,0,False,False
11892,1191,982,1447,1238,260,65536,0,0,0,False,False
11893,3087,1651,3343,1907,260,65536,0,0,0,False,False
11894,1251,1651,1507,1907,260,65536,0,0,0,False,False
11895,3276,2110,3532,2366,260,65536,0,0,0,False,False
11896,2590,1840,2846,2096,260,65536,0,0,0,False,False
11897,2142,1641,2398,1897,260,65536,0,0,0,False,False
11898,2314,1167,2570,1423,260,65536,0,0,0,False,False
11899,3222,878,3478,1134,260,65536,0,0,0,False,False
11900,3334,1467,3590,1723,260,65536,0,0,0,False,False
11901,1662,1288,1918,1544,260,65536,0,0,0,False,False
11902,3989,1381,4245,1637,260,65536,0,0,0,False,False
11903,3570,2285,3826,2541,260,65536,0,0,0,False,False
11904,1994,1924,2250,2180,260,65536,0,0,0,False,False
11905,1413,896,1669,1152,260,65536,0,0,0,False,False
11906,1828,1511,2084,1767,260,65536,0,0,0,False,False
11907,2416,2386,2672,2642,260,65536,0,0,0,False,False
11908,2818,1691,3074,1947,260,65536,0,0,0,False,False
11909,2899,1045,3155,1301,260,65536,0,0,0,False,False
11910,3354,939,3610,1195,260,65536,0,0,0,False,False
11911,1784,1434,2040,1690,260,65536,0,0,0,False,False
11912,3013,1866,3269,2122,260,65536,0,0,0,False,False
11913,1481,2148,1737,2404,260,65536,0,0,0,False,False
11914,2431,1774,2687,2030,260,65536,0,0,0,False,False
11915,3702,2085,3958,2341,260,65536,0,0,0,False,False
11916,3805,1081,4061,1337,260,65536,0,0,0,False,False
11917,1910,1668,2166,1924,260,65536,0,0,0,False,False
11918,3552,2229,3808,2485,260,65536,0,0,0,False,False
11919,1769,2334,2025,2590,260,65536,0,0,0,False,False
11920,1913,983,2169,1239,260,65536,0,0,0,False,False
11921,2427,1010,2683,1266,260,65536,0,0,0,False,False
11922,3829,2154,4085,2410,260,65536,0,0,0,False,False
11923,1819,940,2075,1196,260,65536,0,0,0,False,False
11924,3093,2193,3349,2449,260,65536,0,0,0,False,False
11925,3270,2113,3526,2369,260,65536,0,0,0,False,False
11926,1536,1372,1792,1628,260,65536,0,0,0,False,False
11927,1152,842,1408,1098,260,65536,0,0,0,False,False
11928,2645,2129,2901,2385,260,65536,0,0,0,False,False
11929,2502,1621,2758,1877,260,65536,0,0,0,False,True
11930,3146,2419,3402,2675,261,65536,0,0,0,False,False
11931,3333,2114,3589,2370,261,65536,0,0,0,False,False
11932,1386,2092,1642,2348,261,65536,0,0,0,False,False
11933,3750,2440,4006,2696,261,65536,0,0,0,False,False
11934,3467,1111,3723,1367,261,65536,0,0,0,False,False
11935,3805,926,4061,1182,261,65536,0,0,0,False,False
11936,3141,1021,3397,1277,261,65536,0,0,0,False,False
11937,3305,2471,3561,2727,261,65536,0,0,0,False,False
11938,2419,1385,2675,1641,261,63492,872,1172,0,True,False
11939,3362,1912,3618,2168,261,65536,0,0,0,False,False
11940,2441,1042,2697,1298,261,64204,0,1332,0,False,True
11941,1237,2252,1493,2508,261,65536,0,0,0,False,False
11942,1955,1175,2211,1431,261,65379,157,0,0,True,False
11943,2435,1679,2691,1935,261,62784,0,2752,0,False,False
11944,3280,2306,3536,2562,261,65536,0,0,0,False,False
11945,1358,1789,1614,2045,261,65536,0,0,0,False,False
11946,3699,2129,3955,2385,261,65536,0,0,0,False,False
11947,2150,1599,2406,1855,261,60646,0,4890,0,False,True
11948,1589,1495,1845,1751,261,65536,0,0,0,False,False
11949,3117,1176,3373,1432,261,65536,0,0,0,False,False
11950,3149,2016,3405,2272,261,65536,0,0,0,False,False
11951,3306,2105,3562,2361,261,65536,0,0,0,False,False
11952,1942,1213,2198,1469,261,63294,2242,0,0,True,False
11953,2715,2082,2971,2338,261,65536,0,0,0,False,False
11954,1208,2479,1464,2735,261,65536,0,0,0,False,False
11955,1175,2482,1431,2738,261,65536,0,0,0,False,False
11956,2631,2393,2887,2649,261,65536,0,0,0,False,False
11957,2977,1755,3233,2011,261,65536,0,0,0,False,False
11958,1655,1260,1911,1516,261,64414,1122,0,0,True,False
11959,1536,1787,1792,2043,261,65536,0,0,0,False,False
11960,2085,1166,2341,1422,261,65536,0,0,0,False,True
11961,1302,1629,1558,1885,261,65536,0,0,0,False,False
11962,2777,1113,3033,1369,261,65536,0,0,0,False,False
11963,3685,1106,3941,1362,261,65536,0,0,0,False,False
11964,1989,2358,2245,2614,261,65536,0,0,0,False,False
11965,1765,1321,2021,1577,261,63408,2128,0,0,True,False
11966,3719,1150,3975,1406,261,65536,0,0,0,False,False
11967,1266,854,1522,1110,261,65536,0,0,0,False,False
11968,3880,907,4136,1163,261,65536,0,0,0,False,False
11969,1832,1959,2088,2215,261,62466,0,3070,0,False,True
11970,2245,1240,2501,1496,261,63108,258,2170,0,True,False
11971,1727,1035,1983,1291,261,65536,0,0,0,False,False
11972,2352,1020,2608,1276,261,64480,0,1056,0,False,True
11973,3113,1676,3369,1932,261,65536,0,0,0,False,False
11974,3920,2152,4176,2408,261,65536,0,0,0,False,False
11975,1649,1779,1905,2035,261,65536,0,0,0,False,False
11976,3579,1671,3835,1927,261,65536,0,0,0,False,False
11977,1508,1931,1764,2187,261,65536,0,0,0,False,False
11978,3608,2223,3864,2479,261,65536,0,0,0,False,False
11979,3679,1209,3935,1465,261,65536,0,0,0,False,False
11980,3597,1351,3853,1607,263,65536,0,0,0,False,False
11981,1236,2196,1492,2452,263,65536,0,0,0,False,False
11982,1953,2431,2209,2687,263,65536,0,0,0,False,False
11983,1946,1645,2202,1901,263,65536,0,0,0,False,False
11984,1586,1911,1842,2167,263,65536,0,0,0,False,False
11985,3953,1250,4209,1506,263,65536,0,0,0,False,False
11986,1854,1493,2110,1749,263,65536,0,0,0,False,False
11987,3493,1621,3749,1877,263,65536,0,0,0,False,False
11988,2432,1326,2688,1582,263,65536,0,0,0,False,False
11989,3379,1947,3635,2203,263,65536,0,0,0,False,False
11990,3810,1593,4066,1849,263,65536,0,0,0,False,False
11991,1326,1542,1582,1798,263,65536,0,0,0,False,False
11992,2855,1733,3111,1989,263,65536,0,0,0,False,False
11993,1698,972,1954,1228,263,65536,0,0,0,False,False
11994,3318,1443,3574,1699,263,65536,0,0,0,False,False
11995,2023,1677,2279,1933,263,65536,0,0,0,False,False
11996,2280,1898,2536,2154,263,65536,0,0,0,False,False
11997,3280,2456,3536,2712,263,65536,0,0,0,False,False
11998,3423,2215,3679,2471,263,65536,0,0,0,False,True
11999,2112,1179,2368,1435,263,65536,0,0,0,False,False
12000,1762,2031,2018,2287,263,65536,0,0,0,False,False
12001,2813,1432,3069,1688,263,65536,0,0,0,False,False
12002,3916,2202,4172,2458,263,65536,0,0,0,False,False
12003,2079,1768,2335,2024,263,65536,0,0,0,False,False
12004,2636,1873,2892,2129,263,65536,0,0,0,False,False
12005,2155,1298,2411,1554,263,65536,0,0,0,False,False
12006,1395,1093,1651,1349,263,65536,0,0,0,False,False
12007,2896,1742,3152,1998,263,65536,0,0,0,False,False
12008,1637,1139,1893,1395,263,65536,0,0,0,False,False
12009,1642,1458,1898,1714,263,65536,0,0,0,False,False
12010,3311,1686,3567,1942,263,65536,0,0,0,False,False
12011,2270,949,2526,1205,263,65536,0,0,0,False,False
12012,2301,2221,2557,2477,263,65536,0,0,0,False,False
12013,1866,1339,2122,1595,263,65536,0,0,0,False,False
12014,1191,1438,1447,1694,263,65536,0,0,0,False,False
12015,2689,2039,2945,2295,263,65536,0,0,0,False,True
12016,3991,1127,4247,1383,263,65536,0,0,0,False,False
12017,3140,1019,3396,1275,263,65536,0,0,0,False,False
12018,1787,1698,2043,1954,263,65536,0,0,0,False,False
12019,3903,2056,4159,2312,263,65536,0,0,0,False,False
12020,3398,1967,3654,2223,263,65536,0,0,0,False,False
12021,1763,1986,2019,2242,263,65536,0,0,0,False,False
12022,3830,1763,4086,2019,263,65536,0,0,0,False,False
12023,2395,911,2651,1167,263,65536,0,0,0,False,False
12024,2057,1601,2313,1857,263,65536,0,0,0,False,False
12025,1570,1025,1826,1281,263,65536,0,0,0,False,False
12026,1400,2401,1656,2657,263,65536,0,0,0,False,False
12027,3806,2007,4062,2263,263,65536,0,0,0,False,False
12028,1138,2310,1394,2566,263,65536,0,0,0,False,False
12029,1341,1821,1597,2077,263,65536,0,0,0,False,False
12030,1123,1092,1379,1348,266,65536,0,0,0,False,False
12031,3068,1789,3324,2045,266,65536,0,0,0,False,False
12032,2453,1165,2709,1421,266,65536,0,0,0,False,False
12033,1995,2403,2251,2659,266,65536,0,0,0,False,False
12034,3517,1653,3773,1909,266,65536,0,0,0,False,False
12035,2626,1400,2882,1656,266,65536,0,0,0,False,False
12036,2633,1106,2889,1362,266,65536,0,0,0,False,False
12037,1361,1186,1617,1442,266,65536,0,0,0,False,False
12038,1627,1865,1883,2121,266,65536,0,0,0,False,False
12039,3203,1642,3459,1898,266,65536,0,0,0,False,False
12040,3996,1913,4252,2169,266,65536,0,0,0,False,False
12041,2379,1668,2635,1924,266,65536,0,0,0,False,False
12042,2072,1075,2328,1331,266,65536,0,0,0,False,False
12043,2846,1266,3102,1522,266,65536,0,0,0,False,False
12044,1495,1408,1751,1664,266,65536,0,0,0,False,False
12045,1235,1018,1491,1274,266,65536,0,0,0,False,False
12046,1862,1748,2118,2004,266,65536,0,0,0,False,False
12047,2807,2014,3063,2270,266,65536,0,0,0,False,False
12048,1283,1321,1539,1577,266,65536,0,0,0,False,False
12049,1650,1154,1906,1410,266,65536,0,0,0,False,False
12050,2643,1439,2899,1695,266,65536,0,0,0,False,False
12051,3888,1910,4144,2166,266,65536,0,0,0,False,False
12052,1378,2354,1634,2610,266,65536,0,0,0,False,False
12053,3733,2100,3989,2356,266,65536,0,0,0,False,False
12054,3272,2268,3528,2524,266,65536,0,0,0,False,False
12055,2652,2357,2908,2613,266,65536,0,0,0,False,False
12056,3879,1591,4135,1847,266,65536,0,0,0,False,False
12057,3699,2000,3955,2256,266,65536,0,0,0,False,False
12058,2768,906,3024,1162,266,65536,0,0,0,False,False
12059,2814,1242,3070,1498,266,65536,0,0,0,False,False
12060,3795,2206,4051,2462,266,65536,0,0,0,False,False
12061,3714,1713,3970,1969,266,65536,0,0,0,False,False
12062,3340,1918,3596,2174,266,65536,0,0,0,False,False
12063,3522,1504,3778,1760,266,65536,0,0,0,False,False
12064,2675,1316,2931,1572,266,65536,0,0,0,False,False
12065,3723,2008,3979,2264,266,65536,0,0,0,False,False
12066,1371,2341,1627,2597,266,65536,0,0,0,False,False
12067,2426,943,2682,1199,266,65536,0,0,0,False,False
12068,1403,1586,1659,1842,266,65536,0,0,0,False,False
12069,1207,2382,1463,2638,266,65536,0,0,0,False,False
12070,3091,2369,3347,2625,266,65536,0,0,0,False,False
12071,2031,927,2287,1183,266,65536,0,0,0,False,False
12072,1129,1413,1385,1669,266,65536,0,0,0,False,False
12073,3149,1370,3405,1626,266,65536,0,0,0,False,False
12074,2569,2025,2825,2281,266,65536,0,0,0,False,False
12075,1682,910,1938,1166,266,65536,0,0,0,False,False
12076,1389,1385,1645,1641,266,65536,0,0,0,False,False
12077,2291,2408,2547,2664,266,65536,0,0,0,False,False
12078,2304,1917,2560,2173,266,65536,0,0,0,False,False
12079,2998,1105,3254,1361,266,65536,0,0,0,False,False
12080,3559,1225,3815,1481,282,65536,0,0,0,False,False
12081,3153,1992,3409,2248,282,65536,0,0,0,False,False
12082,3393,2001,3649,2257,282,65536,0,0,0,False,False
12083,2019,1400,2275,1656,282,65536,0,0,0,False,False
12084,3463,1718,3719,1974,282,65536,0,0,0,False,False
12085,2405,2180,2661,2436,282,65536,0,0,0,False,False
12086,1642,1266,1898,1522,282,65536,0,0,0,False,False
12087,2696,1690,2952,1946,282,65536,0,0,0,False,False
12088,1447,1663,1703,1919,282,65536,0,0,0,False,False
12089,3243,1892,3499,2148,282,65536,0,0,0,False,False
12090,3219,1217,3475,1473,282,65536,0,0,0,False,False
12091,2955,1747,3211,2003,282,65536,0,0,0,False,False
12092,3050,1559,3306,1815,282,65536,0,0,0,False,False
12093,3020,1664,3276,1920,282,65536,0,0,0,False,False
12094,1534,1740,1790,1996,282,65536,0,0,0,False,False
12095,3142,1857,3398,2113,282,65536,0,0,0,False,False
12096,2992,862,3248,1118,282,65536,0,0,0,False,False
12097,1929,1804,2185,2060,282,65536,0,0,0,False,False
12098,2966,2043,3222,2299,282,65536,0,0,0,False,False
12099,2330,1245,2586,1501,282,65536,0,0,0,False,True
12100,3100,2432,3356,2688,282,65536,0,0,0,False,False
12101,2524,865,2780,1121,282,65536,0,0,0,False,False
12102,3840,1524,4096,1780,282,65536,0,0,0,False,False
12103,2150,1702,2406,1958,282,65536,0,0,0,False,False
12104,3110,1682,3366,1938,282,65536,0,0,0,False,False
12105,1166,1611,1422,1867,282,65536,0,0,0,False,False
12106,3358,2026,3614,2282,282,65536,0,0,0,False,False
12107,1512,927,1768,1183,282,65536,0,0,0,False,False
12108,3622,1060,3878,1316,282,65536,0,0,0,False,False
12109,3692,914,3948,1170,282,65536,0,0,0,False,False
12110,3759,2269,4015,2525,282,65536,0,0,0,False,False
12111,2232,1440,2488,1696,282,65536,0,0,0,False,False
12112,1668,1882,1924,2138,282,65536,0,0,0,False,False
12113,2232,1801,2488,2057,282,65536,0,0,0,False,False
12114,1381,2199,1637,2455,282,65536,0,0,0,False,False
12115,1144,2348,1400,2604,282,65536,0,0,0,False,False
12116,2891,2210,3147,2466,282,65536,0,0,0,False,False
12117,1466,1639,1722,1895,282,65536,0,0,0,False,False
12118,3518,2195,3774,2451,282,65536,0,0,0,False,False
12119,3502,913,3758,1169,282,65536,0,0,0,False,False
12120,3744,1777,4000,2033,282,65536,0,0,0,False,False
12121,2077,2483,2333,2739,282,65536,0,0,0,False,False
12122,2834,2231,3090,2487,282,65536,0,0,0,False,False
12123,3694,932,3950,1188,282,65536,0,0,0,False,False
12124,3291,1279,3547,1535,282,65536,0,0,0,False,False
12125,1716,2276,1972,2532,282,65536,0,0,0,False,False
12126,2128,1595,2384,1851,282,65536,0,0,0,False,False
12127,3822,2357,4078,2613,282,65536,0,0,0,False,False
12128,3236,2484,3492,2740,282,65536,0,0,0,False,False
12129,2044,1422,2300,1678,282,65536,0,0,0,False,False
12130,3079,2113,3335,2369,283,65536,0,0,0,False,False
12131,2571,2502,2827,2758,283,65536,0,0,0,False,False
12132,3142,1931,3398,2187,283,63084,2452,0,0,True,False
12133,3113,1435,3369,1691,283,65536,0,0,0,False,False
12134,3013,1798,3269,2054,283,61450,4086,0,0,True,False
12135,2441,1234,2697,1490,283,61936,3600,0,0,True,False
12136,3944,2117,4200,2373,283,65536,0,0,0,False,False
12137,3434,2018,3690,2274,283,65536,0,0,0,False,False
12138,3357,1837,3613,2093,283,65536,0,0,0,False,False
12139,3221,1139,3477,1395,283,65536,0,0,0,False,False
12140,3828,1199,4084,1455,283,65536,0,0,0,False,False
12141,1150,917,1406,1173,283,65536,0,0,0,False,False
12142,3577,2318,3833,2574,283,65536,0,0,0,False,False
12143,2865,1409,3121,1665,283,65536,0,0,0,False,False
12144,1565,2349,1821,2605,283,65536,0,0,0,False,False
12145,3484,2449,3740,2705,283,65536,0,0,0,False,False
12146,3902,1769,4158,2025,283,65536,0,0,0,False,False
12147,2185,916,2441,1172,283,65536,0,0,0,False,False
12148,3329,1797,3585,2053,283,65536,0,0,0,False,False
12149,2835,956,3091,1212,283,65536,0,0,0,False,False
12150,1830,2111,2086,2367,283,65536,0,0,0,False,False
12151,1810,1560,2066,1816,283,65536,0,0,0,False,False
12152,2523,2445,2779,2701,283,65536,0,0,0,False,False
12153,2001,2430,2257,2686,283,65536,0,0,0,False,False
12154,1421,1782,1677,2038,283,65536,0,0,0,False,False
12155,1150,1280,1406,1536,283,65536,0,0,0,False,False
12156,3201,1712,3457,1968,283,65536,0,0,0,False,False
12157,3784,1295,4040,1551,283,65536,0,0,0,False,False
12158,3443,1931,3699,2187,283,65536,0,0,0,False,False
12159,1843,908,2099,1164,283,65536,0,0,0,False,False
12160,3939,1447,4195,1703,283,65536,0,0,0,False,False
12161,1196,2050,1452,2306,283,65536,0,0,0,False,False
12162,2122,2421,2378,2677,283,65536,0,0,0,False,False
12163,3198,2067,3454,2323,283,65536,0,0,0,False,False
12164,2889,2486,3145,2742,283,65536,0,0,0,False,False
12165,1333,1135,1589,1391,283,65536,0,0,0,False,False
12166,3021,2449,3277,2705,283,65536,0,0,0,False,False
12167,2295,1158,2551,1414,283,61244,4292,0,0,True,False
12168,2158,1949,2414,2205,283,65536,0,0,0,False,False
12169,2865,1941,3121,2197,283,65270,266,0,0,True,False
12170,1407,1699,1663,1955,283,65536,0,0,0,False,False
12171,1653,1711,1909,1967,283,65536,0,0,0,False,False
12172,3410,1144,3666,1400,283,65536,0,0,0,False,False
12173,1215,1519,1471,1775,283,65536,0,0,0,False,False
12174,3591,1682,3847,1938,283,65536,0,0,0,False,False
12175,1315,1038,1571,1294,283,65536,0,0,0,False,False
12176,1145,1892,1401,2148,283,65536,0,0,0,False,False
12177,1977,1168,2233,1424,283,61802,3734,0,0,True,False
12178,1240,1461,1496,1717,283,65536,0,0,0,False,False
12179,2781,1762,3037,2018,283,62130,3406,0,0,True,False
12180,3613,2300,3869,2556,284,65536,0,0,0,False,False
12181,3322,1130,3578,1386,284,65536,0,0,0,False,False
12182,3993,1118,4249,1374,284,65536,0,0,0,False,False
12183,2672,2480,2928,2736,284,65536,0,0,0,False,False
12184,3242,1568,3498,1824,284,65536,0,0,0,False,False
12185,1599,2468,1855,2724,284,65536,0,0,0,False,False
12186,2619,917,2875,1173,284,65536,0,0,0,False,False
12187,3527,2315,3783,2571,284,65536,0,0,0,False,False
12188,3485,1186,3741,1442,284,65536,0,0,0,False,False
12189,2904,1725,3160,1981,284,65536,0,0,0,False,False
12190,3292,1005,3548,1261,284,65536,0,0,0,False,False
12191,2157,2510,2413,2766,284,65536,0,0,0,False,False
12192,3792,1941,4048,2197,284,65536,0,0,0,False,False
12193,2621,841,2877,1097,284,65536,0,0,0,False,False
12194,2399,1385,2655,1641,284,65536,0,0,0,False,False
12195,3057,1667,3313,1923,284,65536,0,0,0,False,False
12196,2822,2003,3078,2259,284,65536,0,0,0,False,False
12197,2974,1393,3230,1649,284,65536,0,0,0,False,False
12198,1275,2018,1531,2274,284,65536,0,0,0,False,False
12199,3655,2231,3911,2487,284,65536,0,0,0,False,False
12200,1886,1646,2142,1902,284,65536,0,0,0,False,False
12201,3357,2406,3613,2662,284,65536,0,0,0,False,False
12202,3806,2110,4062,2366,284,65536,0,0,0,False,False
12203,3465,902,3721,1158,284,65536,0,0,0,False,False
12204,3763,2098,4019,2354,284,65536,0,0,0,False,True
12205,2189,1103,2445,1359,284,65536,0,0,0,False,False
12206,3099,2513,3355,2769,284,65536,0,0,0,False,False
12207,1335,2479,1591,2735,284,65536,0,0,0,False,False
12208,1432,1475,1688,1731,284,65536,0,0,0,False,False
12209,3206,1651,3462,1907,284,65536,0,0,0,False,False
12210,3752,2269,4008,2525,284,65536,0,0,0,False,False
12211,2278,1962,2534,2218,284,65536,0,0,0,False,False
12212,3761,1832,4017,2088,284,65536,0,0,0,False,False
12213,2587,2308,2843,2564,284,65536,0,0,0,False,False
12214,1193,1954,1449,2210,284,65536,0,0,0,False,False
12215,3700,1915,3956,2171,284,65536,0,0,0,False,False
12216,2065,2463,2321,2719,284,65536,0,0,0,False,False
12217,3915,1056,4171,1312,284,65536,0,0,0,False,False
12218,2407,1267,2663,1523,284,65536,0,0,0,False,True
12219,1849,2468,2105,2724,284,65536,0,0,0,False,False
12220,2319,1206,2575,1462,284,65536,0,0,0,False,False
12221,2503,1469,2759,1725,284,65536,0,0,0,False,False
12222,3657,1518,3913,1774,284,65536,0,0,0,False,False
12223,3349,1904,3605,2160,284,65536,0,0,0,False,False
12224,3120,1109,3376,1365,284,65536,0,0,0,False,False
12225,3205,1387,3461,1643,284,65536,0,0,0,False,False
12226,1429,2057,1685,2313,284,64054,1482,0,0,True,False
12227,2335,1329,2591,1585,284,65536,0,0,0,False,False
12228,2557,1274,2813,1530,284,65536,0,0,0,False,False
12229,2217,2238,2473,2494,284,65536,0,0,0,False,False
12230,3932,1573,4188,1829,288,65536,0,0,0,False,False
12231,1343,1960,1599,2216,288,65536,0,0,0,False,False
12232,2063,1056,2319,1312,288,65536,0,0,0,False,False
12233,3022,1412,3278,1668,288,65536,0,0,0,False,False
12234,2105,1977,2361,2233,288,64166,0,1370,0,False,True
12235,2027,2486,2283,2742,288,65536,0,0,0,False,False
12236,1159,2460,1415,2716,288,65536,0,0,0,False,False
12237,3644,2429,3900,2685,288,65536,0,0,0,False,False
12238,3316,1835,3572,2091,288,65536,0,0,0,False,False
12239,1419,1062,1675,1318,288,65536,0,0,0,False,False
12240,2455,1740,2711,1996,288,64714,0,822,0,False,True
12241,3627,1967,3883,2223,288,65536,0,0,0,False,False
12242,1307,2451,1563,2707,288,65536,0,0,0,False,False
12243,3945,1171,4201,1427,288,65536,0,0,0,False,False
12244,1914,1613,2170,1869,288,65536,0,0,0,False,False
12245,3807,1099,4063,1355,288,65536,0,0,0,False,False
12246,1547,942,1803,1198,288,65536,0,0,0,False,False
12247,2429,877,2685,1133,288,65536,0,0,0,False,False
12248,1435,2280,1691,2536,288,65536,0,0,0,False,False
12249,3855,1915,4111,2171,288,65536,0,0,0,False,False
12250,2286,1359,2542,1615,288,65536,0,0,0,False,False
12251,2381,1257,2637,1513,288,65536,0,0,0,False,False
12252,2324,1555,2580,1811,288,63176,0,2360,0,False,True
12253,1510,2217,1766,2473,288,65536,0,0,0,False,False
12254,2374,1884,2630,2140,288,65536,0,0,0,False,False
12255,1395,1909,1651,2165,288,65536,0,0,0,False,False
12256,1755,1844,2011,2100,288,64232,0,1304,0,False,False
12257,3210,1678,3466,1934,288,64468,0,1068,0,False,True
12258,2383,2268,2639,2524,288,63330,0,2206,0,False,True
12259,1512,2175,1768,2431,288,65536,0,0,0,False,False
12260,2210,2181,2466,2437,288,62468,0,3068,0,False,True
12261,3001,1665,3257,1921,288,65536,0,0,0,False,False
12262,1386,1874,1642,2130,288,65536,0,0,0,False,False
12263,1340,2208,1596,2464,288,65536,0,0,0,False,False
12264,3215,2232,3471,2488,288,65536,0,0,0,False,False
12265,2588,1269,2844,1525,288,64336,0,1200,0,False,True
12266,3115,2102,3371,2358,288,64984,0,552,0,False,False
12267,2571,980,2827,1236,288,65536,0,0,0,False,False
12268,2007,2152,2263,2408,288,63066,0,2470,0,False,True
12269,3161,2209,3417,2465,288,65536,0,0,0,False,False
12270,3563,1815,3819,2071,288,65536,0,0,0,False,False
12271,1458,1734,1714,1990,288,65536,0,0,0,False,False
12272,1820,2289,2076,2545,288,63704,0,1832,0,False,True
12273,1502,983,1758,1239,288,65536,0,0,0,False,False
12274,3832,1489,4088,1745,288,65536,0,0,0,False,False
12275,2682,2264,2938,2520,288,65216,0,320,0,False,True
12276,1906,1187,2162,1443,288,64028,0,1508,0,False,True
12277,2087,1750,2343,2006,288,63988,0,1548,0,False,True
12278,1673,2476,1929,2732,288,65536,0,0,0,False,False
12279,1520,871,1776,1127,288,65536,0,0,0,False,False
12280,3328,1639,3584,1895,289,65510,0,26,0,False,True
12281,3894,1797,4150,2053,289,65536,0,0,0,False,False
12282,3108,1450,3364,1706,289,65192,0,344,0,False,False
12283,3158,1045,3414,1301,289,64348,0,1188,0,False,True
12284,3172,2134,3428,2390,289,65536,0,0,0,False,False
12285,1130,1657,1386,1913,289,65536,0,0,0,False,False
12286,1232,1305,1488,1561,289,65536,0,0,0,False,False
12287,3706,2107,3962,2363,289,65536,0,0,0,False,False
12288,1281,2369,1537,2625,289,65536,0,0,0,False,False
12289,1783,1809,2039,2065,289,62086,0,3450,0,False,True
12290,1550,1530,1806,1786,289,61812,0,3724,0,False,True
12291,3934,2239,4190,2495,289,65536,0,0,0,False,False
12292,3276,1827,3532,2083,289,65536,0,0,0,False,False
12293,3626,1457,3882,1713,289,65536,0,0,0,False,False
12294,3111,1976,3367,2232,289,64612,924,0,0,True,False
12295,1967,1316,2223,1572,289,65536,0,0,0,False,False
12296,3401,1774,3657,2030,289,65536,0,0,0,False,False
12297,3083,1330,3339,1586,289,64202,0,1334,0,False,True
12298,3533,1313,3789,1569,289,65536,0,0,0,False,False
12299,3448,2291,3704,2547,289,65536,0,0,0,False,False
12300,3856,2166,4112,2422,289,65536,0,0,0,False,False
12301,2696,989,2952,1245,289,65536,0,0,0,False,False
12302,3791,1789,4047,2045,289,65536,0,0,0,False,False
12303,3242,2372,3498,2628,289,65536,0,0,0,False,False
12304,3224,907,3480,1163,289,65536,0,0,0,False,False
12305,3550,1874,3806,2130,289,65536,0,0,0,False,False
12306,2438,2414,2694,2670,289,65536,0,0,0,False,False
12307,3481,971,3737,1227,289,65536,0,0,0,False,False
12308,2411,2428,2667,2684,289,65536,0,0,0,False,False
12309,1751,2289,2007,2545,289,65536,0,0,0,False,False
12310,2759,1935,3015,2191,289,62334,3202,0,0,True,False
12311,1852,1781,2108,2037,289,62750,0,2786,0,False,True
12312,3940,2470,4196,2726,289,65536,0,0,0,False,False
12313,3058,1407,3314,1663,289,65536,0,0,0,False,False
12314,2375,2320,2631,2576,289,65536,0,0,0,False,False
12315,2029,1550,2285,1806,289,65286,250,0,0,True,False
12316,2985,1931,3241,2187,289,62476,3060,0,0,True,False
12317,3592,2446,3848,2702,289,65536,0,0,0,False,False
12318,2058,1358,2314,1614,289,65480,56,0,0,True,False
12319,1321,1312,1577,1568,289,65190,0,346,0,False,True
12320,2760,2212,3016,2468,289,65536,0,0,0,False,False
12321,1379,2230,1635,2486,289,65536,0,0,0,False,False
12322,2649,1667,2905,1923,289,63414,2122,0,0,True,False
12323,2278,2437,2534,2693,289,65536,0,0,0,False,False
12324,1839,846,2095,1102,289,65536,0,0,0,False,False
12325,1604,1266,1860,1522,289,65536,0,0,0,False,False
12326,1300,1827,1556,2083,289,65536,0,0,0,False,False
12327,3952,1876,4208,2132,289,65536,0,0,0,False,False
12328,2542,966,2798,1222,289,65536,0,0,0,False,False
12329,3724,858,3980,1114,289,65536,0,0,0,False,False
12330,2351,1160,2607,1416,290,65536,0,0,0,False,False
12331,2106,1730,2362,1986,290,65536,0,0,0,False,False
12332,3613,2194,3869,2450,290,65536,0,0,0,False,False
12333,2775,1286,3031,1542,290,65536,0,0,0,False,False
12334,3410,1610,3666,1866,290,65536,0,0,0,False,False
12335,2476,1536,2732,1792,290,65536,0,0,0,False,False
12336,2407,1891,2663,2147,290,65536,0,0,0,False,False
12337,3343,1189,3599,1445,290,65536,0,0,0,False,False
12338,2761,1587,3017,1843,290,65536,0,0,0,False,False
12339,2802,1680,3058,1936,290,65536,0,0,0,False,False
12340,3039,1357,3295,1613,290,65536,0,0,0,False,False
12341,3182,1983,3438,2239,290,65536,0,0,0,False,False
12342,1610,927,1866,1183,290,64630,906,0,0,True,False
12343,1890,2291,2146,2547,290,65536,0,0,0,False,False
12344,3748,2046,4004,2302,290,65536,0,0,0,False,False
12345,2166,1096,2422,1352,290,65536,0,0,0,False,False
12346,3079,1909,3335,2165,290,65536,0,0,0,False,False
12347,3826,1803,4082,2059,290,65536,0,0,0,False,False
12348,2537,2517,2793,2773,290,65536,0,0,0,False,False
12349,2903,1303,3159,1559,290,65536,0,0,0,False,False
12350,3873,1979,4129,2235,290,65536,0,0,0,False,False
12351,3305,2130,3561,2386,290,65536,0,0,0,False,False
12352,1132,1170,1388,1426,290,65536,0,0,0,False,False
12353,1506,1527,1762,1783,290,65536,0,0,0,False,False
12354,3535,1191,3791,1447,290,65536,0,0,0,False,False
12355,2437,2131,2693,2387,290,65536,0,0,0,False,False
12356,1633,1398,1889,1654,290,62652,2884,0,0,True,False
12357,3285,2286,3541,2542,290,65536,0,0,0,False,False
12358,3022,1520,3278,1776,290,65536,0,0,0,False,False
12359,3560,1353,3816,1609,290,65536,0,0,0,False,False
12360,2587,2448,2843,2704,290,65536,0,0,0,False,False
12361,1890,937,2146,1193,290,65536,0,0,0,False,False
12362,2248,1261,2504,1517,290,65536,0,0,0,False,False
12363,1716,1841,1972,2097,290,65536,0,0,0,False,False
12364,3902,2249,4158,2505,290,65536,0,0,0,False,False
12365,1321,1407,1577,1663,290,65536,0,0,0,False,False
12366,1234,2240,1490,2496,290,65536,0,0,0,False,False
12367,3858,1160,4114,1416,290,65536,0,0,0,False,False
12368,3685,1187,3941,1443,290,65536,0,0,0,False,False
12369,1323,1182,1579,1438,290,65536,0,0,0,False,False
12370,1948,2008,2204,2264,290,61148,4388,0,0,True,False
12371,1608,862,1864,1118,290,65536,0,0,0,False,False
12372,1429,1303,1685,1559,290,65536,0,0,0,False,False
12373,2063,1080,2319,1336,290,65536,0,0,0,False,False
12374,1218,1066,1474,1322,290,65536,0,0,0,False,False
12375,2852,2187,3108,2443,290,65536,0,0,0,False,False
12376,3895,1716,4151,1972,290,65536,0,0,0,False,False
12377,3072,2314,3328,2570,290,65536,0,0,0,False,False
12378,1380,1184,1636,1440,290,65536,0,0,0,False,False
12379,1637,2507,1893,2763,290,65536,0,0,0,False,False
12380,2387,1306,2643,1562,291,63558,1978,0,0,True,False
12381,1531,1021,1787,1277,291,65472,64,0,0,True,False
12382,1813,1396,2069,1652,291,60976,4560,0,0,True,False
12383,3693,1847,3949,2103,291,65536,0,0,0,False,False
12384,1745,2452,2001,2708,291,65536,0,0,0,False,False
12385,2167,1090,2423,1346,291,64094,1442,0,0,True,False
12386,2733,1063,2989,1319,291,65536,0,0,0,False,False
12387,2978,1298,3234,1554,291,63028,2508,0,0,True,False
12388,1234,1417,1490,1673,291,65536,0,0,0,False,False
12389,3610,966,3866,1222,291,65536,0,0,0,False,False
12390,1913,902,2169,1158,291,65536,0,0,0,False,False
12391,2746,2432,3002,2688,291,65536,0,0,0,False,False
12392,1680,2190,1936,2446,291,64980,556,0,0,True,False
12393,2475,1397,2731,1653,291,63840,1696,0,0,True,False
12394,3489,2074,3745,2330,291,65536,0,0,0,False,False
12395,3096,1131,3352,1387,291,65536,0,0,0,False,False
12396,2388,866,2644,1122,291,65536,0,0,0,False,False
12397,1121,1114,1377,1370,291,65536,0,0,0,False,False
12398,3322,1173,3578,1429,291,64644,892,0,0,True,False
12399,1701,955,1957,1211,291,64952,584,0,0,True,False
12400,3524,1895,3780,2151,291,65536,0,0,0,False,False
12401,1730,1963,1986,2219,291,65536,0,0,0,False,False
12402,2058,1108,2314,1364,291,65536,0,0,0,False,False
12403,2697,2346,2953,2602,291,65536,0,0,0,False,False
12404,2789,1442,3045,1698,291,63132,2404,0,0,True,False
12405,3642,2440,3898,2696,291,65536,0,0,0,False,False
12406,1567,2173,1823,2429,291,64820,716,0,0,True,False
12407,2638,1632,2894,1888,291,65528,8,0,0,True,False
12408,2354,1964,2610,2220,291,65536,0,0,0,False,False
12409,2442,2178,2698,2434,291,65536,0,0,0,False,False
12410,3727,2084,3983,2340,291,65536,0,0,0,False,False
12411,1624,1881,1880,2137,291,63626,1910,0,0,True,False
12412,2974,1662,3230,1918,291,65536,0,0,0,False,False
12413,3603,1470,3859,1726,291,65536,0,0,0,False,False
12414,3458,1845,3714,2101,291,65536,0,0,0,False,False
12415,1277,2277,1533,2533,291,65536,0,0,0,False,False
12416,3752,2239,4008,2495,291,65536,0,0,0,False,False
12417,1408,2392,1664,2648,291,65536,0,0,0,False,False
12418,2050,2232,2306,2488,291,65536,0,0,0,False,False
12419,1765,1691,2021,1947,291,61005,4531,0,0,True,False
12420,1867,1336,2123,1592,291,62332,3204,0,0,True,False
12421,1977,1286,2233,1542,291,65536,0,0,0,False,False
12422,3138,2437,3394,2693,291,65536,0,0,0,False,False
12423,3827,1892,4083,2148,291,65536,0,0,0,False,False
12424,3278,1120,3534,1376,291,65536,0,0,0,False,False
12425,1333,1539,1589,1795,291,65536,0,0,0,False,False
12426,3204,1178,3460,1434,291,63528,2008,0,0,True,False
12427,2817,2216,3073,2472,291,65536,0,0,0,False,False
12428,1729,1382,1985,1638,291,60976,4560,0,0,True,False
12429,3065,1817,3321,2073,291,65258,278,0,0,True,False
12430,1707,2068,1963,2324,293,65536,0,0,0,False,False
12431,1554,2091,1810,2347,293,65536,0,0,0,False,False
12432,2609,1103,2865,1359,293,65536,0,0,0,False,False
12433,2968,859,3224,1115,293,65536,0,0,0,False,False
12434,3243,2139,3499,2395,293,65536,0,0,0,False,False
12435,1134,1865,1390,2121,293,65536,0,0,0,False,False
12436,2215,2002,2471,2258,293,65536,0,0,0,False,False
12437,2945,2235,3201,2491,293,65536,0,0,0,False,False
12438,2013,1851,2269,2107,293,65536,0,0,0,False,False
12439,1894,1679,2150,1935,293,65536,0,0,0,False,False
12440,2137,855,2393,1111,293,65536,0,0,0,False,False
12441,1862,1254,2118,1510,293,65536,0,0,0,False,False
12442,3356,1117,3612,1373,293,65536,0,0,0,False,False
12443,2098,1746,2354,2002,293,65536,0,0,0,False,False
12444,2883,1387,3139,1643,293,65536,0,0,0,False,False
12445,2347,1386,2603,1642,293,65536,0,0,0,False,False
12446,2453,836,2709,1092,293,65536,0,0,0,False,False
12447,3888,1451,4144,1707,293,65536,0,0,0,False,False
12448,2993,982,3249,1238,293,65536,0,0,0,False,False
12449,2880,2101,3136,2357,293,65536,0,0,0,False,False
12450,3765,1519,4021,1775,293,65536,0,0,0,False,False
12451,2552,1868,2808,2124,293,65536,0,0,0,False,False
12452,2744,1313,3000,1569,293,65536,0,0,0,False,False
12453,2037,1960,2293,2216,293,65536,0,0,0,False,False
12454,1891,2491,2147,2747,293,65536,0,0,0,False,False
12455,3823,1272,4079,1528,293,65536,0,0,0,False,False
12456,3187,2029,3443,2285,293,65536,0,0,0,False,True
12457,2754,2162,3010,2418,293,65536,0,0,0,False,False
12458,1323,1179,1579,1435,293,65536,0,0,0,False,False
12459,2254,1318,2510,1574,293,65536,0,0,0,False,False
12460,3492,1364,3748,1620,293,65536,0,0,0,False,False
12461,3395,1836,3651,2092,293,65536,0,0,0,False,False
12462,2845,878,3101,1134,293,65536,0,0,0,False,False
12463,3206,1853,3462,2109,293,65536,0,0,0,False,False
12464,2539,1765,2795,2021,293,65536,0,0,0,False,False
12465,3159,1971,3415,2227,293,65536,0,0,0,False,False
12466,3610,1144,3866,1400,293,65536,0,0,0,False,False
12467,3521,2356,3777,2612,293,65536,0,0,0,False,False
12468,1303,2366,1559,2622,293,65536,0,0,0,False,False
12469,3616,2022,3872,2278,293,65536,0,0,0,False,False
12470,2965,1870,3221,2126,293,65536,0,0,0,False,False
12471,3481,1386,3737,1642,293,65536,0,0,0,False,False
12472,3830,1616,4086,1872,293,65536,0,0,0,False,False
12473,2316,1180,2572,1436,293,65536,0,0,0,False,False
12474,1817,1743,2073,1999,293,65536,0,0,0,False,False
12475,1501,2381,1757,2637,293,65536,0,0,0,False,False
12476,2327,2178,2583,2434,293,65536,0,0,0,False,False
12477,2952,2173,3208,2429,293,65536,0,0,0,False,False
12478,1311,2365,1567,2621,293,65536,0,0,0,False,False
12479,1742,1354,1998,1610,293,65536,0,0,0,False,False
12480,3873,1740,4129,1996,294,65536,0,0,0,False,True
12481,1895,1909,2151,2165,294,65536,0,0,0,False,False
12482,3162,1385,3418,1641,294,64462,1074,0,0,True,False
12483,1677,2147,1933,2403,294,65536,0,0,0,False,False
12484,1241,2224,1497,2480,294,65536,0,0,0,False,False
12485,2201,2188,2457,2444,294,61026,4510,0,0,True,False
12486,1475,2066,1731,2322,294,65536,0,0,0,False,False
12487,3918,2217,4174,2473,294,65536,0,0,0,False,False
12488,3207,2258,3463,2514,294,65536,0,0,0,False,False
12489,3396,1110,3652,1366,294,65536,0,0,0,False,False
12490,2312,1058,2568,1314,294,61688,3848,0,0,True,False
12491,3481,1333,3737,1589,294,65536,0,0,0,False,False
12492,3373,1006,3629,1262,294,65536,0,0,0,False,False
12493,3707,1613,3963,1869,294,65536,0,0,0,False,False
12494,3167,2458,3423,2714,294,65536,0,0,0,False,False
12495,1185,1830,1441,2086,294,65536,0,0,0,False,False
12496,3419,1598,3675,1854,294,62098,3438,0,0,True,False
12497,3872,1595,4128,1851,294,65536,0,0,0,False,False
12498,2458,2359,2714,2615,294,64978,558,0,0,True,False
12499,2487,1795,2743,2051,294,65536,0,0,0,False,False
12500,3020,1981,3276,2237,294,65536,0,0,0,False,False
12501,1640,2287,1896,2543,294,65536,0,0,0,False,False
12502,1691,2380,1947,2636,294,65536,0,0,0,False,False
12503,3795,1998,4051,2254,294,65536,0,0,0,False,False
12504,1363,1594,1619,1850,294,65536,0,0,0,False,False
12505,3693,2458,3949,2714,294,65536,0,0,0,False,False
12506,1942,2360,2198,2616,294,65536,0,0,0,False,False
12507,2713,2323,2969,2579,294,65536,0,0,0,False,False
12508,2425,1398,2681,1654,294,65536,0,0,0,False,False
12509,3997,1768,4253,2024,294,65536,0,0,0,False,False
12510,3320,2066,3576,2322,294,65536,0,0,0,False,False
12511,3294,946,3550,1202,294,65536,0,0,0,False,False
12512,2286,1358,2542,1614,294,65536,0,0,0,False,False
12513,3212,1327,3468,1583,294,65536,0,0,0,False,False
12514,2820,1609,3076,1865,294,65536,0,0,0,False,False
12515,1146,1912,1402,2168,294,65536,0,0,0,False,False
12516,1381,926,1637,1182,294,65536,0,0,0,False,False
12517,3887,920,4143,1176,294,65536,0,0,0,False,False
12518,3891,2016,4147,2272,294,65536,0,0,0,False,False
12519,2294,1064,2550,1320,294,61744,3792,0,0,True,False
12520,3148,1450,3404,1706,294,62248,3288,0,0,True,False
12521,2654,2345,2910,2601,294,65536,0,0,0,False,False
12522,2313,2029,2569,2285,294,59474,6062,0,0,True,False
12523,2681,1578,2937,1834,294,65536,0,0,0,False,False
12524,2781,1844,3037,2100,294,65536,0,0,0,False,False
12525,3232,1349,3488,1605,294,65536,0,0,0,False,False
12526,2356,2499,2612,2755,294,65536,0,0,0,False,False
12527,3012,1763,3268,2019,294,65536,0,0,0,False,False
12528,3986,2405,4242,2661,294,65536,0,0,0,False,False
12529,2963,1341,3219,1597,294,62456,3080,0,0,True,False
12530,2224,1014,2480,1270,295,65536,0,0,0,False,False
12531,2330,2023,2586,2279,295,63944,1592,0,0,True,False
12532,1426,2090,1682,2346,295,65536,0,0,0,False,False
12533,2881,1209,3137,1465,295,63124,2412,0,0,True,False
12534,2228,1762,2484,2018,295,65536,0,0,0,False,False
12535,3679,1341,3935,1597,295,65536,0,0,0,False,False
12536,3766,1360,4022,1616,295,65536,0,0,0,False,False
12537,2299,1239,2555,1495,295,65536,0,0,0,False,False
12538,2094,1112,2350,1368,295,65536,0,0,0,False,False
12539,3807,2110,4063,2366,295,65536,0,0,0,False,False
12540,3827,1674,4083,1930,295,65536,0,0,0,False,False
12541,3893,2143,4149,2399,295,65536,0,0,0,False,False
12542,1602,1490,1858,1746,295,65536,0,0,0,False,False
12543,2864,1891,3120,2147,295,65536,0,0,0,False,False
12544,3117,833,3373,1089,295,65536,0,0,0,False,False
12545,1191,2139,1447,2395,295,65536,0,0,0,False,False
12546,3053,2398,3309,2654,295,65186,350,0,0,True,False
12547,1355,1396,1611,1652,295,65536,0,0,0,False,False
12548,2460,1068,2716,1324,295,65536,0,0,0,False,False
12549,1338,1018,1594,1274,295,65536,0,0,0,False,False
12550,3722,1703,3978,1959,295,65536,0,0,0,False,False
12551,2430,1339,2686,1595,295,65536,0,0,0,False,False
12552,2599,2389,2855,2645,295,65536,0,0,0,False,False
12553,1747,2057,2003,2313,295,61864,3672,0,0,True,False
12554,1863,1620,2119,1876,295,65536,0,0,0,False,False
12555,2302,1179,2558,1435,295,65536,0,0,0,False,False
12556,3029,1467,3285,1723,295,65536,0,0,0,False,False
12557,3520,1576,3776,1832,295,64980,556,0,0,True,False
12558,2509,2109,2765,2365,295,63622,1914,0,0,True,False
12559,3392,912,3648,1168,295,65536,0,0,0,False,False
12560,3199,2216,3455,2472,295,64314,1222,0,0,True,False
12561,3375,1971,3631,2227,295,62208,3328,0,0,True,False
12562,3226,1597,3482,1853,295,65536,0,0,0,False,False
12563,3116,1389,3372,1645,295,63634,1902,0,0,True,False
12564,2154,2340,2410,2596,295,65536,0,0,0,False,False
12565,1425,1767,1681,2023,295,65536,0,0,0,False,False
12566,1314,2491,1570,2747,295,65536,0,0,0,False,False
12567,2355,1121,2611,1377,295,65536,0,0,0,False,False
12568,1359,1359,1615,1615,295,65536,0,0,0,False,False
12569,3018,1236,3274,1492,295,61448,4088,0,0,True,False
12570,1506,1717,1762,1973,295,65536,0,0,0,False,False
12571,2744,2485,3000,2741,295,65536,0,0,0,False,False
12572,3215,938,3471,1194,295,65536,0,0,0,False,False
12573,2390,2298,2646,2554,295,65536,0,0,0,False,False
12574,2879,2322,3135,2578,295,63686,1850,0,0,True,False
12575,3758,976,4014,1232,295,65536,0,0,0,False,False
12576,2842,2234,3098,2490,295,64356,1180,0,0,True,False
12577,1184,1553,1440,1809,295,65536,0,0,0,False,False
12578,3371,1096,3627,1352,295,65536,0,0,0,False,False
12579,1666,1325,1922,1581,295,65536,0,0,0,False,False
12580,1592,1002,1848,1258,303,65536,0,0,0,False,False
12581,2751,1671,3007,1927,303,65536,0,0,0,False,True
12582,2038,975,2294,1231,303,65536,0,0,0,False,True
12583,2018,875,2274,1131,303,65536,0,0,0,False,False
12584,1698,2324,1954,2580,303,65536,0,0,0,False,False
12585,2036,1252,2292,1508,303,65536,0,0,0,False,False
12586,2556,2479,2812,2735,303,65536,0,0,0,False,False
12587,2895,931,3151,1187,303,65536,0,0,0,False,False
12588,3599,1744,3855,2000,303,65536,0,0,0,False,False
12589,2442,1978,2698,2234,303,65536,0,0,0,False,False
12590,1396,1544,1652,1800,303,65536,0,0,0,False,False
12591,3262,1136,3518,1392,303,65536,0,0,0,False,False
12592,2335,1964,2591,2220,303,65536,0,0,0,False,False
12593,2915,2026,3171,2282,303,65536,0,0,0,False,False
12594,1607,1896,1863,2152,303,65536,0,0,0,False,False
12595,1327,1189,1583,1445,303,65536,0,0,0,False,False
12596,3762,980,4018,1236,303,65536,0,0,0,False,False
12597,2729,1094,2985,1350,303,65536,0,0,0,False,False
12598,3559,1622,3815,1878,303,65536,0,0,0,False,False
12599,1268,1862,1524,2118,303,65536,0,0,0,False,False
12600,2311,1766,2567,2022,303,65536,0,0,0,False,False
12601,2669,1496,2925,1752,303,65536,0,0,0,False,False
12602,3196,2202,3452,2458,303,65536,0,0,0,False,False
12603,2073,1983,2329,2239,303,65536,0,0,0,False,False
12604,2269,1801,2525,2057,303,65536,0,0,0,False,False
12605,3747,2463,4003,2719,303,65536,0,0,0,False,False
12606,1992,1543,2248,1799,303,65536,0,0,0,False,False
12607,3436,1132,3692,1388,303,65536,0,0,0,False,False
12608,2417,912,2673,1168,303,65536,0,0,0,False,False
12609,2545,2128,2801,2384,303,65536,0,0,0,False,False
12610,3584,2077,3840,2333,303,65536,0,0,0,False,False
12611,2892,961,3148,1217,303,65536,0,0,0,False,False
12612,3106,1731,3362,1987,303,65536,0,0,0,False,False
12613,3950,1893,4206,2149,303,65536,0,0,0,False,False
12614,2921,1689,3177,1945,303,65536,0,0,0,False,False
12615,1488,953,1744,1209,303,65536,0,0,0,False,False
12616,1832,1757,2088,2013,303,65536,0,0,0,False,False
12617,2415,1941,2671,2197,303,65536,0,0,0,False,False
12618,2109,2368,2365,2624,303,65536,0,0,0,False,False
12619,1458,1529,1714,1785,303,65536,0,0,0,False,False
12620,2832,2218,3088,2474,303,65536,0,0,0,False,False
12621,2444,858,2700,1114,303,65536,0,0,0,False,False
12622,1429,1827,1685,2083,303,65536,0,0,0,False,False
12623,2090,2456,2346,2712,303,65536,0,0,0,False,False
12624,2597,1607,2853,1863,303,65536,0,0,0,False,False
12625,2183,1087,2439,1343,303,65536,0,0,0,False,False
12626,1925,1509,2181,1765,303,65536,0,0,0,False,False
12627,2004,1780,2260,2036,303,65536,0,0,0,False,False
12628,3600,2270,3856,2526,303,65536,0,0,0,False,False
12629,1510,2278,1766,2534,303,65536,0,0,0,False,False
12630,1951,2160,2207,2416,304,65536,0,0,0,False,False
12631,2723,2372,2979,2628,304,65536,0,0,0,False,False
12632,2959,1572,3215,1828,304,65536,0,0,0,False,False
12633,1482,2426,1738,2682,304,65536,0,0,0,False,False
12634,1624,1188,1880,1444,304,65536,0,0,0,False,False
12635,3635,2397,3891,2653,304,65536,0,0,0,False,False
12636,3543,845,3799,1101,304,65536,0,0,0,False,False
12637,1178,2439,1434,2695,304,65536,0,0,0,False,False
12638,3308,1391,3564,1647,304,65536,0,0,0,False,False
12639,3683,2505,3939,2761,304,65536,0,0,0,False,False
12640,1515,901,1771,1157,304,65536,0,0,0,False,False
12641,2508,1932,2764,2188,304,65536,0,0,0,False,False
12642,2276,2173,2532,2429,304,65536,0,0,0,False,False
12643,2123,2300,2379,2556,304,65536,0,0,0,False,False
12644,1522,1562,1778,1818,304,65536,0,0,0,False,False
12645,2595,2208,2851,2464,304,65536,0,0,0,False,False
12646,3501,1130,3757,1386,304,65536,0,0,0,False,False
12647,2111,1383,2367,1639,304,65536,0,0,0,False,False
12648,1992,1691,2248,1947,304,65536,0,0,0,False,False
12649,1908,1270,2164,1526,304,65536,0,0,0,False,False
12650,2016,1858,2272,2114,304,65536,0,0,0,False,False
12651,2213,1307,2469,1563,304,65536,0,0,0,False,False
12652,2816,1833,3072,2089,304,59542,5994,0,0,True,False
12653,1186,1185,1442,1441,304,65536,0,0,0,False,False
12654,3185,1113,3441,1369,304,65536,0,0,0,False,False
12655,3427,1743,3683,1999,304,65536,0,0,0,False,False
12656,3763,1921,4019,2177,304,65536,0,0,0,False,False
12657,2521,1831,2777,2087,304,65536,0,0,0,False,False
12658,2888,1604,3144,1860,304,65536,0,0,0,False,False
12659,3582,2452,3838,2708,304,65536,0,0,0,False,False
12660,1257,1924,1513,2180,304,65536,0,0,0,False,False
12661,1458,2120,1714,2376,304,65536,0,0,0,False,False
12662,3386,1794,3642,2050,304,65536,0,0,0,False,False
12663,3869,1276,4125,1532,304,65536,0,0,0,False,False
12664,3741,1678,3997,1934,304,65536,0,0,0,False,False
12665,1368,917,1624,1173,304,65536,0,0,0,False,False
12666,3437,905,3693,1161,304,65536,0,0,0,False,False
12667,2079,2138,2335,2394,304,65536,0,0,0,False,False
12668,3292,1515,3548,1771,304,65536,0,0,0,False,False
12669,3604,957,3860,1213,304,65536,0,0,0,False,False
12670,2218,1857,2474,2113,304,65536,0,0,0,False,False
12671,3942,1654,4198,1910,304,65536,0,0,0,False,False
12672,3181,1595,3437,1851,304,65536,0,0,0,False,False
12673,3486,2010,3742,2266,304,65536,0,0,0,False,False
12674,1863,1372,2119,1628,304,65536,0,0,0,False,False
12675,3477,2492,3733,2748,304,65536,0,0,0,False,False
12676,2199,2369,2455,2625,304,65536,0,0,0,False,False
12677,3000,1641,3256,1897,304,65536,0,0,0,False,False
12678,1326,2234,1582,2490,304,65536,0,0,0,False,False
12679,3245,1841,3501,2097,304,65536,0,0,0,False,False
12680,3165,1834,3421,2090,305,65536,0,0,0,False,False
12681,2268,1396,2524,1652,305,60016,5520,0,0,True,False
12682,1813,2122,2069,2378,305,65536,0,0,0,False,False
12683,1325,2366,1581,2622,305,65536,0,0,0,False,False
12684,2370,834,2626,1090,305,65536,0,0,0,False,False
12685,2478,2146,2734,2402,305,65536,0,0,0,False,False
12686,1900,1609,2156,1865,305,65536,0,0,0,False,False
12687,3338,2194,3594,2450,305,65536,0,0,0,False,False
12688,3405,2223,3661,2479,305,65536,0,0,0,False,False
12689,2060,2452,2316,2708,305,65536,0,0,0,False,False
12690,3697,1404,3953,1660,305,65536,0,0,0,False,False
12691,3551,993,3807,1249,305,65536,0,0,0,False,False
12692,2770,1133,3026,1389,305,65536,0,0,0,False,False
12693,2150,1236,2406,1492,305,60008,5528,0,0,True,False
12694,1247,1408,1503,1664,305,65536,0,0,0,False,False
12695,1438,1581,1694,1837,305,65536,0,0,0,False,False
12696,2785,1156,3041,1412,305,65536,0,0,0,False,False
12697,2191,2477,2447,2733,305,65536,0,0,0,False,False
12698,2468,1211,2724,1467,305,65536,0,0,0,False,False
12699,1609,2454,1865,2710,305,65536,0,0,0,False,False
12700,3113,998,3369,1254,305,65536,0,0,0,False,False
12701,2625,849,2881,1105,305,65536,0,0,0,False,False
12702,2462,846,2718,1102,305,65536,0,0,0,False,False
12703,3805,1772,4061,2028,305,65536,0,0,0,False,False
12704,2011,1165,2267,1421,305,62354,3182,0,0,True,False
12705,1940,1193,2196,1449,305,65536,0,0,0,False,False
12706,3124,2211,3380,2467,305,65536,0,0,0,False,False
12707,3979,851,4235,1107,305,65536,0,0,0,False,False
12708,3824,1905,4080,2161,305,65536,0,0,0,False,False
12709,1962,1080,2218,1336,305,65536,0,0,0,False,False
12710,3800,1413,4056,1669,305,65536,0,0,0,False,False
12711,1664,882,1920,1138,305,65536,0,0,0,False,False
12712,3560,1107,3816,1363,305,65536,0,0,0,False,False
12713,2732,1245,2988,1501,305,65536,0,0,0,False,False
12714,2245,2505,2501,2761,305,65536,0,0,0,False,False
12715,2471,2251,2727,2507,305,65536,0,0,0,False,False
12716,1440,1095,1696,1351,305,65536,0,0,0,False,False
12717,2823,1733,3079,1989,305,65536,0,0,0,False,False
12718,2009,2045,2265,2301,305,65536,0,0,0,False,False
12719,3079,2275,3335,2531,305,65536,0,0,0,False,False
12720,3986,1687,4242,1943,305,65536,0,0,0,False,False
12721,3510,2150,3766,2406,305,65536,0,0,0,False,False
12722,3259,2436,3515,2692,305,65536,0,0,0,False,False
12723,3448,1381,3704,1637,305,65536,0,0,0,False,False
12724,3025,2258,3281,2514,305,65536,0,0,0,False,False
12725,2983,1734,3239,1990,305,65536,0,0,0,False,False
12726,1890,1018,2146,1274,305,65536,0,0,0,False,False
12727,3957,1964,4213,2220,305,65536,0,0,0,False,False
12728,3282,1734,3538,1990,305,65536,0,0,0,False,False
12729,3866,1097,4122,1353,305,65536,0,0,0,False,False
12730,1660,1498,1916,1754,314,65536,0,0,0,False,False
12731,2319,1313,2575,1569,314,65536,0,0,0,False,False
12732,3713,1724,3969,1980,314,65536,0,0,0,False,False
12733,3375,1157,3631,1413,314,65536,0,0,0,False,False
12734,3463,2503,3719,2759,314,65536,0,0,0,False,False
12735,3632,911,3888,1167,314,65536,0,0,0,False,False
12736,2844,1131,3100,1387,314,65536,0,0,0,False,False
12737,1223,1994,1479,2250,314,65536,0,0,0,False,False
12738,2693,1760,2949,2016,314,65536,0,0,0,False,False
12739,1796,1805,2052,2061,314,65536,0,0,0,False,False
12740,1212,1744,1468,2000,314,65536,0,0,0,False,False
12741,2391,1414,2647,1670,314,65536,0,0,0,False,False
12742,3504,1002,3760,1258,314,65536,0,0,0,False,False
12743,2779,1483,3035,1739,314,65536,0,0,0,False,False
12744,2455,2041,2711,2297,314,65536,0,0,0,False,False
12745,3938,2042,4194,2298,314,65536,0,0,0,False,False
12746,3018,2097,3274,2353,314,65536,0,0,0,False,False
12747,3331,1116,3587,1372,314,65536,0,0,0,False,False
12748,3224,2334,3480,2590,314,65536,0,0,0,False,False
12749,2854,2124,3110,2380,314,65536,0,0,0,False,False
12750,2756,1194,3012,1450,314,65536,0,0,0,False,False
12751,2484,1659,2740,1915,314,65536,0,0,0,False,False
12752,2533,2427,2789,2683,314,65536,0,0,0,False,False
12753,2309,1464,2565,1720,314,65536,0,0,0,False,False
12754,2263,2452,2519,2708,314,65536,0,0,0,False,False
12755,2351,1915,2607,2171,314,65536,0,0,0,False,False
12756,3318,994,3574,1250,314,65536,0,0,0,False,False
12757,2889,1919,3145,2175,314,65536,0,0,0,False,False
12758,3121,1541,3377,1797,314,65536,0,0,0,False,False
12759,3114,1470,3370,1726,314,65536,0,0,0,False,False
12760,3795,1937,4051,2193,314,65536,0,0,0,False,False
12761,2010,1343,2266,1599,314,65536,0,0,0,False,False
12762,2376,1182,2632,1438,314,65536,0,0,0,False,False
12763,1508,2412,1764,2668,314,65536,0,0,0,False,False
12764,3576,962,3832,1218,314,65536,0,0,0,False,False
12765,3138,1295,3394,1551,314,65536,0,0,0,False,False
12766,2839,2018,3095,2274,314,65536,0,0,0,False,False
12767,2132,2410,2388,2666,314,65536,0,0,0,False,False
12768,1934,2326,2190,2582,314,65536,0,0,0,False,False
12769,1939,1505,2195,1761,314,65536,0,0,0,False,False
12770,1938,867,2194,1123,314,65536,0,0,0,False,False
12771,2889,1951,3145,2207,314,65536,0,0,0,False,False
12772,2247,2402,2503,2658,314,65536,0,0,0,False,False
12773,1204,1741,1460,1997,314,65536,0,0,0,False,False
12774,1297,866,1553,1122,314,65536,0,0,0,False,False
12775,3855,2199,4111,2455,314,65536,0,0,0,False,False
12776,2825,1906,3081,2162,314,65536,0,0,0,False,False
12777,1644,1069,1900,1325,314,65536,0,0,0,False,False
12778,1775,1396,2031,1652,314,65536,0,0,0,False,False
12779,3381,1832,3637,2088,314,65536,0,0,0,False,False
12780,1222,2276,1478,2532,351,65536,0,0,0,False,False
12781,1468,1959,1724,2215,351,65536,0,0,0,False,False
12782,3204,2088,3460,2344,351,65536,0,0,0,False,False
12783,1898,973,2154,1229,351,65536,0,0,0,False,False
12784,3380,2192,3636,2448,351,65536,0,0,0,False,False
12785,2538,1499,2794,1755,351,65536,0,0,0,False,False
12786,3914,2340,4170,2596,351,65536,0,0,0,False,False
12787,2098,1832,2354,2088,351,65536,0,0,0,False,False
12788,1680,1860,1936,2116,351,65536,0,0,0,False,False
12789,2180,1486,2436,1742,351,65536,0,0,0,False,False
12790,2495,1918,2751,2174,351,65536,0,0,0,False,False
12791,3195,1087,3451,1343,351,65536,0,0,0,False,False
12792,2711,2189,2967,2445,351,65536,0,0,0,False,False
12793,3159,2002,3415,2258,351,65536,0,0,0,False,False
12794,2854,1207,3110,1463,351,65536,0,0,0,False,False
12795,2661,1713,2917,1969,351,65536,0,0,0,False,False
12796,1389,2308,1645,2564,351,65536,0,0,0,False,True
12797,3500,1324,3756,1580,351,65536,0,0,0,False,False
12798,1353,2310,1609,2566,351,65536,0,0,0,False,False
12799,1151,1435,1407,1691,351,65536,0,0,0,False,False
12800,2082,2350,2338,2606,351,65536,0,0,0,False,False
12801,3610,2252,3866,2508,351,65536,0,0,0,False,False
12802,1215,1947,1471,2203,351,65536,0,0,0,False,False
12803,1214,1239,1470,1495,351,65536,0,0,0,False,False
12804,1802,2217,2058,2473,351,65422,0,114,0,False,True
12805,1607,1817,1863,2073,351,65536,0,0,0,False,False
12806,2606,2020,2862,2276,351,65536,0,0,0,False,False
12807,3976,1047,4232,1303,351,65536,0,0,0,False,False
12808,2715,2466,2971,2722,351,65536,0,0,0,False,False
12809,3590,956,3846,1212,351,65536,0,0,0,False,False
12810,1791,1180,2047,1436,351,65536,0,0,0,False,False
12811,2259,1054,2515,1310,351,65536,0,0,0,False,False
12812,1623,2284,1879,2540,351,64168,0,1368,0,False,True
12813,2053,1388,2309,1644,351,65536,0,0,0,False,True
12814,1545,1868,1801,2124,351,65520,0,16,0,False,False
12815,3018,1141,3274,1397,351,65536,0,0,0,False,False
12816,1286,1641,1542,1897,351,65536,0,0,0,False,False
12817,3039,1496,3295,1752,351,65536,0,0,0,False,False
12818,1694,1739,1950,1995,351,65536,0,0,0,False,False
12819,1924,1517,2180,1773,351,65536,0,0,0,False,False
12820,1883,1076,2139,1332,351,65536,0,0,0,False,True
12821,3811,2069,4067,2325,351,65536,0,0,0,False,False
12822,1995,1243,2251,1499,351,65536,0,0,0,False,False
12823,3320,855,3576,1111,351,65536,0,0,0,False,False
12824,2031,1109,2287,1365,351,65536,0,0,0,False,False
12825,2744,1800,3000,2056,351,65536,0,0,0,False,False
12826,3943,1885,4199,2141,351,65536,0,0,0,False,False
12827,3190,1299,3446,1555,351,65536,0,0,0,False,False
12828,2514,1723,2770,1979,351,65536,0,0,0,False,False
12829,2438,2376,2694,2632,351,65536,0,0,0,False,False
12830,2272,1801,2528,2057,352,65536,0,0,0,False,False
12831,3355,1541,3611,1797,352,65481,55,0,0,True,False
12832,1215,2052,1471,2308,352,65470,66,0,0,True,False
12833,1401,1776,1657,2032,352,65536,0,0,0,False,False
12834,3146,1522,3402,1778,352,62508,3028,0,0,True,False
12835,1206,2160,1462,2416,352,65536,0,0,0,False,False
12836,3149,2025,3405,2281,352,65536,0,0,0,False,False
12837,3689,2306,3945,2562,352,65536,0,0,0,False,False
12838,1153,2476,1409,2732,352,65536,0,0,0,False,False
12839,1511,1611,1767,1867,352,65536,0,0,0,False,False
12840,2124,871,2380,1127,352,65536,0,0,0,False,False
12841,1307,1267,1563,1523,352,65536,0,0,0,False,False
12842,1247,1312,1503,1568,352,65536,0,0,0,False,False
12843,2489,1008,2745,1264,352,65536,0,0,0,False,False
12844,3815,2518,4071,2774,352,65536,0,0,0,False,False
12845,3762,2128,4018,2384,352,65536,0,0,0,False,False
12846,2098,2228,2354,2484,352,65536,0,0,0,False,False
12847,3662,1159,3918,1415,352,65536,0,0,0,False,False
12848,1592,1105,1848,1361,352,65536,0,0,0,False,False
12849,3875,2134,4131,2390,352,65536,0,0,0,False,False
12850,2562,1008,2818,1264,352,65536,0,0,0,False,False
12851,2006,1711,2262,1967,352,65536,0,0,0,False,False
12852,2194,888,2450,1144,352,65536,0,0,0,False,False
12853,2359,1616,2615,1872,352,65536,0,0,0,False,False
12854,1809,1897,2065,2153,352,65122,414,0,0,True,False
12855,1818,1580,2074,1836,352,63352,2184,0,0,True,False
12856,1225,2214,1481,2470,352,65254,282,0,0,True,False
12857,3113,1668,3369,1924,352,64836,700,0,0,True,False
12858,3098,1868,3354,2124,352,65536,0,0,0,False,False
12859,2740,2112,2996,2368,352,65536,0,0,0,False,False
12860,3974,1150,4230,1406,352,65536,0,0,0,False,False
12861,2533,2450,2789,2706,352,65536,0,0,0,False,False
12862,1708,2260,1964,2516,352,65536,0,0,0,False,False
12863,2971,961,3227,1217,352,65536,0,0,0,False,False
12864,1585,2195,1841,2451,352,65536,0,0,0,False,False
12865,1706,1814,1962,2070,352,61420,4116,0,0,True,False
12866,1834,1614,2090,1870,352,62704,2832,0,0,True,False
12867,2175,1370,2431,1626,352,65536,0,0,0,False,False
12868,2517,1478,2773,1734,352,65536,0,0,0,False,False
12869,1967,1913,2223,2169,352,65536,0,0,0,False,False
12870,2595,847,2851,1103,352,65536,0,0,0,False,False
12871,1388,1888,1644,2144,352,64452,1084,0,0,True,False
12872,1341,1444,1597,1700,352,65536,0,0,0,False,False
12873,1122,896,1378,1152,352,65536,0,0,0,False,False
12874,2455,1035,2711,1291,352,65536,0,0,0,False,False
12875,2935,1913,3191,2169,352,65536,0,0,0,False,False
12876,2119,2415,2375,2671,352,65536,0,0,0,False,False
12877,3184,1173,3440,1429,352,65536,0,0,0,False,False
12878,3899,1071,4155,1327,352,65536,0,0,0,False,False
12879,2924,1761,3180,2017,352,65536,0,0,0,False,False
12880,1981,1584,2237,1840,355,65536,0,0,0,False,False
12881,3652,1271,3908,1527,355,65536,0,0,0,False,False
12882,2617,1533,2873,1789,355,65536,0,0,0,False,False
12883,3471,1705,3727,1961,355,65536,0,0,0,False,False
12884,1271,1506,1527,1762,355,65536,0,0,0,False,False
12885,2127,1872,2383,2128,355,65536,0,0,0,False,False
12886,3861,1899,4117,2155,355,65536,0,0,0,False,False
12887,1396,2132,1652,2388,355,65536,0,0,0,False,False
12888,3909,1684,4165,1940,355,65536,0,0,0,False,False
12889,1333,1592,1589,1848,355,65536,0,0,0,False,False
12890,2793,976,3049,1232,355,65536,0,0,0,False,False
12891,3205,1329,3461,1585,355,65536,0,0,0,False,False
12892,3759,2337,4015,2593,355,65536,0,0,0,False,False
12893,1151,1177,1407,1433,355,65536,0,0,0,False,False
12894,1453,2308,1709,2564,355,65536,0,0,0,False,False
12895,1188,1738,1444,1994,355,65536,0,0,0,False,False
12896,3883,1305,4139,1561,355,65536,0,0,0,False,False
12897,1179,1334,1435,1590,355,65536,0,0,0,False,False
12898,3203,1436,3459,1692,355,65536,0,0,0,False,False
12899,3358,1918,3614,2174,355,65536,0,0,0,False,False
12900,3594,2106,3850,2362,355,65536,0,0,0,False,False
12901,3927,2136,4183,2392,355,65536,0,0,0,False,False
12902,1614,2182,1870,2438,355,65536,0,0,0,False,False
12903,1682,2155,1938,2411,355,65536,0,0,0,False,False
12904,3894,1614,4150,1870,355,65536,0,0,0,False,False
12905,1344,2188,1600,2444,355,65536,0,0,0,False,False
12906,1510,1780,1766,2036,355,65536,0,0,0,False,False
12907,3926,1328,4182,1584,355,65536,0,0,0,False,False
12908,1238,882,1494,1138,355,65536,0,0,0,False,False
12909,1164,1864,1420,2120,355,65536,0,0,0,False,False
12910,2700,1094,2956,1350,355,65536,0,0,0,False,False
12911,1425,2416,1681,2672,355,65536,0,0,0,False,False
12912,1909,1963,2165,2219,355,65536,0,0,0,False,False
12913,3801,1261,4057,1517,355,65536,0,0,0,False,False
12914,2662,1284,2918,1540,355,65536,0,0,0,False,False
12915,2052,1026,2308,1282,355,65536,0,0,0,False,False
12916,1327,962,1583,1218,355,65536,0,0,0,False,False
12917,1947,2220,2203,2476,355,65536,0,0,0,False,False
12918,3828,1745,4084,2001,355,65536,0,0,0,False,False
12919,1586,1673,1842,1929,355,65536,0,0,0,False,False
12920,3369,2131,3625,2387,355,65536,0,0,0,False,False
12921,1134,1608,1390,1864,355,65536,0,0,0,False,False
12922,1354,1992,1610,2248,355,65536,0,0,0,False,False
12923,3301,1223,3557,1479,355,65536,0,0,0,False,False
12924,1902,1335,2158,1591,355,65536,0,0,0,False,False
12925,3910,1879,4166,2135,355,65536,0,0,0,False,False
12926,2289,1070,2545,1326,355,65536,0,0,0,False,False
12927,3319,1727,3575,1983,355,65536,0,0,0,False,False
12928,3886,898,4142,1154,355,65536,0,0,0,False,False
12929,1476,2463,1732,2719,355,65536,0,0,0,False,False
12930,2861,2269,3117,2525,356,65536,0,0,0,False,False
12931,3464,1662,3720,1918,356,65536,0,0,0,False,False
12932,2600,1003,2856,1259,356,65536,0,0,0,False,False
12933,2106,2019,2362,2275,356,60290,5246,0,0,True,False
12934,2544,1661,2800,1917,356,61886,3650,0,0,True,False
12935,3837,1516,4093,1772,356,65536,0,0,0,False,False
12936,1256,1732,1512,1988,356,65536,0,0,0,False,False
12937,1914,1246,2170,1502,356,65536,0,0,0,False,False
12938,3200,2394,3456,2650,356,65536,0,0,0,False,False
12939,2767,1881,3023,2137,356,65536,0,0,0,False,False
12940,2479,1898,2735,2154,356,61668,3868,0,0,True,False
12941,1378,2221,1634,2477,356,62700,2836,0,0,True,False
12942,1748,1303,2004,1559,356,65536,0,0,0,False,False
12943,1626,1194,1882,1450,356,65536,0,0,0,False,False
12944,1737,998,1993,1254,356,65536,0,0,0,False,False
12945,3594,2126,3850,2382,356,65536,0,0,0,False,False
12946,3486,1642,3742,1898,356,65536,0,0,0,False,False
12947,1130,1145,1386,1401,356,65536,0,0,0,False,False
12948,3209,1842,3465,2098,356,65536,0,0,0,False,False
12949,1146,2122,1402,2378,356,65536,0,0,0,False,False
12950,2110,1399,2366,1655,356,65536,0,0,0,False,False
12951,2568,2380,2824,2636,356,65536,0,0,0,False,False
12952,2190,1598,2446,1854,356,65536,0,0,0,False,False
12953,2542,1936,2798,2192,356,64168,1368,0,0,True,False
12954,1549,1472,1805,1728,356,65536,0,0,0,False,False
12955,3532,1132,3788,1388,356,64324,1212,0,0,True,False
12956,2296,1438,2552,1694,356,65536,0,0,0,False,False
12957,3077,2420,3333,2676,356,65536,0,0,0,False,False
12958,3189,1768,3445,2024,356,65536,0,0,0,False,False
12959,2550,1303,2806,1559,356,65536,0,0,0,False,False
12960,2857,2336,3113,2592,356,65536,0,0,0,False,False
12961,1730,1125,1986,1381,356,65536,0,0,0,False,False
12962,3795,1652,4051,1908,356,65536,0,0,0,False,False
12963,1639,1566,1895,1822,356,65536,0,0,0,False,False
12964,2778,2031,3034,2287,356,65536,0,0,0,False,False
12965,2376,1639,2632,1895,356,65536,0,0,0,False,False
12966,3091,1987,3347,2243,356,65536,0,0,0,False,False
12967,3259,1007,3515,1263,356,65536,0,0,0,False,False
12968,3855,1179,4111,1435,356,65536,0,0,0,False,False
12969,3628,2288,3884,2544,356,65536,0,0,0,False,False
12970,1963,1920,2219,2176,356,65536,0,0,0,False,False
12971,1120,2228,1376,2484,356,65536,0,0,0,False,False
12972,2581,1760,2837,2016,356,60064,5472,0,0,True,False
12973,3344,2173,3600,2429,356,65536,0,0,0,False,False
12974,1131,1798,1387,2054,356,65536,0,0,0,False,False
12975,2300,2089,2556,2345,356,63570,1966,0,0,True,False
12976,3051,1278,3307,1534,356,65536,0,0,0,False,False
12977,2179,1175,2435,1431,356,65536,0,0,0,False,False
12978,2542,1599,2798,1855,356,63750,1786,0,0,True,False
12979,2054,2433,2310,2689,356,65536,0,0,0,False,False
12980,3992,1791,4248,2047,357,65536,0,0,0,False,False
12981,3764,2522,4020,2778,357,65536,0,0,0,False,False
12982,3188,2334,3444,2590,357,65536,0,0,0,False,False
12983,3663,2156,3919,2412,357,65536,0,0,0,False,False
12984,2163,1917,2419,2173,357,64224,1312,0,0,True,False
12985,1723,1424,1979,1680,357,65536,0,0,0,False,False
12986,1809,1815,2065,2071,357,65536,0,0,0,False,False
12987,2867,2113,3123,2369,357,65536,0,0,0,False,False
12988,1663,857,1919,1113,357,65536,0,0,0,False,False
12989,3432,1745,3688,2001,357,65536,0,0,0,False,False
12990,2564,1979,2820,2235,357,65536,0,0,0,False,False
12991,2995,2124,3251,2380,357,65536,0,0,0,False,False
12992,3486,1166,3742,1422,357,65536,0,0,0,False,False
12993,1224,2239,1480,2495,357,65536,0,0,0,False,False
12994,2436,1652,2692,1908,357,65536,0,0,0,False,False
12995,3551,950,3807,1206,357,65536,0,0,0,False,False
12996,2964,1450,3220,1706,357,65536,0,0,0,False,False
12997,1813,1479,2069,1735,357,65536,0,0,0,False,False
12998,2216,1122,2472,1378,357,65536,0,0,0,False,False
12999,2462,1482,2718,1738,357,65536,0,0,0,False,False
13000,2264,1942,2520,2198,357,65536,0,0,0,False,False
13001,3067,1937,3323,2193,357,65536,0,0,0,False,True
13002,2979,1408,3235,1664,357,65536,0,0,0,False,False
13003,2272,914,2528,1170,357,65536,0,0,0,False,False
13004,2580,1583,2836,1839,357,65536,0,0,0,False,False
13005,3544,862,3800,1118,357,65536,0,0,0,False,False
13006,1640,994,1896,1250,357,65536,0,0,0,False,False
13007,2191,1241,2447,1497,357,65536,0,0,0,False,False
13008,1257,974,1513,1230,357,65536,0,0,0,False,False
13009,3415,2073,3671,2329,357,65536,0,0,0,False,False
13010,2957,1539,3213,1795,357,65536,0,0,0,False,False
13011,3274,1028,3530,1284,357,65536,0,0,0,False,False
13012,3032,1905,3288,2161,357,65536,0,0,0,False,False
13013,1350,2171,1606,2427,357,65536,0,0,0,False,False
13014,2735,2251,2991,2507,357,65536,0,0,0,False,False
13015,2830,1251,3086,1507,357,65536,0,0,0,False,False
13016,2145,2150,2401,2406,357,65536,0,0,0,False,False
13017,2026,1256,2282,1512,357,65536,0,0,0,False,False
13018,2779,1682,3035,1938,357,65536,0,0,0,False,False
13019,2496,1267,2752,1523,357,65536,0,0,0,False,False
13020,3655,1319,3911,1575,357,65536,0,0,0,False,False
13021,1721,1053,1977,1309,357,65536,0,0,0,False,False
13022,1674,1889,1930,2145,357,65536,0,0,0,False,False
13023,3625,1475,3881,1731,357,65536,0,0,0,False,False
13024,2535,1371,2791,1627,357,65536,0,0,0,False,False
13025,1223,883,1479,1139,357,65536,0,0,0,False,False
13026,3418,1713,3674,1969,357,65536,0,0,0,False,False
13027,2719,916,2975,1172,357,65536,0,0,0,False,False
13028,3689,2386,3945,2642,357,65536,0,0,0,False,False
13029,3435,2341,3691,2597,357,65536,0,0,0,False,False
13030,1441,1375,1697,1631,358,65536,0,0,0,False,False
13031,2170,2485,2426,2741,358,65536,0,0,0,False,False
13032,3367,1935,3623,2191,358,65536,0,0,0,False,False
13033,1658,1196,1914,1452,358,65536,0,0,0,False,True
13034,3474,1715,3730,1971,358,65536,0,0,0,False,False
13035,1276,1509,1532,1765,358,65536,0,0,0,False,False
13036,1130,2043,1386,2299,358,65536,0,0,0,False,False
13037,1508,1469,1764,1725,358,65536,0,0,0,False,False
13038,1144,1756,1400,2012,358,65536,0,0,0,False,False
13039,3401,1433,3657,1689,358,64782,754,0,0,True,False
13040,2048,1268,2304,1524,358,65536,0,0,0,False,False
13041,2928,1330,3184,1586,358,65524,12,0,0,True,False
13042,1431,1139,1687,1395,358,65536,0,0,0,False,False
13043,3346,1572,3602,1828,358,65536,0,0,0,False,False
13044,3664,1623,3920,1879,358,65536,0,0,0,False,False
13045,3723,1852,3979,2108,358,65536,0,0,0,False,False
13046,3408,1858,3664,2114,358,65536,0,0,0,False,False
13047,1155,1384,1411,1640,358,65536,0,0,0,False,False
13048,2320,2373,2576,2629,358,65536,0,0,0,False,False
13049,1154,2369,1410,2625,358,65536,0,0,0,False,False
13050,2281,835,2537,1091,358,65536,0,0,0,False,False
13051,2501,1812,2757,2068,358,60856,4680,0,0,True,False
13052,2640,1127,2896,1383,358,65536,0,0,0,False,False
13053,3138,2009,3394,2265,358,65536,0,0,0,False,False
13054,2340,2353,2596,2609,358,65536,0,0,0,False,False
13055,3653,1949,3909,2205,358,65536,0,0,0,False,False
13056,1946,994,2202,1250,358,65536,0,0,0,False,False
13057,2946,1604,3202,1860,358,62464,3072,0,0,True,False
13058,3619,1081,3875,1337,358,65536,0,0,0,False,False
13059,2160,1255,2416,1511,358,65536,0,0,0,False,False
13060,2065,2415,2321,2671,358,65536,0,0,0,False,False
13061,1583,2446,1839,2702,358,65536,0,0,0,False,False
13062,2514,1945,2770,2201,358,63126,2410,0,0,True,False
13063,3771,1720,4027,1976,358,65536,0,0,0,False,False
13064,1214,1158,1470,1414,358,65536,0,0,0,False,False
13065,1953,1407,2209,1663,358,65536,0,0,0,False,False
13066,1440,1353,1696,1609,358,65536,0,0,0,False,False
13067,1419,1697,1675,1953,358,65536,0,0,0,False,False
13068,2283,1521,2539,1777,358,65536,0,0,0,False,False
13069,1872,1807,2128,2063,358,65536,0,0,0,False,False
13070,2841,1279,3097,1535,358,65536,0,0,0,False,False
13071,2290,2295,2546,2551,358,65536,0,0,0,False,False
13072,3060,1517,3316,1773,358,62334,3202,0,0,True,False
13073,2816,1518,3072,1774,358,62944,2592,0,0,True,False
13074,3992,2091,4248,2347,358,65536,0,0,0,False,False
13075,3296,1862,3552,2118,358,65536,0,0,0,False,False
13076,1571,1287,1827,1543,358,65536,0,0,0,False,False
13077,1125,1993,1381,2249,358,65536,0,0,0,False,False
13078,2872,1590,3128,1846,358,61784,3752,0,0,True,False
13079,2552,1116,2808,1372,358,65536,0,0,0,False,False
13080,3132,1790,3388,2046,585,65536,0,0,0,False,False
13081,3417,1608,3673,1864,585,65536,0,0,0,False,False
13082,1837,952,2093,1208,585,65536,0,0,0,False,False
13083,1337,931,1593,1187,585,65536,0,0,0,False,False
13084,2175,2332,2431,2588,585,65536,0,0,0,False,False
13085,3904,1357,4160,1613,585,65536,0,0,0,False,False
13086,1215,1593,1471,1849,585,65536,0,0,0,False,False
13087,2836,2462,3092,2718,585,65536,0,0,0,False,False
13088,2651,2269,2907,2525,585,65536,0,0,0,False,False
13089,1635,2234,1891,2490,585,63836,0,1700,0,False,False
13090,3279,1591,3535,1847,585,65536,0,0,0,False,False
13091,3680,1520,3936,1776,585,65536,0,0,0,False,False
13092,3000,1010,3256,1266,585,65536,0,0,0,False,False
13093,2267,2008,2523,2264,585,65536,0,0,0,False,False
13094,1163,2443,1419,2699,585,65536,0,0,0,False,False
13095,1583,1689,1839,1945,585,64876,0,660,0,False,True
13096,2603,1131,2859,1387,585,65536,0,0,0,False,False
13097,3708,1208,3964,1464,585,65536,0,0,0,False,False
13098,3963,2410,4219,2666,585,65536,0,0,0,False,False
13099,2706,1501,2962,1757,585,65536,0,0,0,False,False
13100,3422,1161,3678,1417,585,65536,0,0,0,False,False
13101,1189,1547,1445,1803,585,65536,0,0,0,False,False
13102,3123,2015,3379,2271,585,65536,0,0,0,False,False
13103,3189,1731,3445,1987,585,65536,0,0,0,False,False
13104,1158,2376,1414,2632,585,65536,0,0,0,False,False
13105,1201,1904,1457,2160,585,65536,0,0,0,False,False
13106,1841,1304,2097,1560,585,65536,0,0,0,False,False
13107,2964,1061,3220,1317,585,65536,0,0,0,False,False
13108,2663,1521,2919,1777,585,65536,0,0,0,False,False
13109,1941,1227,2197,1483,585,65536,0,0,0,False,False
13110,2020,872,2276,1128,585,65536,0,0,0,False,False
13111,3615,2049,3871,2305,585,65536,0,0,0,False,False
13112,3337,899,3593,1155,585,65536,0,0,0,False,False
13113,3637,2379,3893,2635,585,65536,0,0,0,False,False
13114,1230,933,1486,1189,585,65536,0,0,0,False,False
13115,1868,2505,2124,2761,585,65536,0,0,0,False,False
13116,2652,1896,2908,2152,585,65536,0,0,0,False,False
13117,1876,1556,2132,1812,585,65536,0,0,0,False,False
13118,1689,1138,1945,1394,585,65536,0,0,0,False,False
13119,2537,1917,2793,2173,585,65536,0,0,0,False,False
13120,3914,1428,4170,1684,585,65536,0,0,0,False,False
13121,1811,1788,2067,2044,585,65536,0,0,0,False,False
13122,3251,2004,3507,2260,585,65536,0,0,0,False,False
13123,1857,887,2113,1143,585,65536,0,0,0,False,False
13124,2445,2294,2701,2550,585,65536,0,0,0,False,False
13125,3395,2363,3651,2619,585,65536,0,0,0,False,False
13126,1687,847,1943,1103,585,65536,0,0,0,False,False
13127,1928,1823,2184,2079,585,65536,0,0,0,False,False
13128,3001,1561,3257,1817,585,65536,0,0,0,False,False
13129,3052,2398,3308,2654,585,65536,0,0,0,False,False
13130,1201,1949,1457,2205,586,65536,0,0,0,False,False
13131,2262,871,2518,1127,586,65536,0,0,0,False,False
13132,3747,1264,4003,1520,586,65536,0,0,0,False,False
13133,1223,1346,1479,1602,586,65536,0,0,0,False,False
13134,2450,2397,2706,2653,586,65536,0,0,0,False,False
13135,2831,2058,3087,2314,586,65536,0,0,0,False,False
13136,2982,1358,3238,1614,586,65536,0,0,0,False,False
13137,2915,1451,3171,1707,586,65536,0,0,0,False,False
13138,2872,2067,3128,2323,586,65536,0,0,0,False,False
13139,1156,1315,1412,1571,586,65536,0,0,0,False,False
13140,1692,2044,1948,2300,586,59344,6192,0,0,True,False
13141,2877,1600,3133,1856,586,65536,0,0,0,False,False
13142,3541,2033,3797,2289,586,65536,0,0,0,False,False
13143,2664,1154,2920,1410,586,65536,0,0,0,False,False
13144,2633,1652,2889,1908,586,65536,0,0,0,False,False
13145,3965,1886,4221,2142,586,65536,0,0,0,False,False
13146,1138,2478,1394,2734,586,65536,0,0,0,False,False
13147,3136,1651,3392,1907,586,65536,0,0,0,False,False
13148,2283,1764,2539,2020,586,65536,0,0,0,False,False
13149,1213,2044,1469,2300,586,65536,0,0,0,False,False
13150,3641,1053,3897,1309,586,65536,0,0,0,False,False
13151,1484,2103,1740,2359,586,62036,3500,0,0,True,False
13152,1626,1860,1882,2116,586,64724,812,0,0,True,False
13153,2709,1140,2965,1396,586,65536,0,0,0,False,False
13154,2943,1255,3199,1511,586,65536,0,0,0,False,False
13155,1823,1893,2079,2149,586,59799,5737,0,0,True,False
13156,1969,2015,2225,2271,586,65536,0,0,0,False,False
13157,3288,1923,3544,2179,586,65536,0,0,0,False,False
13158,1408,2363,1664,2619,586,65536,0,0,0,False,False
13159,1123,932,1379,1188,586,65536,0,0,0,False,False
13160,2158,835,2414,1091,586,65536,0,0,0,False,False
13161,2351,2457,2607,2713,586,65536,0,0,0,False,False
13162,1362,955,1618,1211,586,65536,0,0,0,False,False
13163,1375,1972,1631,2228,586,65536,0,0,0,False,False
13164,3863,2351,4119,2607,586,65536,0,0,0,False,False
13165,3849,1772,4105,2028,586,65536,0,0,0,False,False
13166,2961,1695,3217,1951,586,65536,0,0,0,False,False
13167,2424,1154,2680,1410,586,56084,9452,0,0,True,False
13168,1584,1250,1840,1506,586,65536,0,0,0,False,False
13169,1240,2002,1496,2258,586,65536,0,0,0,False,False
13170,1262,1486,1518,1742,586,65536,0,0,0,False,False
13171,1472,1913,1728,2169,586,65536,0,0,0,False,False
13172,3138,1245,3394,1501,586,65536,0,0,0,False,False
13173,1145,2241,1401,2497,586,65536,0,0,0,False,False
13174,2773,2166,3029,2422,586,65536,0,0,0,False,False
13175,3891,1667,4147,1923,586,65536,0,0,0,False,False
13176,1254,921,1510,1177,586,65536,0,0,0,False,False
13177,1796,1201,2052,1457,586,65536,0,0,0,False,True
13178,2906,1059,3162,1315,586,65536,0,0,0,False,False
13179,3552,1778,3808,2034,586,65536,0,0,0,False,False
13180,3001,1807,3257,2063,587,60676,4860,0,0,True,False
13181,1545,2281,1801,2537,587,65536,0,0,0,False,False
13182,1985,867,2241,1123,587,65536,0,0,0,False,False
13183,3429,2131,3685,2387,587,65536,0,0,0,False,False
13184,2597,1794,2853,2050,587,65536,0,0,0,False,True
13185,2622,1647,2878,1903,587,65536,0,0,0,False,False
13186,1256,885,1512,1141,587,65536,0,0,0,False,False
13187,1585,1632,1841,1888,587,65536,0,0,0,False,False
13188,3439,2069,3695,2325,587,65536,0,0,0,False,False
13189,1523,1374,1779,1630,587,63368,0,2168,0,False,True
13190,2620,1146,2876,1402,587,65536,0,0,0,False,False
13191,2821,1429,3077,1685,587,65536,0,0,0,False,False
13192,1769,1656,2025,1912,587,65536,0,0,0,False,False
13193,3067,836,3323,1092,587,65536,0,0,0,False,False
13194,2452,858,2708,1114,587,65536,0,0,0,False,False
13195,2203,1997,2459,2253,587,65536,0,0,0,False,False
13196,3018,1142,3274,1398,587,65536,0,0,0,False,False
13197,3041,1699,3297,1955,587,62132,3404,0,0,True,False
13198,1486,1152,1742,1408,587,64980,0,556,0,False,True
13199,1133,2263,1389,2519,587,65536,0,0,0,False,False
13200,3307,2056,3563,2312,587,65536,0,0,0,False,False
13201,2581,2194,2837,2450,587,63274,2262,0,0,True,False
13202,2064,1309,2320,1565,587,65536,0,0,0,False,False
13203,2455,1836,2711,2092,587,65536,0,0,0,False,False
13204,3396,1274,3652,1530,587,62596,2940,0,0,True,False
13205,3335,866,3591,1122,587,65536,0,0,0,False,False
13206,2112,1784,2368,2040,587,65536,0,0,0,False,False
13207,3653,1420,3909,1676,587,65536,0,0,0,False,False
13208,1343,2392,1599,2648,587,65536,0,0,0,False,False
13209,1894,2357,2150,2613,587,65536,0,0,0,False,False
13210,2891,1413,3147,1669,587,65536,0,0,0,False,False
13211,3787,1913,4043,2169,587,65536,0,0,0,False,False
13212,3124,1305,3380,1561,587,65536,0,0,0,False,False
13213,2991,1098,3247,1354,587,65536,0,0,0,False,False
13214,2811,933,3067,1189,587,65536,0,0,0,False,False
13215,1450,2080,1706,2336,587,65536,0,0,0,False,False
13216,3393,2167,3649,2423,587,65536,0,0,0,False,False
13217,1810,1075,2066,1331,587,65536,0,0,0,False,False
13218,3258,1942,3514,2198,587,65536,0,0,0,False,False
13219,3262,1978,3518,2234,587,65536,0,0,0,False,False
13220,1351,1573,1607,1829,587,65536,0,0,0,False,False
13221,2570,1924,2826,2180,587,65536,0,0,0,False,False
13222,3457,1428,3713,1684,587,62938,2598,0,0,True,False
13223,1988,2169,2244,2425,587,65536,0,0,0,False,False
13224,1573,2248,1829,2504,587,65536,0,0,0,False,False
13225,3167,1031,3423,1287,587,65536,0,0,0,False,False
13226,3831,1160,4087,1416,587,65536,0,0,0,False,False
13227,1245,1415,1501,1671,587,65536,0,0,0,False,False
13228,2017,1381,2273,1637,587,65536,0,0,0,False,False
13229,1721,1208,1977,1464,587,65536,0,0,0,False,False
13230,2960,1281,3216,1537,588,60060,5476,0,0,True,False
13231,2295,997,2551,1253,588,65536,0,0,0,False,False
13232,3800,2494,4056,2750,588,65536,0,0,0,False,False
13233,1581,1986,1837,2242,588,65536,0,0,0,False,False
13234,3292,1726,3548,1982,588,65536,0,0,0,False,False
13235,2522,833,2778,1089,588,65536,0,0,0,False,False
13236,2268,1051,2524,1307,588,65536,0,0,0,False,False
13237,3924,2247,4180,2503,588,65536,0,0,0,False,False
13238,1263,1362,1519,1618,588,65536,0,0,0,False,False
13239,1638,2259,1894,2515,588,65536,0,0,0,False,False
13240,2922,1222,3178,1478,588,60100,5436,0,0,True,False
13241,1304,1577,1560,1833,588,65536,0,0,0,False,False
13242,2785,1847,3041,2103,588,65536,0,0,0,False,False
13243,1228,2385,1484,2641,588,65536,0,0,0,False,False
13244,3024,1505,3280,1761,588,60000,5536,0,0,True,False
13245,2277,1254,2533,1510,588,65536,0,0,0,False,False
13246,3959,1043,4215,1299,588,65536,0,0,0,False,False
13247,3926,1556,4182,1812,588,65536,0,0,0,False,False
13248,2792,1197,3048,1453,588,65536,0,0,0,False,False
13249,1446,2031,1702,2287,588,65536,0,0,0,False,False
13250,2520,1597,2776,1853,588,65536,0,0,0,False,False
13251,2690,1813,2946,2069,588,65536,0,0,0,False,False
13252,1230,1902,1486,2158,588,65536,0,0,0,False,False
13253,2162,1221,2418,1477,588,65536,0,0,0,False,False
13254,1747,1339,2003,1595,588,65536,0,0,0,False,False
13255,3150,1728,3406,1984,588,60068,5468,0,0,True,False
13256,1190,1807,1446,2063,588,65536,0,0,0,False,False
13257,3561,1827,3817,2083,588,65536,0,0,0,False,False
13258,2311,2458,2567,2714,588,65536,0,0,0,False,False
13259,3493,1612,3749,1868,588,65536,0,0,0,False,False
13260,1616,1722,1872,1978,588,65536,0,0,0,False,False
13261,2841,2434,3097,2690,588,65536,0,0,0,False,False
13262,1835,1348,2091,1604,588,65536,0,0,0,False,False
13263,3804,1710,4060,1966,588,65536,0,0,0,False,False
13264,3136,2512,3392,2768,588,65536,0,0,0,False,False
13265,2047,1602,2303,1858,588,65536,0,0,0,False,False
13266,2293,1289,2549,1545,588,65536,0,0,0,False,False
13267,2451,2330,2707,2586,588,65536,0,0,0,False,False
13268,3185,1512,3441,1768,588,65536,0,0,0,False,False
13269,3565,1782,3821,2038,588,65536,0,0,0,False,False
13270,3758,1849,4014,2105,588,65536,0,0,0,False,False
13271,3356,1324,3612,1580,588,65536,0,0,0,False,False
13272,2135,1684,2391,1940,588,65536,0,0,0,False,False
13273,3394,1259,3650,1515,588,65536,0,0,0,False,False
13274,3924,1218,4180,1474,588,65536,0,0,0,False,False
13275,2218,1852,2474,2108,588,65536,0,0,0,False,False
13276,3265,2434,3521,2690,588,65536,0,0,0,False,False
13277,2382,1724,2638,1980,588,65536,0,0,0,False,False
13278,2775,853,3031,1109,588,65536,0,0,0,False,False
13279,3698,2219,3954,2475,588,65536,0,0,0,False,False
13280,2875,2010,3131,2266,591,65536,0,0,0,False,False
13281,3432,1069,3688,1325,591,65536,0,0,0,False,False
13282,3199,2487,3455,2743,591,65536,0,0,0,False,False
13283,3377,1177,3633,1433,591,65536,0,0,0,False,False
13284,1322,1069,1578,1325,591,65536,0,0,0,False,False
13285,3844,1732,4100,1988,591,65536,0,0,0,False,False
13286,2837,2320,3093,2576,591,65536,0,0,0,False,False
13287,2851,2390,3107,2646,591,65536,0,0,0,False,True
13288,1351,2457,1607,2713,591,65536,0,0,0,False,False
13289,3099,2111,3355,2367,591,65536,0,0,0,False,False
13290,3403,1520,3659,1776,591,65536,0,0,0,False,False
13291,2130,2106,2386,2362,591,65536,0,0,0,False,True
13292,2286,1338,2542,1594,591,65536,0,0,0,False,False
13293,3655,2097,3911,2353,591,65536,0,0,0,False,False
13294,2878,1849,3134,2105,591,65536,0,0,0,False,False
13295,1992,894,2248,1150,591,65536,0,0,0,False,False
13296,2377,1000,2633,1256,591,65536,0,0,0,False,False
13297,2184,1463,2440,1719,591,65536,0,0,0,False,False
13298,2845,2525,3101,2781,591,65536,0,0,0,False,False
13299,1758,1038,2014,1294,591,65536,0,0,0,False,False
13300,2440,1068,2696,1324,591,65536,0,0,0,False,False
13301,1369,2507,1625,2763,591,65536,0,0,0,False,False
13302,3388,1095,3644,1351,591,65536,0,0,0,False,False
13303,2236,2088,2492,2344,591,65536,0,0,0,False,False
13304,1150,2011,1406,2267,591,65536,0,0,0,False,False
13305,2435,976,2691,1232,591,65536,0,0,0,False,False
13306,3971,1283,4227,1539,591,65536,0,0,0,False,False
13307,2982,1612,3238,1868,591,65536,0,0,0,False,False
13308,3431,1376,3687,1632,591,65536,0,0,0,False,False
13309,3111,1151,3367,1407,591,65536,0,0,0,False,False
13310,1255,2013,1511,2269,591,65536,0,0,0,False,False
13311,3413,2076,3669,2332,591,65536,0,0,0,False,False
13312,1822,1480,2078,1736,591,65536,0,0,0,False,False
13313,2217,921,2473,1177,591,65536,0,0,0,False,False
13314,1606,1714,1862,1970,591,65536,0,0,0,False,False
13315,3471,1381,3727,1637,591,65536,0,0,0,False,False
13316,3734,1905,3990,2161,591,65536,0,0,0,False,False
13317,1850,1508,2106,1764,591,65536,0,0,0,False,False
13318,1382,2077,1638,2333,591,65536,0,0,0,False,False
13319,1469,1505,1725,1761,591,65536,0,0,0,False,False
13320,2758,1727,3014,1983,591,65536,0,0,0,False,False
13321,3044,1057,3300,1313,591,65536,0,0,0,False,False
13322,2718,2512,2974,2768,591,65536,0,0,0,False,False
13323,2302,968,2558,1224,591,65536,0,0,0,False,False
13324,3899,1465,4155,1721,591,65536,0,0,0,False,False
13325,1765,890,2021,1146,591,65536,0,0,0,False,False
13326,2068,1167,2324,1423,591,65536,0,0,0,False,False
13327,2202,1763,2458,2019,591,65536,0,0,0,False,False
13328,2377,1901,2633,2157,591,65536,0,0,0,False,False
13329,2486,1902,2742,2158,591,65536,0,0,0,False,False
13330,3377,1410,3633,1666,592,65536,0,0,0,False,False
13331,3563,1336,3819,1592,592,65536,0,0,0,False,False
13332,2281,2235,2537,2491,592,65536,0,0,0,False,False
13333,2703,2408,2959,2664,592,65526,10,0,0,True,False
13334,3810,1612,4066,1868,592,65536,0,0,0,False,False
13335,2695,1570,2951,1826,592,65536,0,0,0,False,False
13336,1318,1626,1574,1882,592,65536,0,0,0,False,False
13337,1752,1352,2008,1608,592,65536,0,0,0,False,False
13338,3855,1002,4111,1258,592,65536,0,0,0,False,False
13339,3215,945,3471,1201,592,65536,0,0,0,False,False
13340,2489,1554,2745,1810,592,65536,0,0,0,False,False
13341,3869,908,4125,1164,592,65536,0,0,0,False,False
13342,1837,961,2093,1217,592,65536,0,0,0,False,False
13343,2845,1160,3101,1416,592,65536,0,0,0,False,False
13344,3794,1323,4050,1579,592,65536,0,0,0,False,False
13345,2314,1693,2570,1949,592,65536,0,0,0,False,False
13346,2583,1643,2839,1899,592,65536,0,0,0,False,False
13347,3158,1916,3414,2172,592,65536,0,0,0,False,False
13348,1130,2157,1386,2413,592,65536,0,0,0,False,False
13349,1170,892,1426,1148,592,65536,0,0,0,False,False
13350,2682,835,2938,1091,592,65536,0,0,0,False,False
13351,1160,1926,1416,2182,592,65536,0,0,0,False,False
13352,3965,2111,4221,2367,592,65536,0,0,0,False,False
13353,3006,1325,3262,1581,592,65536,0,0,0,False,False
13354,1916,1444,2172,1700,592,65536,0,0,0,False,False
13355,3909,2444,4165,2700,592,65536,0,0,0,False,False
13356,3501,1737,3757,1993,592,65536,0,0,0,False,False
13357,3801,1741,4057,1997,592,65536,0,0,0,False,False
13358,2878,1033,3134,1289,592,65536,0,0,0,False,False
13359,2905,1283,3161,1539,592,65536,0,0,0,False,False
13360,2193,1028,2449,1284,592,65536,0,0,0,False,False
13361,1661,2307,1917,2563,592,65536,0,0,0,False,False
13362,3275,1724,3531,1980,592,65536,0,0,0,False,False
13363,3003,2338,3259,2594,592,63413,2123,0,0,True,False
13364,3143,2278,3399,2534,592,63452,2084,0,0,True,False
13365,2648,2331,2904,2587,592,63840,1696,0,0,True,False
13366,1552,880,1808,1136,592,65536,0,0,0,False,False
13367,1639,2139,1895,2395,592,65536,0,0,0,False,False
13368,2484,1087,2740,1343,592,65536,0,0,0,False,False
13369,2420,1630,2676,1886,592,65536,0,0,0,False,False
13370,1622,1528,1878,1784,592,65536,0,0,0,False,False
13371,1861,1582,2117,1838,592,65536,0,0,0,False,False
13372,1223,1162,1479,1418,592,65536,0,0,0,False,False
13373,3918,1756,4174,2012,592,65536,0,0,0,False,False
13374,3778,2002,4034,2258,592,65536,0,0,0,False,False
13375,1681,1314,1937,1570,592,65536,0,0,0,False,True
13376,1793,1140,2049,1396,592,65536,0,0,0,False,False
13377,3526,2417,3782,2673,592,65536,0,0,0,False,False
13378,1393,1107,1649,1363,592,65536,0,0,0,False,False
13379,3957,2302,4213,2558,592,65536,0,0,0,False,False
13380,2537,1347,2793,1603,597,65536,0,0,0,False,False
13381,1964,2100,2220,2356,597,65536,0,0,0,False,False
13382,2259,1478,2515,1734,597,65536,0,0,0,False,False
13383,1124,1977,1380,2233,597,65536,0,0,0,False,False
13384,2684,933,2940,1189,597,65536,0,0,0,False,False
13385,2587,2239,2843,2495,597,65536,0,0,0,False,False
13386,2457,902,2713,1158,597,65536,0,0,0,False,False
13387,1211,2427,1467,2683,597,65536,0,0,0,False,False
13388,2737,2268,2993,2524,597,65536,0,0,0,False,False
13389,3207,2242,3463,2498,597,65536,0,0,0,False,False
13390,2875,1978,3131,2234,597,65536,0,0,0,False,False
13391,1922,2377,2178,2633,597,65536,0,0,0,False,False
13392,3911,2420,4167,2676,597,65536,0,0,0,False,False
13393,1338,2501,1594,2757,597,65536,0,0,0,False,False
13394,2559,1131,2815,1387,597,65536,0,0,0,False,False
13395,3892,1317,4148,1573,597,65536,0,0,0,False,False
13396,1558,2035,1814,2291,597,65536,0,0,0,False,False
13397,1334,2040,1590,2296,597,65536,0,0,0,False,False
13398,1606,912,1862,1168,597,65536,0,0,0,False,False
13399,3059,1348,3315,1604,597,65536,0,0,0,False,False
13400,3635,1577,3891,1833,597,65536,0,0,0,False,False
13401,3138,1205,3394,1461,597,65536,0,0,0,False,False
13402,3621,2068,3877,2324,597,65536,0,0,0,False,False
13403,1628,1919,1884,2175,597,65536,0,0,0,False,False
13404,3198,1792,3454,2048,597,65536,0,0,0,False,False
13405,3624,937,3880,1193,597,65536,0,0,0,False,False
13406,1668,2439,1924,2695,597,65536,0,0,0,False,False
13407,1710,1917,1966,2173,597,65536,0,0,0,False,False
13408,1710,2161,1966,2417,597,65536,0,0,0,False,False
13409,2827,2254,3083,2510,597,65536,0,0,0,False,False
13410,2389,1439,2645,1695,597,65536,0,0,0,False,False
13411,3432,1720,3688,1976,597,65536,0,0,0,False,False
13412,1714,1639,1970,1895,597,65536,0,0,0,False,False
13413,3531,1334,3787,1590,597,65536,0,0,0,False,False
13414,2823,2150,3079,2406,597,65536,0,0,0,False,False
13415,3031,1668,3287,1924,597,65536,0,0,0,False,False
13416,3030,1042,3286,1298,597,65536,0,0,0,False,False
13417,2566,1711,2822,1967,597,65536,0,0,0,False,False
13418,1829,1433,2085,1689,597,65536,0,0,0,False,False
13419,3524,1646,3780,1902,597,65536,0,0,0,False,False
13420,3793,916,4049,1172,597,65536,0,0,0,False,False
13421,3246,1091,3502,1347,597,65536,0,0,0,False,False
13422,2907,1187,3163,1443,597,65536,0,0,0,False,False
13423,3619,2096,3875,2352,597,65536,0,0,0,False,False
13424,2101,1665,2357,1921,597,65536,0,0,0,False,False
13425,2623,1856,2879,2112,597,65536,0,0,0,False,False
13426,2953,2521,3209,2777,597,65536,0,0,0,False,False
13427,3394,2055,3650,2311,597,65536,0,0,0,False,False
13428,1930,2022,2186,2278,597,65536,0,0,0,False,False
13429,3021,2482,3277,2738,597,65536,0,0,0,False,False
13430,3165,1352,3421,1608,598,65536,0,0,0,False,False
13431,1281,1502,1537,1758,598,65536,0,0,0,False,True
13432,1562,1395,1818,1651,598,65536,0,0,0,False,False
13433,2560,1669,2816,1925,598,65536,0,0,0,False,False
13434,2621,1282,2877,1538,598,65536,0,0,0,False,False
13435,3086,1999,3342,2255,598,65536,0,0,0,False,False
13436,3449,843,3705,1099,598,65536,0,0,0,False,False
13437,3286,899,3542,1155,598,65536,0,0,0,False,False
13438,2889,954,3145,1210,598,65536,0,0,0,False,False
13439,3723,1681,3979,1937,598,65536,0,0,0,False,False
13440,1660,2463,1916,2719,598,65536,0,0,0,False,False
13441,1598,998,1854,1254,598,65536,0,0,0,False,False
13442,1599,1622,1855,1878,598,65536,0,0,0,False,False
13443,2267,1916,2523,2172,598,61356,4180,0,0,True,False
13444,3565,1669,3821,1925,598,65536,0,0,0,False,False
13445,3525,1342,3781,1598,598,65536,0,0,0,False,False
13446,2502,1450,2758,1706,598,65536,0,0,0,False,False
13447,1403,920,1659,1176,598,65536,0,0,0,False,False
13448,3711,2007,3967,2263,598,65536,0,0,0,False,False
13449,3090,1926,3346,2182,598,61392,4144,0,0,True,False
13450,1604,1056,1860,1312,598,65536,0,0,0,False,False
13451,1775,1179,2031,1435,598,65536,0,0,0,False,False
13452,2514,2119,2770,2375,598,65536,0,0,0,False,False
13453,3423,1606,3679,1862,598,65536,0,0,0,False,False
13454,1847,1513,2103,1769,598,65536,0,0,0,False,False
13455,2925,1976,3181,2232,598,62438,3098,0,0,True,False
13456,1691,1709,1947,1965,598,65536,0,0,0,False,False
13457,1704,1804,1960,2060,598,61420,4116,0,0,True,False
13458,2952,1333,3208,1589,598,65536,0,0,0,False,False
13459,1869,1839,2125,2095,598,61388,4148,0,0,True,False
13460,3514,1735,3770,1991,598,63228,2308,0,0,True,False
13461,1455,861,1711,1117,598,65536,0,0,0,False,False
13462,3531,1691,3787,1947,598,65536,0,0,0,False,False
13463,1752,1024,2008,1280,598,65536,0,0,0,False,True
13464,2058,1770,2314,2026,598,61396,4140,0,0,True,False
13465,2093,1642,2349,1898,598,65536,0,0,0,False,False
13466,1332,2008,1588,2264,598,61460,4076,0,0,True,False
13467,3890,1552,4146,1808,598,65536,0,0,0,False,False
13468,1847,858,2103,1114,598,65536,0,0,0,False,False
13469,2515,1428,2771,1684,598,65536,0,0,0,False,False
13470,3721,1581,3977,1837,598,65536,0,0,0,False,False
13471,3733,2495,3989,2751,598,65536,0,0,0,False,False
13472,2043,1951,2299,2207,598,61388,4148,0,0,True,False
13473,3355,2193,3611,2449,598,65536,0,0,0,False,False
13474,2626,1474,2882,1730,598,65536,0,0,0,False,False
13475,1256,1623,1512,1879,598,65536,0,0,0,False,False
13476,2690,1085,2946,1341,598,65536,0,0,0,False,False
13477,3041,2388,3297,2644,598,65536,0,0,0,False,False
13478,3966,2505,4222,2761,598,65536,0,0,0,False,False
13479,2995,1440,3251,1696,598,65536,0,0,0,False,False
13480,2851,1617,3107,1873,653,65536,0,0,0,False,False
13481,2053,2433,2309,2689,653,65536,0,0,0,False,False
13482,2730,2393,2986,2649,653,65536,0,0,0,False,False
13483,3948,1042,4204,1298,653,65536,0,0,0,False,False
13484,1120,1138,1376,1394,653,65536,0,0,0,False,False
13485,1724,1468,1980,1724,653,65536,0,0,0,False,False
13486,2735,898,2991,1154,653,65536,0,0,0,False,False
13487,3324,1165,3580,1421,653,65536,0,0,0,False,False
13488,3327,2258,3583,2514,653,65536,0,0,0,False,False
13489,2424,2303,2680,2559,653,65536,0,0,0,False,False
13490,2263,1566,2519,1822,653,65536,0,0,0,False,False
13491,3838,2020,4094,2276,653,65536,0,0,0,False,False
13492,1306,1810,1562,2066,653,65536,0,0,0,False,False
13493,2266,940,2522,1196,653,65536,0,0,0,False,False
13494,2405,1657,2661,1913,653,65536,0,0,0,False,False
13495,2881,1989,3137,2245,653,65536,0,0,0,False,False
13496,1619,2119,1875,2375,653,65536,0,0,0,False,False
13497,1174,933,1430,1189,653,65536,0,0,0,False,False
13498,2348,2125,2604,2381,653,65536,0,0,0,False,False
13499,1719,972,1975,1228,653,65536,0,0,0,False,False
13500,3882,2455,4138,2711,653,65536,0,0,0,False,False
13501,1744,1509,2000,1765,653,65536,0,0,0,False,False
13502,1491,891,1747,1147,653,65536,0,0,0,False,False
13503,3898,1649,4154,1905,653,65536,0,0,0,False,False
13504,1571,2071,1827,2327,653,65536,0,0,0,False,False
13505,3729,1720,3985,1976,653,65536,0,0,0,False,False
13506,1188,891,1444,1147,653,65536,0,0,0,False,False
13507,3050,2224,3306,2480,653,65536,0,0,0,False,False
13508,1654,1509,1910,1765,653,65536,0,0,0,False,False
13509,1625,1831,1881,2087,653,65536,0,0,0,False,False
13510,3348,1878,3604,2134,653,65536,0,0,0,False,False
13511,3141,2152,3397,2408,653,65536,0,0,0,False,False
13512,3402,2353,3658,2609,653,65536,0,0,0,False,False
13513,2279,1220,2535,1476,653,65536,0,0,0,False,False
13514,3540,1035,3796,1291,653,65536,0,0,0,False,False
13515,1173,913,1429,1169,653,65536,0,0,0,False,False
13516,2541,1314,2797,1570,653,65536,0,0,0,False,False
13517,2761,2142,3017,2398,653,65536,0,0,0,False,False
13518,1808,893,2064,1149,653,65536,0,0,0,False,False
13519,2649,2243,2905,2499,653,65536,0,0,0,False,False
13520,1717,1477,1973,1733,653,65536,0,0,0,False,False
13521,2244,2418,2500,2674,653,65536,0,0,0,False,False
13522,1497,883,1753,1139,653,65536,0,0,0,False,False
13523,2575,2380,2831,2636,653,65536,0,0,0,False,False
13524,2388,1163,2644,1419,653,65536,0,0,0,False,False
13525,2678,891,2934,1147,653,65536,0,0,0,False,False
13526,2800,1503,3056,1759,653,65536,0,0,0,False,False
13527,1767,2487,2023,2743,653,65536,0,0,0,False,False
13528,3187,2202,3443,2458,653,65536,0,0,0,False,False
13529,1996,1357,2252,1613,653,65536,0,0,0,False,False
13530,1255,916,1511,1172,666,65536,0,0,0,False,False
13531,1372,2206,1628,2462,666,65536,0,0,0,False,False
13532,3602,2501,3858,2757,666,65536,0,0,0,False,False
13533,2968,950,3224,1206,666,65536,0,0,0,False,False
13534,1708,834,1964,1090,666,65536,0,0,0,False,False
13535,1151,1923,1407,2179,666,65536,0,0,0,False,False
13536,1275,1924,1531,2180,666,65536,0,0,0,False,False
13537,2017,1376,2273,1632,666,65536,0,0,0,False,False
13538,2314,2125,2570,2381,666,64448,0,1088,0,False,True
13539,2737,1100,2993,1356,666,65536,0,0,0,False,False
13540,1469,1750,1725,2006,666,65536,0,0,0,False,False
13541,3233,925,3489,1181,666,65536,0,0,0,False,False
13542,3467,906,3723,1162,666,65536,0,0,0,False,False
13543,1650,2516,1906,2772,666,65536,0,0,0,False,False
13544,2512,973,2768,1229,666,65536,0,0,0,False,False
13545,3302,968,3558,1224,666,65536,0,0,0,False,False
13546,2807,930,3063,1186,666,65536,0,0,0,False,False
13547,3116,890,3372,1146,666,65536,0,0,0,False,False
13548,2538,880,2794,1136,666,65536,0,0,0,False,False
13549,3532,1451,3788,1707,666,63970,0,1566,0,False,True
13550,3134,1403,3390,1659,666,65536,0,0,0,False,False
13551,1419,2377,1675,2633,666,65536,0,0,0,False,False
13552,1307,2387,1563,2643,666,65536,0,0,0,False,False
13553,3243,2159,3499,2415,666,65536,0,0,0,False,False
13554,1620,1355,1876,1611,666,65536,0,0,0,False,False
13555,3377,2132,3633,2388,666,65536,0,0,0,False,False
13556,3474,1688,3730,1944,666,65496,0,40,0,False,True
13557,2951,1075,3207,1331,666,65536,0,0,0,False,False
13558,2236,1388,2492,1644,666,65536,0,0,0,False,False
13559,3266,1186,3522,1442,666,65536,0,0,0,False,False
13560,2827,1960,3083,2216,666,63252,0,2284,0,False,True
13561,2826,2488,3082,2744,666,65536,0,0,0,False,False
13562,1177,1595,1433,1851,666,65536,0,0,0,False,False
13563,3753,2342,4009,2598,666,65536,0,0,0,False,False
13564,1290,2224,1546,2480,666,65536,0,0,0,False,False
13565,1378,2108,1634,2364,666,65536,0,0,0,False,False
13566,1719,1108,1975,1364,666,65536,0,0,0,False,False
13567,3850,2217,4106,2473,666,65536,0,0,0,False,False
13568,2272,1397,2528,1653,666,65536,0,0,0,False,False
13569,3965,2335,4221,2591,666,65536,0,0,0,False,False
13570,1294,926,1550,1182,666,65536,0,0,0,False,False
13571,3232,850,3488,1106,666,65536,0,0,0,False,False
13572,2910,1097,3166,1353,666,65536,0,0,0,False,False
13573,2712,1576,2968,1832,666,64880,0,656,0,False,True
13574,2355,2291,2611,2547,666,63640,0,1896,0,False,False
13575,2831,1464,3087,1720,666,65536,0,0,0,False,False
13576,2086,1282,2342,1538,666,65536,0,0,0,False,False
13577,3063,1322,3319,1578,666,65536,0,0,0,False,False
13578,3573,1596,3829,1852,666,65376,0,160,0,False,True
13579,1748,2210,2004,2466,666,65536,0,0,0,False,False
13580,3703,1219,3959,1475,672,65536,0,0,0,False,False
13581,2869,1199,3125,1455,672,65536,0,0,0,False,False
13582,1384,1269,1640,1525,672,65536,0,0,0,False,False
13583,3593,2036,3849,2292,672,65536,0,0,0,False,False
13584,3300,2283,3556,2539,672,65536,0,0,0,False,False
13585,1391,2313,1647,2569,672,65536,0,0,0,False,False
13586,1335,1193,1591,1449,672,65536,0,0,0,False,False
13587,2938,1115,3194,1371,672,65536,0,0,0,False,False
13588,3584,2528,3840,2784,672,65536,0,0,0,False,False
13589,3200,1643,3456,1899,672,65536,0,0,0,False,False
13590,3179,1423,3435,1679,672,65536,0,0,0,False,False
13591,2344,1396,2600,1652,672,65536,0,0,0,False,False
13592,2202,1882,2458,2138,672,65536,0,0,0,False,False
13593,1443,948,1699,1204,672,65536,0,0,0,False,False
13594,2443,1330,2699,1586,672,65536,0,0,0,False,False
13595,2395,2097,2651,2353,672,65536,0,0,0,False,False
13596,2028,2479,2284,2735,672,65536,0,0,0,False,False
13597,2205,1319,2461,1575,672,65536,0,0,0,False,False
13598,1580,1470,1836,1726,672,65536,0,0,0,False,False
13599,2670,1158,2926,1414,672,65536,0,0,0,False,False
13600,1563,1811,1819,2067,672,65536,0,0,0,False,False
13601,1707,1628,1963,1884,672,65536,0,0,0,False,False
13602,3929,1371,4185,1627,672,65536,0,0,0,False,False
13603,3922,1709,4178,1965,672,65536,0,0,0,False,False
13604,3573,1838,3829,2094,672,65536,0,0,0,False,True
13605,1714,1209,1970,1465,672,65536,0,0,0,False,False
13606,1613,1243,1869,1499,672,65536,0,0,0,False,False
13607,2531,1641,2787,1897,672,65536,0,0,0,False,False
13608,2928,2517,3184,2773,672,65536,0,0,0,False,False
13609,3768,1116,4024,1372,672,65536,0,0,0,False,False
13610,1282,2478,1538,2734,672,65536,0,0,0,False,False
13611,1246,2106,1502,2362,672,65536,0,0,0,False,False
13612,3984,1082,4240,1338,672,65536,0,0,0,False,False
13613,1331,1775,1587,2031,672,65536,0,0,0,False,False
13614,3175,2023,3431,2279,672,65536,0,0,0,False,False
13615,1185,1421,1441,1677,672,65536,0,0,0,False,False
13616,2685,1479,2941,1735,672,65536,0,0,0,False,False
13617,1208,2181,1464,2437,672,65536,0,0,0,False,False
13618,3740,2213,3996,2469,672,65536,0,0,0,False,False
13619,2027,1810,2283,2066,672,65536,0,0,0,False,False
13620,2013,2265,2269,2521,672,65536,0,0,0,False,False
13621,1932,1848,2188,2104,672,65536,0,0,0,False,False
13622,2859,1890,3115,2146,672,65536,0,0,0,False,False
13623,2124,2439,2380,2695,672,65536,0,0,0,False,False
13624,3768,2433,4024,2689,672,65536,0,0,0,False,False
13625,3717,1519,3973,1775,672,65536,0,0,0,False,False
13626,3364,1124,3620,1380,672,65536,0,0,0,False,False
13627,3779,921,4035,1177,672,65536,0,0,0,False,False
13628,1453,1348,1709,1604,672,65536,0,0,0,False,False
13629,3280,1110,3536,1366,672,65536,0,0,0,False,False
13630,3230,1274,3486,1530,695,64476,0,1060,0,False,True
13631,3181,1970,3437,2226,695,62672,0,2864,0,False,True
13632,2819,2014,3075,2270,695,64574,0,962,0,False,True
13633,2241,1671,2497,1927,695,60308,0,5228,0,False,True
13634,2818,1586,3074,1842,695,65536,0,0,0,False,False
13635,2009,2023,2265,2279,695,62752,0,2784,0,False,False
13636,3894,1059,4150,1315,695,65536,0,0,0,False,False
13637,2366,937,2622,1193,695,64934,0,602,0,False,True
13638,3915,1583,4171,1839,695,65536,0,0,0,False,False
13639,2203,836,2459,1092,695,65536,0,0,0,False,True
13640,1924,1786,2180,2042,695,65536,0,0,0,False,False
13641,3802,1917,4058,2173,695,65536,0,0,0,False,False
13642,1568,2264,1824,2520,695,65536,0,0,0,False,False
13643,2054,2525,2310,2781,695,65536,0,0,0,False,False
13644,2686,1381,2942,1637,695,65536,0,0,0,False,False
13645,1810,981,2066,1237,695,65536,0,0,0,False,False
13646,3026,938,3282,1194,695,65536,0,0,0,False,False
13647,1354,1604,1610,1860,695,65536,0,0,0,False,False
13648,2421,1232,2677,1488,695,65536,0,0,0,False,False
13649,1866,1490,2122,1746,695,65536,0,0,0,False,False
13650,1763,1915,2019,2171,695,65536,0,0,0,False,False
13651,3270,1077,3526,1333,695,65536,0,0,0,False,False
13652,1365,1053,1621,1309,695,65536,0,0,0,False,False
13653,2386,1556,2642,1812,695,64524,0,1012,0,False,True
13654,3131,1827,3387,2083,695,65104,0,432,0,False,False
13655,3818,1424,4074,1680,695,65536,0,0,0,False,False
13656,1774,2043,2030,2299,695,65536,0,0,0,False,False
13657,2436,2454,2692,2710,695,65536,0,0,0,False,False
13658,2127,1834,2383,2090,695,62432,0,3104,0,False,True
13659,3801,2330,4057,2586,695,65536,0,0,0,False,False
13660,1643,1421,1899,1677,695,65536,0,0,0,False,False
13661,3793,2019,4049,2275,695,65536,0,0,0,False,False
13662,2156,1211,2412,1467,695,60068,0,5468,0,False,True
13663,3492,1005,3748,1261,695,65536,0,0,0,False,False
13664,2667,2079,2923,2335,695,61974,0,3562,0,False,True
13665,2833,1118,3089,1374,695,65536,0,0,0,False,False
13666,3771,2504,4027,2760,695,65536,0,0,0,False,False
13667,3912,2054,4168,2310,695,65536,0,0,0,False,False
13668,2323,1798,2579,2054,695,59016,0,6520,0,False,True
13669,3769,1651,4025,1907,695,65536,0,0,0,False,False
13670,3315,2483,3571,2739,695,65536,0,0,0,False,False
13671,3980,1829,4236,2085,695,65536,0,0,0,False,False
13672,3372,1373,3628,1629,695,63796,0,1740,0,False,False
13673,1629,2204,1885,2460,695,65536,0,0,0,False,False
13674,2730,1545,2986,1801,695,65536,0,0,0,False,False
13675,1650,1245,1906,1501,695,62100,0,3436,0,False,True
13676,2949,1895,3205,2151,695,65536,0,0,0,False,False
13677,2467,1801,2723,2057,695,62636,0,2900,0,False,True
13678,3401,1120,3657,1376,695,64764,0,772,0,False,False
13679,1817,2481,2073,2737,695,65536,0,0,0,False,False
13680,1559,1057,1815,1313,697,65536,0,0,0,False,False
13681,2210,1114,2466,1370,697,65536,0,0,0,False,False
13682,1627,1558,1883,1814,697,65536,0,0,0,False,False
13683,1156,2267,1412,2523,697,65536,0,0,0,False,False
13684,2526,1405,2782,1661,697,65536,0,0,0,False,False
13685,2146,1431,2402,1687,697,65536,0,0,0,False,False
13686,3051,2215,3307,2471,697,65536,0,0,0,False,False
13687,2605,1823,2861,2079,697,65536,0,0,0,False,False
13688,3057,2352,3313,2608,697,65536,0,0,0,False,False
13689,1349,1807,1605,2063,697,65536,0,0,0,False,False
13690,3624,1081,3880,1337,697,65536,0,0,0,False,False
13691,3310,924,3566,1180,697,65536,0,0,0,False,False
13692,3647,1488,3903,1744,697,65536,0,0,0,False,False
13693,1819,2156,2075,2412,697,65536,0,0,0,False,False
13694,2235,2102,2491,2358,697,65536,0,0,0,False,True
13695,3314,2042,3570,2298,697,65536,0,0,0,False,False
13696,1172,1932,1428,2188,697,65536,0,0,0,False,False
13697,1714,1623,1970,1879,697,65536,0,0,0,False,False
13698,1629,895,1885,1151,697,65536,0,0,0,False,False
13699,1260,2103,1516,2359,697,65536,0,0,0,False,False
13700,1195,2360,1451,2616,697,65536,0,0,0,False,False
13701,2301,852,2557,1108,697,65536,0,0,0,False,False
13702,3187,985,3443,1241,697,65536,0,0,0,False,False
13703,2079,2248,2335,2504,697,65536,0,0,0,False,False
13704,1611,2516,1867,2772,697,65536,0,0,0,False,False
13705,2464,896,2720,1152,697,65536,0,0,0,False,False
13706,1749,847,2005,1103,697,65536,0,0,0,False,False
13707,3375,1191,3631,1447,697,65536,0,0,0,False,False
13708,1664,1974,1920,2230,697,65536,0,0,0,False,False
13709,3425,1641,3681,1897,697,65536,0,0,0,False,False
13710,1479,1890,1735,2146,697,65536,0,0,0,False,False
13711,1518,2146,1774,2402,697,65536,0,0,0,False,False
13712,1630,1068,1886,1324,697,65536,0,0,0,False,False
13713,3608,2295,3864,2551,697,65536,0,0,0,False,False
13714,3508,1860,3764,2116,697,65536,0,0,0,False,False
13715,3705,2361,3961,2617,697,65536,0,0,0,False,False
13716,2874,1354,3130,1610,697,65536,0,0,0,False,False
13717,1720,869,1976,1125,697,65536,0,0,0,False,False
13718,1148,2042,1404,2298,697,65536,0,0,0,False,False
13719,2826,1965,3082,2221,697,65536,0,0,0,False,False
13720,3238,1373,3494,1629,697,65536,0,0,0,False,False
13721,3245,1139,3501,1395,697,65536,0,0,0,False,False
13722,2304,1762,2560,2018,697,65536,0,0,0,False,False
13723,1791,1823,2047,2079,697,65536,0,0,0,False,False
13724,3738,1042,3994,1298,697,65536,0,0,0,False,False
13725,3443,2071,3699,2327,697,65536,0,0,0,False,False
13726,1295,2332,1551,2588,697,65536,0,0,0,False,False
13727,2393,2519,2649,2775,697,65536,0,0,0,False,False
13728,3448,1069,3704,1325,697,65536,0,0,0,False,False
13729,1945,2216,2201,2472,697,65536,0,0,0,False,False
13730,3975,2443,4231,2699,744,65536,0,0,0,False,False
13731,1828,1247,2084,1503,744,65536,0,0,0,False,False
13732,3176,2466,3432,2722,744,65536,0,0,0,False,False
13733,3674,2160,3930,2416,744,65536,0,0,0,False,False
13734,3012,978,3268,1234,744,65536,0,0,0,False,False
13735,2390,1575,2646,1831,744,65312,0,224,0,False,True
13736,2015,2070,2271,2326,744,65536,0,0,0,False,False
13737,1945,878,2201,1134,744,65536,0,0,0,False,False
13738,1719,1485,1975,1741,744,65340,0,196,0,False,True
13739,3284,1759,3540,2015,744,65536,0,0,0,False,False
13740,2221,1951,2477,2207,744,63072,0,2464,0,False,False
13741,1745,2049,2001,2305,744,63133,0,2403,0,False,True
13742,3901,1887,4157,2143,744,65536,0,0,0,False,False
13743,3936,1675,4192,1931,744,65536,0,0,0,False,False
13744,1852,1956,2108,2212,744,63400,0,2136,0,False,True
13745,2777,2406,3033,2662,744,65536,0,0,0,False,False
13746,3477,2253,3733,2509,744,65536,0,0,0,False,False
13747,2116,1705,2372,1961,744,65458,0,78,0,False,True
13748,1777,1849,2033,2105,744,63252,0,2284,0,False,True
13749,3478,1900,3734,2156,744,65536,0,0,0,False,False
13750,2877,2086,3133,2342,744,65536,0,0,0,False,False
13751,2929,1588,3185,1844,744,65536,0,0,0,False,False
13752,1919,1414,2175,1670,744,65536,0,0,0,False,False
13753,3428,1810,3684,2066,744,65536,0,0,0,False,False
13754,2823,2247,3079,2503,744,65536,0,0,0,False,False
13755,1459,1088,1715,1344,744,65536,0,0,0,False,False
13756,3645,2104,3901,2360,744,65536,0,0,0,False,False
13757,2141,2456,2397,2712,744,65536,0,0,0,False,False
13758,2637,1360,2893,1616,744,65536,0,0,0,False,False
13759,3385,2471,3641,2727,744,65536,0,0,0,False,False
13760,3921,2423,4177,2679,744,65536,0,0,0,False,False
13761,3423,1091,3679,1347,744,65536,0,0,0,False,False
13762,2237,2359,2493,2615,744,65316,0,220,0,False,True
13763,2122,1664,2378,1920,744,64836,0,700,0,False,True
13764,1240,1136,1496,1392,744,65536,0,0,0,False,False
13765,3835,1773,4091,2029,744,65536,0,0,0,False,False
13766,3965,1998,4221,2254,744,65536,0,0,0,False,False
13767,2280,2340,2536,2596,744,65124,0,412,0,False,True
13768,1742,2016,1998,2272,744,63392,0,2144,0,False,False
13769,3431,987,3687,1243,744,65536,0,0,0,False,False
13770,2768,2316,3024,2572,744,65536,0,0,0,False,False
13771,1324,2092,1580,2348,744,64156,0,1380,0,False,True
13772,3772,1476,4028,1732,744,65536,0,0,0,False,False
13773,3810,1084,4066,1340,744,65536,0,0,0,False,False
13774,1484,1440,1740,1696,744,65536,0,0,0,False,False
13775,2725,894,2981,1150,744,65536,0,0,0,False,False
13776,2555,1598,2811,1854,744,65536,0,0,0,False,False
13777,2222,1714,2478,1970,744,62932,0,2604,0,False,True
13778,1715,1108,1971,1364,744,65536,0,0,0,False,False
13779,3436,1663,3692,1919,744,65536,0,0,0,False,False
13780,3469,1229,3725,1485,787,65536,0,0,0,False,False
13781,1708,2255,1964,2511,787,63972,0,1564,0,False,True
13782,2736,1461,2992,1717,787,65536,0,0,0,False,False
13783,1321,1012,1577,1268,787,65536,0,0,0,False,False
13784,2514,1420,2770,1676,787,65536,0,0,0,False,False
13785,2543,1635,2799,1891,787,65536,0,0,0,False,False
13786,2914,2520,3170,2776,787,65536,0,0,0,False,False
13787,2280,2183,2536,2439,787,63244,0,2292,0,False,True
13788,3806,1299,4062,1555,787,65536,0,0,0,False,False
13789,1579,2264,1835,2520,787,64080,0,1456,0,False,True
13790,1255,2151,1511,2407,787,65536,0,0,0,False,False
13791,3511,1541,3767,1797,787,65536,0,0,0,False,False
13792,2419,2414,2675,2670,787,65536,0,0,0,False,False
13793,1969,1933,2225,2189,787,60494,0,5042,0,False,True
13794,2744,1399,3000,1655,787,65536,0,0,0,False,False
13795,3301,2423,3557,2679,787,65437,0,99,0,False,True
13796,3206,1601,3462,1857,787,62904,0,2632,0,False,False
13797,1867,2201,2123,2457,787,65536,0,0,0,False,False
13798,1568,1625,1824,1881,787,65536,0,0,0,False,False
13799,2170,1834,2426,2090,787,65536,0,0,0,False,False
13800,3967,846,4223,1102,787,65536,0,0,0,False,False
13801,3110,1062,3366,1318,787,65536,0,0,0,False,False
13802,2278,1339,2534,1595,787,63558,0,1978,0,False,True
13803,2516,2478,2772,2734,787,65536,0,0,0,False,False
13804,3112,1979,3368,2235,787,65536,0,0,0,False,False
13805,3677,1638,3933,1894,787,65536,0,0,0,False,False
13806,1294,1711,1550,1967,787,64224,0,1312,0,False,False
13807,2718,1392,2974,1648,787,65536,0,0,0,False,False
13808,2567,2450,2823,2706,787,65536,0,0,0,False,False
13809,1848,1992,2104,2248,787,61056,0,4480,0,False,True
13810,1346,1069,1602,1325,787,65536,0,0,0,False,False
13811,1406,1762,1662,2018,787,62768,0,2768,0,False,True
13812,2984,1296,3240,1552,787,65536,0,0,0,False,False
13813,2237,1399,2493,1655,787,63724,0,1812,0,False,True
13814,2058,2004,2314,2260,787,61856,0,3680,0,False,True
13815,3257,2441,3513,2697,787,65536,0,0,0,False,False
13816,1207,1722,1463,1978,787,64064,0,1472,0,False,True
13817,2678,1605,2934,1861,787,65536,0,0,0,False,False
13818,2446,2114,2702,2370,787,65536,0,0,0,False,False
13819,1202,1141,1458,1397,787,65536,0,0,0,False,False
13820,2782,1128,3038,1384,787,65536,0,0,0,False,False
13821,1353,1788,1609,2044,787,60900,0,4636,0,False,True
13822,2042,1231,2298,1487,787,62680,0,2856,0,False,True
13823,1527,1465,1783,1721,787,65536,0,0,0,False,False
13824,2160,2229,2416,2485,787,62054,0,3482,0,False,False
13825,2295,1820,2551,2076,787,65536,0,0,0,False,False
13826,1130,2012,1386,2268,787,65244,0,292,0,False,True
13827,3367,2257,3623,2513,787,63420,0,2116,0,False,False
13828,2349,1036,2605,1292,787,65536,0,0,0,False,False
13829,1377,1039,1633,1295,787,65536,0,0,0,False,False
13830,2234,1388,2490,1644,788,65536,0,0,0,False,False
13831,3159,842,3415,1098,788,65536,0,0,0,False,False
13832,2328,1785,2584,2041,788,62292,3244,0,0,True,False
13833,1210,1627,1466,1883,788,65536,0,0,0,False,False
13834,2302,2471,2558,2727,788,65536,0,0,0,False,False
13835,2162,1167,2418,1423,788,65536,0,0,0,False,False
13836,2206,2196,2462,2452,788,65536,0,0,0,False,False
13837,1245,2418,1501,2674,788,65536,0,0,0,False,False
13838,3861,1272,4117,1528,788,65536,0,0,0,False,False
13839,1371,1442,1627,1698,788,65536,0,0,0,False,False
13840,3910,2452,4166,2708,788,65536,0,0,0,False,False
13841,3711,1689,3967,1945,788,65536,0,0,0,False,False
13842,2345,2073,2601,2329,788,65536,0,0,0,False,False
13843,3338,906,3594,1162,788,65536,0,0,0,False,False
13844,3658,909,3914,1165,788,65536,0,0,0,False,False
13845,1854,1697,2110,1953,788,62056,3480,0,0,True,False
13846,1165,1654,1421,1910,788,65536,0,0,0,False,False
13847,3587,1494,3843,1750,788,65536,0,0,0,False,False
13848,1706,1191,1962,1447,788,65536,0,0,0,False,False
13849,1452,2020,1708,2276,788,65536,0,0,0,False,False
13850,2001,1151,2257,1407,788,65536,0,0,0,False,False
13851,3458,1982,3714,2238,788,61440,0,4096,0,False,False
13852,1672,955,1928,1211,788,65536,0,0,0,False,False
13853,2634,1574,2890,1830,788,65536,0,0,0,False,False
13854,1267,1804,1523,2060,788,65536,0,0,0,False,False
13855,2050,2511,2306,2767,788,65536,0,0,0,False,False
13856,3491,855,3747,1111,788,65536,0,0,0,False,False
13857,3322,1141,3578,1397,788,65536,0,0,0,False,False
13858,1890,1526,2146,1782,788,65536,0,0,0,False,False
13859,2720,1941,2976,2197,788,65536,0,0,0,False,False
13860,1199,1564,1455,1820,788,65536,0,0,0,False,False
13861,2600,2140,2856,2396,788,65536,0,0,0,False,False
13862,3810,2444,4066,2700,788,65536,0,0,0,False,False
13863,3902,2069,4158,2325,788,65536,0,0,0,False,False
13864,3518,2371,3774,2627,788,65536,0,0,0,False,False
13865,1976,1802,2232,2058,788,62284,3252,0,0,True,False
13866,1207,1686,1463,1942,788,65536,0,0,0,False,False
13867,1651,1432,1907,1688,788,65536,0,0,0,False,False
13868,2447,1889,2703,2145,788,65503,33,0,0,True,False
13869,3095,2370,3351,2626,788,65536,0,0,0,False,False
13870,3383,1231,3639,1487,788,65536,0,0,0,False,False
13871,2742,2176,2998,2432,788,65536,0,0,0,False,False
13872,1928,1376,2184,1632,788,65536,0,0,0,False,False
13873,1190,2286,1446,2542,788,65536,0,0,0,False,False
13874,2579,2133,2835,2389,788,65536,0,0,0,False,False
13875,2531,2056,2787,2312,788,65536,0,0,0,False,False
13876,2818,1949,3074,2205,788,65536,0,0,0,False,False
13877,2965,854,3221,1110,788,65536,0,0,0,False,False
13878,3293,1430,3549,1686,788,65536,0,0,0,False,False
13879,1516,2068,1772,2324,788,65536,0,0,0,False,False
13880,1879,2283,2135,2539,790,65536,0,0,0,False,False
13881,3109,2239,3365,2495,790,65536,0,0,0,False,False
13882,2486,1043,2742,1299,790,65536,0,0,0,False,False
13883,3746,2268,4002,2524,790,65536,0,0,0,False,False
13884,1974,1250,2230,1506,790,65536,0,0,0,False,False
13885,3801,1735,4057,1991,790,65536,0,0,0,False,False
13886,2594,1514,2850,1770,790,65536,0,0,0,False,False
13887,3566,1536,3822,1792,790,65536,0,0,0,False,False
13888,1799,2089,2055,2345,790,65536,0,0,0,False,False
13889,1790,2429,2046,2685,790,65536,0,0,0,False,False
13890,2912,1486,3168,1742,790,65536,0,0,0,False,False
13891,2504,1905,2760,2161,790,65536,0,0,0,False,False
13892,1281,839,1537,1095,790,65536,0,0,0,False,False
13893,2200,2418,2456,2674,790,65536,0,0,0,False,False
13894,1515,1910,1771,2166,790,65536,0,0,0,False,False
13895,1784,1366,2040,1622,790,65536,0,0,0,False,False
13896,1921,1277,2177,1533,790,65536,0,0,0,False,False
13897,3649,2172,3905,2428,790,65536,0,0,0,False,False
13898,3047,1475,3303,1731,790,65536,0,0,0,False,False
13899,1387,850,1643,1106,790,65536,0,0,0,False,False
13900,2805,2338,3061,2594,790,65536,0,0,0,False,False
13901,3154,1483,3410,1739,790,65536,0,0,0,False,False
13902,3112,1881,3368,2137,790,65536,0,0,0,False,False
13903,2661,2350,2917,2606,790,65536,0,0,0,False,False
13904,2960,1507,3216,1763,790,65536,0,0,0,False,False
13905,1665,2042,1921,2298,790,65536,0,0,0,False,False
13906,1835,2460,2091,2716,790,65536,0,0,0,False,False
13907,2571,1146,2827,1402,790,65536,0,0,0,False,False
13908,3379,1814,3635,2070,790,65536,0,0,0,False,False
13909,1179,1006,1435,1262,790,65536,0,0,0,False,False
13910,2520,2062,2776,2318,790,65536,0,0,0,False,True
13911,2352,2164,2608,2420,790,65536,0,0,0,False,False
13912,2934,1259,3190,1515,790,65536,0,0,0,False,False
13913,2106,1417,2362,1673,790,65536,0,0,0,False,False
13914,3653,1883,3909,2139,790,65536,0,0,0,False,False
13915,2860,1944,3116,2200,790,65536,0,0,0,False,False
13916,1234,882,1490,1138,790,65536,0,0,0,False,False
13917,3934,1405,4190,1661,790,65536,0,0,0,False,False
13918,3468,874,3724,1130,790,65536,0,0,0,False,False
13919,3624,1070,3880,1326,790,65536,0,0,0,False,False
13920,2949,2254,3205,2510,790,65536,0,0,0,False,False
13921,2503,2156,2759,2412,790,65536,0,0,0,False,False
13922,2872,1702,3128,1958,790,65536,0,0,0,False,False
13923,3535,1090,3791,1346,790,65536,0,0,0,False,False
13924,2380,2230,2636,2486,790,65536,0,0,0,False,False
13925,2230,2113,2486,2369,790,65536,0,0,0,False,False
13926,3751,945,4007,1201,790,65536,0,0,0,False,False
13927,3829,2035,4085,2291,790,65536,0,0,0,False,False
13928,3420,2339,3676,2595,790,65536,0,0,0,False,False
13929,3046,2043,3302,2299,790,65536,0,0,0,False,False
13930,3928,1610,4184,1866,791,65536,0,0,0,False,False
13931,3116,1966,3372,2222,791,65536,0,0,0,False,False
13932,3986,1186,4242,1442,791,65536,0,0,0,False,False
13933,2649,956,2905,1212,791,65536,0,0,0,False,True
13934,3134,1677,3390,1933,791,65536,0,0,0,False,False
13935,3942,1262,4198,1518,791,65536,0,0,0,False,False
13936,1564,2420,1820,2676,791,65536,0,0,0,False,False
13937,2034,1719,2290,1975,791,65536,0,0,0,False,False
13938,2977,1949,3233,2205,791,65536,0,0,0,False,False
13939,1417,1012,1673,1268,791,65536,0,0,0,False,False
13940,3442,1396,3698,1652,791,63744,0,1792,0,False,True
13941,3542,1031,3798,1287,791,65536,0,0,0,False,False
13942,1888,2501,2144,2757,791,65536,0,0,0,False,False
13943,1467,2130,1723,2386,791,65536,0,0,0,False,False
13944,2755,1074,3011,1330,791,65536,0,0,0,False,False
13945,2050,1119,2306,1375,791,65536,0,0,0,False,False
13946,1758,1208,2014,1464,791,65536,0,0,0,False,False
13947,3096,2347,3352,2603,791,64608,928,0,0,True,False
13948,3330,1871,3586,2127,791,65536,0,0,0,False,False
13949,1773,887,2029,1143,791,65536,0,0,0,False,False
13950,1354,2017,1610,2273,791,65536,0,0,0,False,False
13951,3361,870,3617,1126,791,65536,0,0,0,False,False
13952,3554,1313,3810,1569,791,64112,0,1424,0,False,True
13953,2790,2205,3046,2461,791,62240,3296,0,0,True,False
13954,3255,1676,3511,1932,791,65536,0,0,0,False,False
13955,1400,1796,1656,2052,791,65536,0,0,0,False,False
13956,2260,1286,2516,1542,791,65536,0,0,0,False,False
13957,3120,2285,3376,2541,791,62276,3260,0,0,True,False
13958,3075,1929,3331,2185,791,65536,0,0,0,False,False
13959,1165,2059,1421,2315,791,65536,0,0,0,False,False
13960,3439,1935,3695,2191,791,65536,0,0,0,False,False
13961,3239,1515,3495,1771,791,65536,0,0,0,False,False
13962,3561,2207,3817,2463,791,65536,0,0,0,False,False
13963,1515,2092,1771,2348,791,65036,500,0,0,True,False
13964,1706,2383,1962,2639,791,65536,0,0,0,False,False
13965,2768,1348,3024,1604,791,65536,0,0,0,False,False
13966,1245,2297,1501,2553,791,65536,0,0,0,False,True
13967,3298,2181,3554,2437,791,63780,1756,0,0,True,False
13968,1453,1380,1709,1636,791,65536,0,0,0,False,False
13969,1765,1307,2021,1563,791,65536,0,0,0,False,False
13970,1941,1206,2197,1462,791,65536,0,0,0,False,True
13971,3719,1646,3975,1902,791,65536,0,0,0,False,False
13972,3896,1882,4152,2138,791,65536,0,0,0,False,False
13973,2966,1146,3222,1402,791,65536,0,0,0,False,False
13974,3619,1358,3875,1614,791,65048,0,488,0,False,True
13975,2554,1660,2810,1916,791,65536,0,0,0,False,False
13976,3432,1666,3688,1922,791,65536,0,0,0,False,False
13977,2115,2447,2371,2703,791,65536,0,0,0,False,False
13978,2150,2342,2406,2598,791,65536,0,0,0,False,False
13979,3491,2383,3747,2639,791,65536,0,0,0,False,False
13980,2252,1505,2508,1761,792,65536,0,0,0,False,False
13981,3456,1329,3712,1585,792,65536,0,0,0,False,False
13982,1474,1498,1730,1754,792,65536,0,0,0,False,False
13983,3269,1718,3525,1974,792,65536,0,0,0,False,False
13984,3437,1080,3693,1336,792,65536,0,0,0,False,False
13985,3299,1689,3555,1945,792,65536,0,0,0,False,False
13986,3675,1622,3931,1878,792,65536,0,0,0,False,False
13987,2035,1405,2291,1661,792,64794,742,0,0,True,False
13988,2516,2288,2772,2544,792,65536,0,0,0,False,False
13989,3079,1896,3335,2152,792,65536,0,0,0,False,False
13990,2806,1650,3062,1906,792,65536,0,0,0,False,False
13991,2547,2457,2803,2713,792,65536,0,0,0,False,False
13992,3684,1517,3940,1773,792,65536,0,0,0,False,False
13993,3372,2038,3628,2294,792,65536,0,0,0,False,False
13994,1983,1557,2239,1813,792,65536,0,0,0,False,False
13995,3117,2248,3373,2504,792,65536,0,0,0,False,False
13996,3136,2457,3392,2713,792,65536,0,0,0,False,False
13997,3275,1298,3531,1554,792,65536,0,0,0,False,False
13998,1178,2358,1434,2614,792,65536,0,0,0,False,False
13999,1892,1181,2148,1437,792,65536,0,0,0,False,False
14000,3808,1171,4064,1427,792,65536,0,0,0,False,False
14001,3212,1966,3468,2222,792,65536,0,0,0,False,False
14002,2749,1158,3005,1414,792,65536,0,0,0,False,False
14003,1320,1305,1576,1561,792,65536,0,0,0,False,False
14004,1431,925,1687,1181,792,65536,0,0,0,False,False
14005,3190,2247,3446,2503,792,65536,0,0,0,False,False
14006,1479,2228,1735,2484,792,65536,0,0,0,False,False
14007,1432,2510,1688,2766,792,65536,0,0,0,False,False
14008,2524,1753,2780,2009,792,65536,0,0,0,False,False
14009,2465,1827,2721,2083,792,65536,0,0,0,False,False
14010,1967,1844,2223,2100,792,65536,0,0,0,False,False
14011,2287,1583,2543,1839,792,65536,0,0,0,False,False
14012,1215,2274,1471,2530,792,65536,0,0,0,False,True
14013,1982,2334,2238,2590,792,65536,0,0,0,False,False
14014,1522,1952,1778,2208,792,65536,0,0,0,False,False
14015,1662,2462,1918,2718,792,65536,0,0,0,False,False
14016,2032,1530,2288,1786,792,65536,0,0,0,False,False
14017,3243,1589,3499,1845,792,65536,0,0,0,False,False
14018,3710,2301,3966,2557,792,65536,0,0,0,False,False
14019,3616,1356,3872,1612,792,65536,0,0,0,False,False
14020,3447,844,3703,1100,792,65536,0,0,0,False,False
14021,2352,1093,2608,1349,792,65536,0,0,0,False,False
14022,1369,2046,1625,2302,792,65536,0,0,0,False,False
14023,2686,2367,2942,2623,792,65536,0,0,0,False,False
14024,2331,1355,2587,1611,792,63384,2152,0,0,True,False
14025,1772,1773,2028,2029,792,65536,0,0,0,False,False
14026,3662,845,3918,1101,792,65536,0,0,0,False,False
14027,3681,1443,3937,1699,792,65536,0,0,0,False,False
14028,1933,1517,2189,1773,792,65536,0,0,0,False,False
14029,1134,2052,1390,2308,792,65536,0,0,0,False,False
14030,3435,2489,3691,2745,818,65536,0,0,0,False,False
14031,2378,1506,2634,1762,818,65536,0,0,0,False,False
14032,2598,2184,2854,2440,818,65536,0,0,0,False,False
14033,2660,2058,2916,2314,818,65536,0,0,0,False,False
14034,3708,1207,3964,1463,818,65536,0,0,0,False,False
14035,1298,1950,1554,2206,818,65536,0,0,0,False,False
14036,1467,1401,1723,1657,818,65536,0,0,0,False,False
14037,3601,1150,3857,1406,818,65536,0,0,0,False,False
14038,2585,1154,2841,1410,818,65536,0,0,0,False,False
14039,3890,1244,4146,1500,818,65536,0,0,0,False,True
14040,1738,1633,1994,1889,818,65536,0,0,0,False,True
14041,3840,1785,4096,2041,818,65536,0,0,0,False,False
14042,3106,2473,3362,2729,818,65536,0,0,0,False,False
14043,2635,2388,2891,2644,818,65536,0,0,0,False,False
14044,3607,2430,3863,2686,818,65536,0,0,0,False,False
14045,3145,2435,3401,2691,818,65536,0,0,0,False,False
14046,2310,1580,2566,1836,818,65536,0,0,0,False,False
14047,1620,954,1876,1210,818,65536,0,0,0,False,False
14048,3361,1980,3617,2236,818,65536,0,0,0,False,False
14049,2225,1969,2481,2225,818,65536,0,0,0,False,False
14050,1817,1696,2073,1952,818,65536,0,0,0,False,False
14051,1955,1436,2211,1692,818,65536,0,0,0,False,False
14052,3934,937,4190,1193,818,65536,0,0,0,False,False
14053,1731,1182,1987,1438,818,65536,0,0,0,False,False
14054,1416,2480,1672,2736,818,65536,0,0,0,False,False
14055,3488,2291,3744,2547,818,65536,0,0,0,False,False
14056,2645,920,2901,1176,818,65536,0,0,0,False,False
14057,1603,2083,1859,2339,818,65536,0,0,0,False,False
14058,1864,832,2120,1088,818,65536,0,0,0,False,False
14059,3236,1975,3492,2231,818,65536,0,0,0,False,False
14060,2665,1051,2921,1307,818,65536,0,0,0,False,False
14061,3093,2033,3349,2289,818,65536,0,0,0,False,False
14062,3152,1313,3408,1569,818,65536,0,0,0,False,False
14063,3082,1012,3338,1268,818,65536,0,0,0,False,False
14064,2686,2307,2942,2563,818,65536,0,0,0,False,False
14065,2983,1265,3239,1521,818,65536,0,0,0,False,False
14066,1169,2119,1425,2375,818,65536,0,0,0,False,False
14067,2284,1068,2540,1324,818,65536,0,0,0,False,False
14068,3381,2430,3637,2686,818,65536,0,0,0,False,False
14069,2487,2390,2743,2646,818,65536,0,0,0,False,False
14070,1771,2324,2027,2580,818,65536,0,0,0,False,False
14071,2436,2367,2692,2623,818,65536,0,0,0,False,False
14072,1551,1739,1807,1995,818,65536,0,0,0,False,False
14073,3339,1290,3595,1546,818,65536,0,0,0,False,False
14074,2664,988,2920,1244,818,65536,0,0,0,False,False
14075,2009,1491,2265,1747,818,65536,0,0,0,False,False
14076,3520,2246,3776,2502,818,65536,0,0,0,False,False
14077,1263,1447,1519,1703,818,65536,0,0,0,False,False
14078,3469,1964,3725,2220,818,65536,0,0,0,False,False
14079,1816,1049,2072,1305,818,65536,0,0,0,False,False
14080,2362,1306,2618,1562,819,65536,0,0,0,False,False
14081,2121,1205,2377,1461,819,65536,0,0,0,False,False
14082,1867,1488,2123,1744,819,65536,0,0,0,False,False
14083,1950,1821,2206,2077,819,65536,0,0,0,False,False
14084,1468,1260,1724,1516,819,65536,0,0,0,False,False
14085,1188,1458,1444,1714,819,65536,0,0,0,False,False
14086,1296,2280,1552,2536,819,65536,0,0,0,False,False
14087,3364,2331,3620,2587,819,65536,0,0,0,False,False
14088,1798,1946,2054,2202,819,65536,0,0,0,False,False
14089,3651,1656,3907,1912,819,65536,0,0,0,False,False
14090,1950,1376,2206,1632,819,65536,0,0,0,False,False
14091,2698,896,2954,1152,819,65536,0,0,0,False,False
14092,3126,1726,3382,1982,819,63080,2456,0,0,True,False
14093,1623,2043,1879,2299,819,65536,0,0,0,False,False
14094,3980,1610,4236,1866,819,65536,0,0,0,False,False
14095,2056,1013,2312,1269,819,65536,0,0,0,False,False
14096,1331,1506,1587,1762,819,65536,0,0,0,False,False
14097,3392,1891,3648,2147,819,65536,0,0,0,False,False
14098,3384,1183,3640,1439,819,65536,0,0,0,False,False
14099,2845,1486,3101,1742,819,65536,0,0,0,False,False
14100,2309,1579,2565,1835,819,65536,0,0,0,False,False
14101,3674,2038,3930,2294,819,65536,0,0,0,False,True
14102,2602,1457,2858,1713,819,65536,0,0,0,False,False
14103,1638,2410,1894,2666,819,65536,0,0,0,False,False
14104,1886,1714,2142,1970,819,65536,0,0,0,False,False
14105,3875,2012,4131,2268,819,65536,0,0,0,False,False
14106,3813,1612,4069,1868,819,65536,0,0,0,False,False
14107,2606,997,2862,1253,819,65536,0,0,0,False,False
14108,3826,948,4082,1204,819,65536,0,0,0,False,False
14109,3847,1536,4103,1792,819,65536,0,0,0,False,False
14110,3499,1025,3755,1281,819,65536,0,0,0,False,False
14111,2609,1830,2865,2086,819,63088,2448,0,0,True,False
14112,2310,1280,2566,1536,819,65536,0,0,0,False,False
14113,1421,1516,1677,1772,819,65536,0,0,0,False,False
14114,1200,1661,1456,1917,819,65536,0,0,0,False,False
14115,3001,1759,3257,2015,819,63129,2407,0,0,True,False
14116,1334,875,1590,1131,819,65536,0,0,0,False,False
14117,2176,1245,2432,1501,819,65536,0,0,0,False,False
14118,2330,1184,2586,1440,819,65536,0,0,0,False,False
14119,1730,1783,1986,2039,819,65536,0,0,0,False,False
14120,2486,2283,2742,2539,819,65536,0,0,0,False,False
14121,2573,2167,2829,2423,819,65536,0,0,0,False,False
14122,3008,2133,3264,2389,819,65536,0,0,0,False,False
14123,2818,2331,3074,2587,819,65536,0,0,0,False,False
14124,1235,1066,1491,1322,819,65536,0,0,0,False,False
14125,3858,2473,4114,2729,819,65536,0,0,0,False,False
14126,1992,1780,2248,2036,819,65536,0,0,0,False,False
14127,3479,1979,3735,2235,819,65536,0,0,0,False,False
14128,2849,2330,3105,2586,819,65536,0,0,0,False,False
14129,2127,1868,2383,2124,819,65146,390,0,0,True,False
14130,1215,2378,1471,2634,836,65536,0,0,0,False,False
14131,2301,1371,2557,1627,836,65536,0,0,0,False,False
14132,1362,1692,1618,1948,836,65536,0,0,0,False,False
14133,1820,1650,2076,1906,836,65536,0,0,0,False,False
14134,1651,1292,1907,1548,836,65536,0,0,0,False,False
14135,2726,1404,2982,1660,836,65536,0,0,0,False,False
14136,2471,1953,2727,2209,836,65536,0,0,0,False,False
14137,2373,1839,2629,2095,836,65536,0,0,0,False,False
14138,1283,1026,1539,1282,836,65536,0,0,0,False,False
14139,3042,1936,3298,2192,836,65536,0,0,0,False,False
14140,3840,1014,4096,1270,836,65536,0,0,0,False,False
14141,1935,2318,2191,2574,836,65536,0,0,0,False,False
14142,1309,2454,1565,2710,836,65536,0,0,0,False,False
14143,2183,1510,2439,1766,836,65536,0,0,0,False,False
14144,3502,1914,3758,2170,836,65536,0,0,0,False,False
14145,2483,1235,2739,1491,836,65536,0,0,0,False,False
14146,1211,1356,1467,1612,836,65536,0,0,0,False,False
14147,3296,1694,3552,1950,836,65536,0,0,0,False,False
14148,3190,2018,3446,2274,836,65536,0,0,0,False,False
14149,2804,1260,3060,1516,836,65536,0,0,0,False,False
14150,2516,920,2772,1176,836,65536,0,0,0,False,False
14151,2297,2434,2553,2690,836,65536,0,0,0,False,False
14152,2302,1076,2558,1332,836,65536,0,0,0,False,False
14153,2187,843,2443,1099,836,65536,0,0,0,False,False
14154,1332,1520,1588,1776,836,65536,0,0,0,False,True
14155,1627,1964,1883,2220,836,65536,0,0,0,False,False
14156,3052,2069,3308,2325,836,65536,0,0,0,False,False
14157,1711,2267,1967,2523,836,65536,0,0,0,False,False
14158,2559,1890,2815,2146,836,65536,0,0,0,False,False
14159,2695,1293,2951,1549,836,65536,0,0,0,False,False
14160,3129,1473,3385,1729,836,65536,0,0,0,False,False
14161,2121,2423,2377,2679,836,65536,0,0,0,False,False
14162,1143,1150,1399,1406,836,65536,0,0,0,False,False
14163,1253,1861,1509,2117,836,65536,0,0,0,False,False
14164,3802,899,4058,1155,836,65536,0,0,0,False,False
14165,1449,1541,1705,1797,836,65536,0,0,0,False,False
14166,2992,1807,3248,2063,836,65536,0,0,0,False,False
14167,2998,1411,3254,1667,836,65536,0,0,0,False,False
14168,1572,1024,1828,1280,836,65536,0,0,0,False,False
14169,2546,1360,2802,1616,836,65536,0,0,0,False,False
14170,1769,1444,2025,1700,836,65536,0,0,0,False,False
14171,3632,2240,3888,2496,836,65536,0,0,0,False,False
14172,2293,1271,2549,1527,836,65536,0,0,0,False,False
14173,2489,1989,2745,2245,836,65536,0,0,0,False,False
14174,2630,2165,2886,2421,836,65536,0,0,0,False,False
14175,3282,1920,3538,2176,836,65536,0,0,0,False,False
14176,2233,835,2489,1091,836,65536,0,0,0,False,False
14177,2104,2114,2360,2370,836,65536,0,0,0,False,False
14178,1186,1328,1442,1584,836,65536,0,0,0,False,False
14179,3688,1978,3944,2234,836,65536,0,0,0,False,False
14180,3042,2369,3298,2625,855,65536,0,0,0,False,False
14181,2213,2384,2469,2640,855,65536,0,0,0,False,False
14182,3361,2194,3617,2450,855,65536,0,0,0,False,False
14183,3566,2322,3822,2578,855,65536,0,0,0,False,True
14184,2619,1088,2875,1344,855,64232,0,1304,0,False,True
14185,1696,1106,1952,1362,855,64848,0,688,0,False,True
14186,3087,1489,3343,1745,855,65536,0,0,0,False,False
14187,2843,1551,3099,1807,855,65536,0,0,0,False,False
14188,2412,1242,2668,1498,855,63088,0,2448,0,False,True
14189,1558,1768,1814,2024,855,62700,0,2836,0,False,True
14190,3304,2178,3560,2434,855,65536,0,0,0,False,False
14191,1553,1933,1809,2189,855,64080,0,1456,0,False,True
14192,1698,1011,1954,1267,855,64828,0,708,0,False,True
14193,2693,2206,2949,2462,855,65536,0,0,0,False,False
14194,2782,1458,3038,1714,855,65536,0,0,0,False,False
14195,3150,2311,3406,2567,855,65536,0,0,0,False,False
14196,2100,2098,2356,2354,855,65536,0,0,0,False,False
14197,3801,1941,4057,2197,855,65536,0,0,0,False,False
14198,3761,1721,4017,1977,855,65536,0,0,0,False,False
14199,1774,1171,2030,1427,855,64558,0,978,0,False,True
14200,3613,1277,3869,1533,855,65536,0,0,0,False,True
14201,2665,1299,2921,1555,855,65158,0,378,0,False,True
14202,3118,2380,3374,2636,855,65536,0,0,0,False,False
14203,3557,2113,3813,2369,855,65536,0,0,0,False,False
14204,3546,2300,3802,2556,855,65536,0,0,0,False,False
14205,2791,1889,3047,2145,855,65536,0,0,0,False,False
14206,1892,945,2148,1201,855,64284,0,1252,0,False,True
14207,3074,2292,3330,2548,855,65536,0,0,0,False,False
14208,1499,1287,1755,1543,855,65536,0,0,0,False,False
14209,1733,2522,1989,2778,855,65536,0,0,0,False,False
14210,1957,2390,2213,2646,855,65536,0,0,0,False,False
14211,2999,2064,3255,2320,855,65536,0,0,0,False,False
14212,3447,1911,3703,2167,855,65536,0,0,0,False,False
14213,3928,1310,4184,1566,855,65536,0,0,0,False,False
14214,2541,1407,2797,1663,855,65536,0,0,0,False,False
14215,3963,2400,4219,2656,855,65536,0,0,0,False,False
14216,2217,2012,2473,2268,855,65536,0,0,0,False,False
14217,3106,1540,3362,1796,855,65536,0,0,0,False,False
14218,3777,1954,4033,2210,855,65536,0,0,0,False,False
14219,1306,1151,1562,1407,855,65536,0,0,0,False,False
14220,1282,1905,1538,2161,855,65536,0,0,0,False,False
14221,1593,1338,1849,1594,855,65536,0,0,0,False,False
14222,1453,1364,1709,1620,855,65536,0,0,0,False,False
14223,1737,1541,1993,1797,855,65536,0,0,0,False,False
14224,1433,1132,1689,1388,855,65536,0,0,0,False,False
14225,2793,2419,3049,2675,855,65536,0,0,0,False,False
14226,1142,1331,1398,1587,855,65536,0,0,0,False,False
14227,1330,841,1586,1097,855,65536,0,0,0,False,False
14228,1411,1413,1667,1669,855,65452,0,84,0,False,True
14229,3325,1697,3581,1953,855,65536,0,0,0,False,False
14230,1769,1731,2025,1987,863,65536,0,0,0,False,False
14231,1615,2062,1871,2318,863,65298,0,238,0,False,True
14232,3868,1360,4124,1616,863,65536,0,0,0,False,False
14233,1928,2416,2184,2672,863,65536,0,0,0,False,False
14234,1795,1581,2051,1837,863,65536,0,0,0,False,False
14235,3578,1927,3834,2183,863,65536,0,0,0,False,False
14236,2006,1125,2262,1381,863,65536,0,0,0,False,False
14237,2151,2411,2407,2667,863,65536,0,0,0,False,False
14238,2378,1394,2634,1650,863,62996,0,2540,0,False,True
14239,2283,1486,2539,1742,863,65536,0,0,0,False,False
14240,1180,1150,1436,1406,863,65536,0,0,0,False,False
14241,3001,1834,3257,2090,863,65536,0,0,0,False,False
14242,2241,2486,2497,2742,863,65536,0,0,0,False,False
14243,1376,2374,1632,2630,863,65536,0,0,0,False,False
14244,1274,886,1530,1142,863,65536,0,0,0,False,False
14245,1752,2189,2008,2445,863,64328,0,1208,0,False,True
14246,2413,1532,2669,1788,863,63052,0,2484,0,False,True
14247,3466,1558,3722,1814,863,65536,0,0,0,False,False
14248,1435,2157,1691,2413,863,64166,0,1370,0,False,True
14249,1271,894,1527,1150,863,65536,0,0,0,False,False
14250,3842,1587,4098,1843,863,65536,0,0,0,False,False
14251,1189,1963,1445,2219,863,65536,0,0,0,False,False
14252,1571,1781,1827,2037,863,65536,0,0,0,False,False
14253,2147,1740,2403,1996,863,65536,0,0,0,False,False
14254,3467,1273,3723,1529,863,65536,0,0,0,False,False
14255,3371,1245,3627,1501,863,65536,0,0,0,False,False
14256,1147,1648,1403,1904,863,65536,0,0,0,False,False
14257,2876,1568,3132,1824,863,65536,0,0,0,False,False
14258,3625,1458,3881,1714,863,65536,0,0,0,False,False
14259,2180,1418,2436,1674,863,65536,0,0,0,False,False
14260,2958,1567,3214,1823,863,65536,0,0,0,False,False
14261,2808,1999,3064,2255,863,65536,0,0,0,False,False
14262,3310,1275,3566,1531,863,65536,0,0,0,False,False
14263,1471,1120,1727,1376,863,65536,0,0,0,False,False
14264,1426,2400,1682,2656,863,65536,0,0,0,False,False
14265,1851,1056,2107,1312,863,65536,0,0,0,False,False
14266,1905,2069,2161,2325,863,65536,0,0,0,False,False
14267,1250,1746,1506,2002,863,65536,0,0,0,False,False
14268,3282,1572,3538,1828,863,65536,0,0,0,False,False
14269,1382,1308,1638,1564,863,65536,0,0,0,False,False
14270,2284,1351,2540,1607,863,65536,0,0,0,False,False
14271,1165,1790,1421,2046,863,65536,0,0,0,False,False
14272,2059,2125,2315,2381,863,65032,0,504,0,False,True
14273,2928,1916,3184,2172,863,65536,0,0,0,False,False
14274,3851,2441,4107,2697,863,65536,0,0,0,False,False
14275,3163,2295,3419,2551,863,65536,0,0,0,False,False
14276,1687,1109,1943,1365,863,65536,0,0,0,False,False
14277,2855,880,3111,1136,863,65536,0,0,0,False,True
14278,1465,1662,1721,1918,863,65536,0,0,0,False,False
14279,1949,1691,2205,1947,863,65536,0,0,0,False,False
14280,1673,1912,1929,2168,880,65536,0,0,0,False,False
14281,2499,1283,2755,1539,880,63342,0,2194,0,False,True
14282,3449,1450,3705,1706,880,65536,0,0,0,False,False
14283,2976,1126,3232,1382,880,65536,0,0,0,False,False
14284,1586,1442,1842,1698,880,65536,0,0,0,False,False
14285,1458,1042,1714,1298,880,65536,0,0,0,False,False
14286,2806,2065,3062,2321,880,65536,0,0,0,False,False
14287,1802,2020,2058,2276,880,65536,0,0,0,False,False
14288,1403,2129,1659,2385,880,65536,0,0,0,False,False
14289,1739,842,1995,1098,880,65536,0,0,0,False,False
14290,3004,1423,3260,1679,880,65536,0,0,0,False,False
14291,2717,1419,2973,1675,880,65536,0,0,0,False,False
14292,3738,1501,3994,1757,880,65536,0,0,0,False,False
14293,2386,1331,2642,1587,880,63334,0,2202,0,False,True
14294,3783,2182,4039,2438,880,65536,0,0,0,False,False
14295,2908,1969,3164,2225,880,65536,0,0,0,False,False
14296,2317,1700,2573,1956,880,65536,0,0,0,False,False
14297,2754,2471,3010,2727,880,65536,0,0,0,False,False
14298,1885,2238,2141,2494,880,65536,0,0,0,False,False
14299,2067,1669,2323,1925,880,65536,0,0,0,False,False
14300,1886,884,2142,1140,880,65536,0,0,0,False,False
14301,3452,1244,3708,1500,880,65536,0,0,0,False,False
14302,1139,2399,1395,2655,880,65536,0,0,0,False,False
14303,1825,1839,2081,2095,880,65536,0,0,0,False,False
14304,1788,2147,2044,2403,880,65536,0,0,0,False,False
14305,3484,2050,3740,2306,880,65536,0,0,0,False,False
14306,2417,1062,2673,1318,880,64144,0,1392,0,False,True
14307,2203,1205,2459,1461,880,65536,0,0,0,False,False
14308,1384,2074,1640,2330,880,65536,0,0,0,False,True
14309,1381,1355,1637,1611,880,65536,0,0,0,False,False
14310,1943,2292,2199,2548,880,65536,0,0,0,False,True
14311,3651,1203,3907,1459,880,65536,0,0,0,False,False
14312,3374,1053,3630,1309,880,65536,0,0,0,False,False
14313,1685,1097,1941,1353,880,65536,0,0,0,False,False
14314,3726,2182,3982,2438,880,65536,0,0,0,False,False
14315,1292,2230,1548,2486,880,65536,0,0,0,False,False
14316,1779,1666,2035,1922,880,65536,0,0,0,False,False
14317,3103,854,3359,1110,880,65536,0,0,0,False,False
14318,2388,2419,2644,2675,880,65536,0,0,0,False,False
14319,1216,1034,1472,1290,880,65536,0,0,0,False,False
14320,3986,989,4242,1245,880,65536,0,0,0,False,False
14321,1284,2199,1540,2455,880,65536,0,0,0,False,False
14322,1693,1245,1949,1501,880,65536,0,0,0,False,False
14323,2975,1521,3231,1777,880,65536,0,0,0,False,False
14324,1492,1697,1748,1953,880,65536,0,0,0,False,False
14325,1903,1755,2159,2011,880,65536,0,0,0,False,False
14326,2233,1669,2489,1925,880,65536,0,0,0,False,False
14327,3630,1321,3886,1577,880,65536,0,0,0,False,False
14328,3881,1543,4137,1799,880,65536,0,0,0,False,False
14329,2755,1597,3011,1853,880,65536,0,0,0,False,False
14330,3908,1410,4164,1666,887,65536,0,0,0,False,False
14331,3628,2005,3884,2261,887,65536,0,0,0,False,False
14332,2606,2328,2862,2584,887,65536,0,0,0,False,False
14333,3608,1216,3864,1472,887,65536,0,0,0,False,False
14334,3704,1107,3960,1363,887,65536,0,0,0,False,False
14335,1252,1409,1508,1665,887,65536,0,0,0,False,False
14336,2651,1789,2907,2045,887,65536,0,0,0,False,False
14337,2661,850,2917,1106,887,65536,0,0,0,False,False
14338,1815,2356,2071,2612,887,65536,0,0,0,False,False
14339,2480,990,2736,1246,887,65536,0,0,0,False,False
14340,1764,1789,2020,2045,887,65536,0,0,0,False,False
14341,2027,1321,2283,1577,887,65536,0,0,0,False,False
14342,3836,1334,4092,1590,887,65536,0,0,0,False,False
14343,1430,1495,1686,1751,887,65536,0,0,0,False,False
14344,3346,1874,3602,2130,887,65536,0,0,0,False,False
14345,1712,1078,1968,1334,887,65536,0,0,0,False,False
14346,3759,2453,4015,2709,887,65536,0,0,0,False,False
14347,2029,1270,2285,1526,887,65536,0,0,0,False,False
14348,3303,2197,3559,2453,887,65536,0,0,0,False,False
14349,3287,2457,3543,2713,887,65536,0,0,0,False,False
14350,1589,1377,1845,1633,887,65536,0,0,0,False,False
14351,1402,2347,1658,2603,887,65536,0,0,0,False,False
14352,3352,1506,3608,1762,887,65536,0,0,0,False,False
14353,3691,1871,3947,2127,887,65536,0,0,0,False,True
14354,2964,1715,3220,1971,887,65536,0,0,0,False,False
14355,3642,2526,3898,2782,887,65536,0,0,0,False,False
14356,2340,2427,2596,2683,887,65536,0,0,0,False,False
14357,2272,2420,2528,2676,887,65536,0,0,0,False,False
14358,3907,1918,4163,2174,887,65536,0,0,0,False,False
14359,3387,1337,3643,1593,887,65536,0,0,0,False,False
14360,2809,1006,3065,1262,887,65536,0,0,0,False,False
14361,3642,1709,3898,1965,887,65536,0,0,0,False,False
14362,2775,2351,3031,2607,887,65536,0,0,0,False,False
14363,2815,1115,3071,1371,887,65536,0,0,0,False,False
14364,2401,1554,2657,1810,887,65536,0,0,0,False,False
14365,1194,1885,1450,2141,887,65536,0,0,0,False,False
14366,1703,1878,1959,2134,887,65536,0,0,0,False,False
14367,2424,1603,2680,1859,887,65536,0,0,0,False,False
14368,2499,2213,2755,2469,887,65536,0,0,0,False,False
14369,2900,914,3156,1170,887,65536,0,0,0,False,False
14370,2694,1827,2950,2083,887,65536,0,0,0,False,False
14371,2878,1314,3134,1570,887,65536,0,0,0,False,False
14372,2468,1877,2724,2133,887,65536,0,0,0,False,False
14373,3346,1693,3602,1949,887,65536,0,0,0,False,False
14374,3899,1140,4155,1396,887,65536,0,0,0,False,False
14375,2232,1625,2488,1881,887,65536,0,0,0,False,False
14376,3920,1438,4176,1694,887,65536,0,0,0,False,False
14377,1628,2010,1884,2266,887,65536,0,0,0,False,False
14378,1372,1751,1628,2007,887,65536,0,0,0,False,False
14379,3816,2183,4072,2439,887,65536,0,0,0,False,False
14380,3780,960,4036,1216,952,65536,0,0,0,False,False
14381,3914,1119,4170,1375,952,65536,0,0,0,False,False
14382,3441,1119,3697,1375,952,65536,0,0,0,False,False
14383,3549,2252,3805,2508,952,65536,0,0,0,False,False
14384,2972,2003,3228,2259,952,65536,0,0,0,False,False
14385,3805,982,4061,1238,952,65536,0,0,0,False,False
14386,1669,2255,1925,2511,952,65536,0,0,0,False,False
14387,3681,1848,3937,2104,952,65536,0,0,0,False,False
14388,2860,895,3116,1151,952,65536,0,0,0,False,False
14389,1947,1670,2203,1926,952,65536,0,0,0,False,False
14390,3090,1324,3346,1580,952,64469,0,1067,0,False,True
14391,2796,2017,3052,2273,952,65536,0,0,0,False,False
14392,3880,2215,4136,2471,952,65536,0,0,0,False,True
14393,1315,2140,1571,2396,952,65536,0,0,0,False,False
14394,1372,1651,1628,1907,952,65536,0,0,0,False,False
14395,3610,1041,3866,1297,952,65536,0,0,0,False,False
14396,2475,1511,2731,1767,952,65536,0,0,0,False,False
14397,2939,1750,3195,2006,952,64866,0,670,0,False,True
14398,1224,1292,1480,1548,952,65536,0,0,0,False,False
14399,1562,1094,1818,1350,952,65536,0,0,0,False,False
14400,2957,990,3213,1246,952,65536,0,0,0,False,False
14401,1577,1545,1833,1801,952,65536,0,0,0,False,False
14402,2307,1946,2563,2202,952,65536,0,0,0,False,False
14403,3769,1723,4025,1979,952,65536,0,0,0,False,False
14404,1515,2453,1771,2709,952,65536,0,0,0,False,False
14405,1635,1037,1891,1293,952,65536,0,0,0,False,False
14406,1290,979,1546,1235,952,65536,0,0,0,False,False
14407,3952,946,4208,1202,952,65536,0,0,0,False,False
14408,2162,1281,2418,1537,952,65536,0,0,0,False,False
14409,2403,1137,2659,1393,952,65536,0,0,0,False,False
14410,3752,872,4008,1128,952,65536,0,0,0,False,False
14411,3969,2492,4225,2748,952,65536,0,0,0,False,False
14412,2842,1386,3098,1642,952,65536,0,0,0,False,False
14413,2714,1151,2970,1407,952,65536,0,0,0,False,False
14414,1509,1083,1765,1339,952,65536,0,0,0,False,False
14415,2036,1769,2292,2025,952,65536,0,0,0,False,False
14416,3944,1841,4200,2097,952,65536,0,0,0,False,False
14417,3410,1276,3666,1532,952,63926,0,1610,0,False,True
14418,1445,2175,1701,2431,952,65536,0,0,0,False,False
14419,2935,1978,3191,2234,952,65536,0,0,0,False,False
14420,1347,2401,1603,2657,952,65536,0,0,0,False,False
14421,3029,1474,3285,1730,952,63935,0,1601,0,False,False
14422,3690,1247,3946,1503,952,65399,0,137,0,False,True
14423,3045,2391,3301,2647,952,65536,0,0,0,False,False
14424,2491,2191,2747,2447,952,65536,0,0,0,False,False
14425,2435,1629,2691,1885,952,65536,0,0,0,False,False
14426,1754,1873,2010,2129,952,65536,0,0,0,False,False
14427,2923,1076,3179,1332,952,65536,0,0,0,False,False
14428,1160,1717,1416,1973,952,65536,0,0,0,False,False
14429,3605,1901,3861,2157,952,65536,0,0,0,False,False
14430,1162,1896,1418,2152,954,65536,0,0,0,False,False
14431,3771,2461,4027,2717,954,65536,0,0,0,False,False
14432,2841,2161,3097,2417,954,65536,0,0,0,False,False
14433,1400,854,1656,1110,954,65536,0,0,0,False,False
14434,1292,1376,1548,1632,954,65536,0,0,0,False,False
14435,3700,1223,3956,1479,954,65536,0,0,0,False,False
14436,2019,1270,2275,1526,954,65536,0,0,0,False,False
14437,2590,1437,2846,1693,954,65536,0,0,0,False,False
14438,3765,1346,4021,1602,954,65536,0,0,0,False,False
14439,2291,2262,2547,2518,954,65536,0,0,0,False,False
14440,1358,1447,1614,1703,954,65536,0,0,0,False,False
14441,2561,2479,2817,2735,954,65536,0,0,0,False,False
14442,3869,1780,4125,2036,954,65536,0,0,0,False,False
14443,2429,2189,2685,2445,954,65536,0,0,0,False,False
14444,2076,2498,2332,2754,954,65536,0,0,0,False,False
14445,2527,2364,2783,2620,954,65536,0,0,0,False,False
14446,2855,1633,3111,1889,954,65536,0,0,0,False,False
14447,2528,1979,2784,2235,954,65536,0,0,0,False,True
14448,1994,1715,2250,1971,954,65536,0,0,0,False,False
14449,1190,2473,1446,2729,954,65536,0,0,0,False,False
14450,2515,2248,2771,2504,954,65536,0,0,0,False,False
14451,3853,2515,4109,2771,954,65536,0,0,0,False,False
14452,3954,1695,4210,1951,954,65536,0,0,0,False,False
14453,1771,1699,2027,1955,954,65528,0,8,0,False,True
14454,1359,1854,1615,2110,954,65536,0,0,0,False,False
14455,3774,1819,4030,2075,954,65536,0,0,0,False,False
14456,3201,1785,3457,2041,954,65536,0,0,0,False,False
14457,3864,978,4120,1234,954,65536,0,0,0,False,False
14458,3390,1248,3646,1504,954,65536,0,0,0,False,False
14459,1125,2369,1381,2625,954,65536,0,0,0,False,False
14460,3918,946,4174,1202,954,65536,0,0,0,False,False
14461,2401,1973,2657,2229,954,65536,0,0,0,False,False
14462,3595,979,3851,1235,954,65536,0,0,0,False,False
14463,3179,1847,3435,2103,954,65536,0,0,0,False,False
14464,3220,1950,3476,2206,954,65536,0,0,0,False,False
14465,2146,1599,2402,1855,954,65536,0,0,0,False,False
14466,3758,1370,4014,1626,954,65536,0,0,0,False,False
14467,1941,2267,2197,2523,954,65536,0,0,0,False,False
14468,3337,1763,3593,2019,954,65536,0,0,0,False,False
14469,1966,1449,2222,1705,954,65536,0,0,0,False,False
14470,3953,957,4209,1213,954,65536,0,0,0,False,False
14471,2519,1542,2775,1798,954,65536,0,0,0,False,False
14472,2142,1593,2398,1849,954,65536,0,0,0,False,False
14473,2927,860,3183,1116,954,65536,0,0,0,False,False
14474,1797,1732,2053,1988,954,65326,0,210,0,False,True
14475,3132,2304,3388,2560,954,65536,0,0,0,False,False
14476,1345,2137,1601,2393,954,65536,0,0,0,False,False
14477,2184,1576,2440,1832,954,65536,0,0,0,False,False
14478,1404,1720,1660,1976,954,65536,0,0,0,False,False
14479,3533,2484,3789,2740,954,65536,0,0,0,False,False
14480,3980,1532,4236,1788,977,65536,0,0,0,False,False
14481,1831,2150,2087,2406,977,64448,0,1088,0,False,True
14482,1875,2212,2131,2468,977,65442,0,94,0,False,True
14483,2099,2008,2355,2264,977,63460,0,2076,0,False,True
14484,3414,2474,3670,2730,977,65536,0,0,0,False,False
14485,1987,2340,2243,2596,977,65536,0,0,0,False,False
14486,1283,1135,1539,1391,977,65536,0,0,0,False,False
14487,2563,2045,2819,2301,977,65536,0,0,0,False,False
14488,1515,1575,1771,1831,977,65536,0,0,0,False,False
14489,2082,2436,2338,2692,977,65536,0,0,0,False,False
14490,3524,1972,3780,2228,977,65536,0,0,0,False,False
14491,2982,1784,3238,2040,977,65536,0,0,0,False,False
14492,2198,1331,2454,1587,977,65536,0,0,0,False,False
14493,1211,2181,1467,2437,977,64566,0,970,0,False,True
14494,2911,972,3167,1228,977,65536,0,0,0,False,False
14495,3228,1687,3484,1943,977,65536,0,0,0,False,False
14496,1897,2202,2153,2458,977,64854,0,682,0,False,True
14497,2846,2411,3102,2667,977,65536,0,0,0,False,False
14498,3367,1864,3623,2120,977,65536,0,0,0,False,False
14499,3795,1340,4051,1596,977,65536,0,0,0,False,False
14500,2392,2339,2648,2595,977,64124,0,1412,0,False,False
14501,3505,1989,3761,2245,977,65536,0,0,0,False,False
14502,1234,1383,1490,1639,977,65536,0,0,0,False,False
14503,3867,1414,4123,1670,977,65536,0,0,0,False,False
14504,2423,1913,2679,2169,977,65536,0,0,0,False,False
14505,3925,1074,4181,1330,977,65536,0,0,0,False,False
14506,2339,988,2595,1244,977,65536,0,0,0,False,False
14507,3378,1473,3634,1729,977,65536,0,0,0,False,False
14508,2019,2320,2275,2576,977,65536,0,0,0,False,False
14509,1758,1104,2014,1360,977,65536,0,0,0,False,False
14510,3028,2221,3284,2477,977,65536,0,0,0,False,False
14511,3247,1342,3503,1598,977,65536,0,0,0,False,False
14512,1850,1151,2106,1407,977,65536,0,0,0,False,False
14513,2142,912,2398,1168,977,65536,0,0,0,False,False
14514,3068,1354,3324,1610,977,65536,0,0,0,False,True
14515,1456,2180,1712,2436,977,61464,0,4072,0,False,True
14516,2638,1640,2894,1896,977,65536,0,0,0,False,False
14517,3589,1878,3845,2134,977,65536,0,0,0,False,False
14518,1598,2446,1854,2702,977,65536,0,0,0,False,False
14519,2801,1460,3057,1716,977,65536,0,0,0,False,False
14520,2297,1916,2553,2172,977,65536,0,0,0,False,False
14521,3098,2401,3354,2657,977,65536,0,0,0,False,False
14522,1807,2437,2063,2693,977,65536,0,0,0,False,False
14523,2677,1137,2933,1393,977,65536,0,0,0,False,False
14524,3361,1590,3617,1846,977,65536,0,0,0,False,False
14525,1284,1816,1540,2072,977,63572,0,1964,0,False,True
14526,2848,1239,3104,1495,977,65536,0,0,0,False,False
14527,1814,867,2070,1123,977,65536,0,0,0,False,False
14528,1467,853,1723,1109,977,65536,0,0,0,False,False
14529,3616,2399,3872,2655,977,65536,0,0,0,False,False
14530,2591,2482,2847,2738,1009,65536,0,0,0,False,False
14531,2607,2039,2863,2295,1009,65536,0,0,0,False,False
14532,3477,1781,3733,2037,1009,65536,0,0,0,False,False
14533,2531,1297,2787,1553,1009,65536,0,0,0,False,False
14534,1577,2041,1833,2297,1009,65536,0,0,0,False,False
14535,2546,2212,2802,2468,1009,65536,0,0,0,False,False
14536,1598,2285,1854,2541,1009,65536,0,0,0,False,False
14537,3506,2346,3762,2602,1009,65536,0,0,0,False,False
14538,3455,1015,3711,1271,1009,65536,0,0,0,False,False
14539,1981,2198,2237,2454,1009,65536,0,0,0,False,False
14540,2787,1661,3043,1917,1009,65536,0,0,0,False,False
14541,3731,1299,3987,1555,1009,65536,0,0,0,False,False
14542,2566,2422,2822,2678,1009,65536,0,0,0,False,False
14543,3963,1981,4219,2237,1009,65536,0,0,0,False,False
14544,1942,1677,2198,1933,1009,65536,0,0,0,False,False
14545,2778,1363,3034,1619,1009,65536,0,0,0,False,False
14546,1383,2278,1639,2534,1009,65536,0,0,0,False,False
14547,3419,2168,3675,2424,1009,65536,0,0,0,False,False
14548,2240,1909,2496,2165,1009,65536,0,0,0,False,False
14549,1167,2456,1423,2712,1009,65536,0,0,0,False,False
14550,3640,2223,3896,2479,1009,65536,0,0,0,False,False
14551,2279,2436,2535,2692,1009,65536,0,0,0,False,False
14552,1805,1989,2061,2245,1009,65536,0,0,0,False,False
14553,3853,1473,4109,1729,1009,65536,0,0,0,False,False
14554,1360,1773,1616,2029,1009,65536,0,0,0,False,False
14555,1757,1726,2013,1982,1009,65536,0,0,0,False,False
14556,1589,864,1845,1120,1009,65536,0,0,0,False,False
14557,1713,1581,1969,1837,1009,65536,0,0,0,False,False
14558,3216,1049,3472,1305,1009,65536,0,0,0,False,False
14559,1547,2191,1803,2447,1009,65536,0,0,0,False,False
14560,1267,1593,1523,1849,1009,65536,0,0,0,False,False
14561,3783,1193,4039,1449,1009,65536,0,0,0,False,False
14562,1989,1861,2245,2117,1009,65536,0,0,0,False,False
14563,3739,2170,3995,2426,1009,65536,0,0,0,False,False
14564,2905,1547,3161,1803,1009,65536,0,0,0,False,False
14565,2088,2482,2344,2738,1009,65536,0,0,0,False,False
14566,1432,927,1688,1183,1009,65536,0,0,0,False,False
14567,2809,1384,3065,1640,1009,65536,0,0,0,False,False
14568,1222,1937,1478,2193,1009,65536,0,0,0,False,False
14569,3677,2496,3933,2752,1009,65536,0,0,0,False,False
14570,3025,993,3281,1249,1009,65536,0,0,0,False,False
14571,2296,1863,2552,2119,1009,65536,0,0,0,False,False
14572,2845,1745,3101,2001,1009,65536,0,0,0,False,False
14573,3705,1112,3961,1368,1009,65536,0,0,0,False,False
14574,2611,1367,2867,1623,1009,65536,0,0,0,False,False
14575,3487,1796,3743,2052,1009,65536,0,0,0,False,False
14576,2042,1261,2298,1517,1009,65536,0,0,0,False,False
14577,1720,1821,1976,2077,1009,65536,0,0,0,False,False
14578,2736,1974,2992,2230,1009,65536,0,0,0,False,False
14579,1805,1922,2061,2178,1009,65536,0,0,0,False,False
14580,1379,1966,1635,2222,1031,65536,0,0,0,False,False
14581,1672,1467,1928,1723,1031,65536,0,0,0,False,False
14582,2941,2426,3197,2682,1031,65536,0,0,0,False,False
14583,1680,2474,1936,2730,1031,65536,0,0,0,False,False
14584,3598,2085,3854,2341,1031,65536,0,0,0,False,False
14585,1863,2053,2119,2309,1031,65536,0,0,0,False,False
14586,2545,1837,2801,2093,1031,65536,0,0,0,False,False
14587,1241,2171,1497,2427,1031,65536,0,0,0,False,False
14588,3309,2317,3565,2573,1031,65536,0,0,0,False,False
14589,3577,2443,3833,2699,1031,65536,0,0,0,False,False
14590,3115,1556,3371,1812,1031,65536,0,0,0,False,False
14591,2743,941,2999,1197,1031,65536,0,0,0,False,False
14592,2666,1235,2922,1491,1031,65536,0,0,0,False,False
14593,3908,1599,4164,1855,1031,65536,0,0,0,False,False
14594,2036,2120,2292,2376,1031,65536,0,0,0,False,False
14595,1673,2512,1929,2768,1031,65536,0,0,0,False,False
14596,1603,2130,1859,2386,1031,64468,0,1068,0,False,True
14597,1237,1916,1493,2172,1031,65536,0,0,0,False,False
14598,3480,2015,3736,2271,1031,65536,0,0,0,False,False
14599,3310,1474,3566,1730,1031,65536,0,0,0,False,False
14600,3860,1024,4116,1280,1031,65536,0,0,0,False,False
14601,1959,1731,2215,1987,1031,65536,0,0,0,False,False
14602,2190,1679,2446,1935,1031,65536,0,0,0,False,False
14603,2876,2436,3132,2692,1031,65536,0,0,0,False,False
14604,1321,995,1577,1251,1031,65536,0,0,0,False,False
14605,2067,1422,2323,1678,1031,65536,0,0,0,False,False
14606,1629,2032,1885,2288,1031,64892,0,644,0,False,True
14607,2495,2169,2751,2425,1031,65536,0,0,0,False,False
14608,1459,1991,1715,2247,1031,65205,0,331,0,False,True
14609,1762,2389,2018,2645,1031,65536,0,0,0,False,False
14610,3376,1919,3632,2175,1031,65536,0,0,0,False,False
14611,1256,1099,1512,1355,1031,65536,0,0,0,False,False
14612,3361,2124,3617,2380,1031,65536,0,0,0,False,False
14613,1808,2481,2064,2737,1031,65536,0,0,0,False,False
14614,3138,2377,3394,2633,1031,65536,0,0,0,False,False
14615,2207,1655,2463,1911,1031,65536,0,0,0,False,False
14616,3141,998,3397,1254,1031,65536,0,0,0,False,False
14617,3296,1671,3552,1927,1031,65536,0,0,0,False,False
14618,3505,2204,3761,2460,1031,65536,0,0,0,False,False
14619,1630,966,1886,1222,1031,65536,0,0,0,False,False
14620,2791,1901,3047,2157,1031,65536,0,0,0,False,False
14621,1634,969,1890,1225,1031,65536,0,0,0,False,False
14622,3906,1085,4162,1341,1031,65536,0,0,0,False,False
14623,3185,1111,3441,1367,1031,65536,0,0,0,False,False
14624,3107,1330,3363,1586,1031,65536,0,0,0,False,False
14625,3860,1380,4116,1636,1031,65536,0,0,0,False,False
14626,1923,1543,2179,1799,1031,65536,0,0,0,False,False
14627,2639,1869,2895,2125,1031,65536,0,0,0,False,False
14628,1562,929,1818,1185,1031,65536,0,0,0,False,False
14629,1362,2132,1618,2388,1031,65536,0,0,0,False,False
14630,3639,2063,3895,2319,1032,65536,0,0,0,False,False
14631,1443,1149,1699,1405,1032,65536,0,0,0,False,False
14632,1596,2182,1852,2438,1032,65149,387,0,0,True,False
14633,1535,2464,1791,2720,1032,65536,0,0,0,False,False
14634,3034,1387,3290,1643,1032,65536,0,0,0,False,False
14635,3543,1064,3799,1320,1032,65536,0,0,0,False,False
14636,3584,906,3840,1162,1032,65536,0,0,0,False,False
14637,1728,2067,1984,2323,1032,65536,0,0,0,False,False
14638,2887,2264,3143,2520,1032,65239,297,0,0,True,False
14639,1192,2288,1448,2544,1032,65536,0,0,0,False,False
14640,3918,1904,4174,2160,1032,65536,0,0,0,False,False
14641,2172,2128,2428,2384,1032,65181,355,0,0,True,False
14642,3854,2303,4110,2559,1032,65536,0,0,0,False,False
14643,3215,869,3471,1125,1032,65536,0,0,0,False,False
14644,1467,2105,1723,2361,1032,64589,947,0,0,True,False
14645,3571,2451,3827,2707,1032,65536,0,0,0,False,False
14646,3388,2470,3644,2726,1032,65536,0,0,0,False,False
14647,3364,1520,3620,1776,1032,65536,0,0,0,False,False
14648,2359,2245,2615,2501,1032,65536,0,0,0,False,False
14649,2220,1051,2476,1307,1032,65536,0,0,0,False,False
14650,2081,2434,2337,2690,1032,65536,0,0,0,False,False
14651,2967,867,3223,1123,1032,65536,0,0,0,False,True
14652,2416,2396,2672,2652,1032,65536,0,0,0,False,False
14653,1196,1997,1452,2253,1032,65536,0,0,0,False,False
14654,3923,2212,4179,2468,1032,65536,0,0,0,False,False
14655,1538,1021,1794,1277,1032,65536,0,0,0,False,False
14656,2887,1339,3143,1595,1032,65536,0,0,0,False,False
14657,3469,873,3725,1129,1032,65536,0,0,0,False,False
14658,1623,1619,1879,1875,1032,65536,0,0,0,False,False
14659,3691,2385,3947,2641,1032,65536,0,0,0,False,False
14660,3016,1037,3272,1293,1032,65536,0,0,0,False,False
14661,1577,1918,1833,2174,1032,65401,135,0,0,True,False
14662,2134,1605,2390,1861,1032,65536,0,0,0,False,False
14663,3829,1530,4085,1786,1032,65536,0,0,0,False,False
14664,3162,2116,3418,2372,1032,65536,0,0,0,False,False
14665,2272,2407,2528,2663,1032,65536,0,0,0,False,True
14666,2930,1750,3186,2006,1032,65536,0,0,0,False,False
14667,1478,1619,1734,1875,1032,65536,0,0,0,False,False
14668,1497,1191,1753,1447,1032,65536,0,0,0,False,False
14669,3820,1706,4076,1962,1032,65536,0,0,0,False,False
14670,1395,2303,1651,2559,1032,65536,0,0,0,False,False
14671,1902,1773,2158,2029,1032,65490,46,0,0,True,False
14672,3094,1565,3350,1821,1032,65536,0,0,0,False,False
14673,3461,1753,3717,2009,1032,65536,0,0,0,False,False
14674,2619,2186,2875,2442,1032,64226,1310,0,0,True,False
14675,2298,1132,2554,1388,1032,65536,0,0,0,False,False
14676,1633,1481,1889,1737,1032,65536,0,0,0,False,False
14677,3390,1880,3646,2136,1032,65536,0,0,0,False,False
14678,1399,1428,1655,1684,1032,65536,0,0,0,False,False
14679,1452,1493,1708,1749,1032,65536,0,0,0,False,False
14680,3676,1106,3932,1362,1033,65536,0,0,0,False,False
14681,1946,996,2202,1252,1033,65536,0,0,0,False,False
14682,3924,958,4180,1214,1033,65536,0,0,0,False,False
14683,3968,1909,4224,2165,1033,65536,0,0,0,False,False
14684,1277,1433,1533,1689,1033,65536,0,0,0,False,True
14685,1470,2394,1726,2650,1033,65536,0,0,0,False,False
14686,1537,2025,1793,2281,1033,65536,0,0,0,False,False
14687,2685,1538,2941,1794,1033,65536,0,0,0,False,False
14688,2327,1830,2583,2086,1033,65536,0,0,0,False,False
14689,3547,1092,3803,1348,1033,65536,0,0,0,False,False
14690,3413,2081,3669,2337,1033,65536,0,0,0,False,False
14691,2663,1912,2919,2168,1033,65536,0,0,0,False,False
14692,1434,1912,1690,2168,1033,65536,0,0,0,False,False
14693,3685,2385,3941,2641,1033,65536,0,0,0,False,True
14694,1350,1485,1606,1741,1033,65536,0,0,0,False,False
14695,2508,1574,2764,1830,1033,65536,0,0,0,False,False
14696,2532,1403,2788,1659,1033,65536,0,0,0,False,False
14697,1665,1121,1921,1377,1033,65536,0,0,0,False,False
14698,1496,1025,1752,1281,1033,65536,0,0,0,False,False
14699,1516,951,1772,1207,1033,65536,0,0,0,False,False
14700,3109,1190,3365,1446,1033,64324,1212,0,0,True,False
14701,2139,901,2395,1157,1033,65536,0,0,0,False,False
14702,1894,2485,2150,2741,1033,65536,0,0,0,False,False
14703,2032,1115,2288,1371,1033,65536,0,0,0,False,False
14704,3813,1427,4069,1683,1033,65536,0,0,0,False,False
14705,3839,1839,4095,2095,1033,65536,0,0,0,False,False
14706,3630,1111,3886,1367,1033,65536,0,0,0,False,False
14707,2385,1638,2641,1894,1033,65536,0,0,0,False,False
14708,2248,1645,2504,1901,1033,65536,0,0,0,False,False
14709,2859,1379,3115,1635,1033,65536,0,0,0,False,False
14710,2426,923,2682,1179,1033,65536,0,0,0,False,False
14711,1611,2440,1867,2696,1033,65536,0,0,0,False,False
14712,2407,2370,2663,2626,1033,65536,0,0,0,False,False
14713,1446,2312,1702,2568,1033,65536,0,0,0,False,False
14714,2065,2436,2321,2692,1033,65536,0,0,0,False,False
14715,1579,2465,1835,2721,1033,65536,0,0,0,False,False
14716,2357,1188,2613,1444,1033,65536,0,0,0,False,False
14717,1326,947,1582,1203,1033,65536,0,0,0,False,False
14718,2489,2442,2745,2698,1033,65536,0,0,0,False,False
14719,2171,2170,2427,2426,1033,65536,0,0,0,False,False
14720,3420,2181,3676,2437,1033,65536,0,0,0,False,False
14721,3518,1441,3774,1697,1033,65536,0,0,0,False,False
14722,3487,2276,3743,2532,1033,65536,0,0,0,False,False
14723,3388,2192,3644,2448,1033,65536,0,0,0,False,False
14724,1877,1625,2133,1881,1033,65536,0,0,0,False,False
14725,3340,1928,3596,2184,1033,65536,0,0,0,False,False
14726,3840,2465,4096,2721,1033,65536,0,0,0,False,False
14727,3221,1671,3477,1927,1033,65536,0,0,0,False,False
14728,2257,1317,2513,1573,1033,65536,0,0,0,False,False
14729,1555,1006,1811,1262,1033,65536,0,0,0,False,False
14730,1849,997,2105,1253,1037,65536,0,0,0,False,False
14731,1147,849,1403,1105,1037,65536,0,0,0,False,False
14732,3706,1376,3962,1632,1037,65536,0,0,0,False,False
14733,2636,1810,2892,2066,1037,65536,0,0,0,False,True
14734,1191,1191,1447,1447,1037,65536,0,0,0,False,False
14735,2425,2146,2681,2402,1037,65536,0,0,0,False,False
14736,3374,1663,3630,1919,1037,65536,0,0,0,False,False
14737,3650,1555,3906,1811,1037,65536,0,0,0,False,False
14738,3084,929,3340,1185,1037,65536,0,0,0,False,False
14739,3499,1856,3755,2112,1037,65536,0,0,0,False,False
14740,2664,2431,2920,2687,1037,65536,0,0,0,False,False
14741,3781,1673,4037,1929,1037,65536,0,0,0,False,False
14742,1550,2077,1806,2333,1037,65536,0,0,0,False,False
14743,1285,1671,1541,1927,1037,65536,0,0,0,False,False
14744,1854,1848,2110,2104,1037,65536,0,0,0,False,False
14745,1936,2285,2192,2541,1037,65536,0,0,0,False,False
14746,3075,1204,3331,1460,1037,65536,0,0,0,False,False
14747,3079,1382,3335,1638,1037,65536,0,0,0,False,False
14748,1862,1248,2118,1504,1037,65536,0,0,0,False,False
14749,1909,2322,2165,2578,1037,65536,0,0,0,False,False
14750,1695,1460,1951,1716,1037,65536,0,0,0,False,False
14751,2303,1272,2559,1528,1037,65536,0,0,0,False,False
14752,3190,1398,3446,1654,1037,65536,0,0,0,False,False
14753,3733,914,3989,1170,1037,65536,0,0,0,False,False
14754,3872,1007,4128,1263,1037,65536,0,0,0,False,False
14755,1740,2162,1996,2418,1037,65536,0,0,0,False,False
14756,1193,858,1449,1114,1037,65536,0,0,0,False,False
14757,2115,1026,2371,1282,1037,65536,0,0,0,False,False
14758,3881,2068,4137,2324,1037,65536,0,0,0,False,False
14759,2724,1082,2980,1338,1037,65536,0,0,0,False,False
14760,2135,1190,2391,1446,1037,65536,0,0,0,False,False
14761,2649,1200,2905,1456,1037,65536,0,0,0,False,False
14762,3880,1022,4136,1278,1037,65536,0,0,0,False,False
14763,3407,2280,3663,2536,1037,65536,0,0,0,False,False
14764,2879,2490,3135,2746,1037,65536,0,0,0,False,False
14765,2539,2397,2795,2653,1037,65536,0,0,0,False,False
14766,2855,1999,3111,2255,1037,65536,0,0,0,False,False
14767,1682,2502,1938,2758,1037,65536,0,0,0,False,False
14768,1852,1519,2108,1775,1037,65536,0,0,0,False,False
14769,2847,2138,3103,2394,1037,65536,0,0,0,False,False
14770,2593,2180,2849,2436,1037,65536,0,0,0,False,False
14771,1664,2111,1920,2367,1037,65536,0,0,0,False,False
14772,3516,1704,3772,1960,1037,65536,0,0,0,False,False
14773,1346,2520,1602,2776,1037,65536,0,0,0,False,False
14774,2208,1116,2464,1372,1037,65536,0,0,0,False,False
14775,1964,1200,2220,1456,1037,65536,0,0,0,False,False
14776,2713,1449,2969,1705,1037,65536,0,0,0,False,False
14777,2658,2371,2914,2627,1037,65536,0,0,0,False,False
14778,2974,938,3230,1194,1037,65536,0,0,0,False,False
14779,2147,1381,2403,1637,1037,65536,0,0,0,False,False
14780,3952,2449,4208,2705,1039,65536,0,0,0,False,False
14781,3881,1905,4137,2161,1039,65536,0,0,0,False,False
14782,2137,990,2393,1246,1039,65536,0,0,0,False,False
14783,1948,1871,2204,2127,1039,65536,0,0,0,False,False
14784,1989,1652,2245,1908,1039,65536,0,0,0,False,False
14785,3963,1229,4219,1485,1039,65536,0,0,0,False,False
14786,3317,1412,3573,1668,1039,65536,0,0,0,False,False
14787,1542,1849,1798,2105,1039,65536,0,0,0,False,False
14788,2218,1091,2474,1347,1039,65536,0,0,0,False,False
14789,1828,1808,2084,2064,1039,65536,0,0,0,False,False
14790,3200,1296,3456,1552,1039,65536,0,0,0,False,False
14791,2592,1057,2848,1313,1039,65536,0,0,0,False,False
14792,2758,2033,3014,2289,1039,65536,0,0,0,False,False
14793,2630,2504,2886,2760,1039,65536,0,0,0,False,False
14794,2632,1629,2888,1885,1039,65536,0,0,0,False,False
14795,2434,1748,2690,2004,1039,65536,0,0,0,False,False
14796,1598,932,1854,1188,1039,65536,0,0,0,False,True
14797,2316,2264,2572,2520,1039,65536,0,0,0,False,False
14798,1985,2238,2241,2494,1039,65536,0,0,0,False,False
14799,2248,1974,2504,2230,1039,65536,0,0,0,False,False
14800,2749,888,3005,1144,1039,65536,0,0,0,False,False
14801,3282,1800,3538,2056,1039,65536,0,0,0,False,False
14802,2451,973,2707,1229,1039,65536,0,0,0,False,False
14803,3896,1608,4152,1864,1039,65536,0,0,0,False,False
14804,1321,2063,1577,2319,1039,65536,0,0,0,False,False
14805,3295,2459,3551,2715,1039,65536,0,0,0,False,False
14806,3825,1669,4081,1925,1039,65536,0,0,0,False,False
14807,3808,1955,4064,2211,1039,65536,0,0,0,False,False
14808,3269,2120,3525,2376,1039,65536,0,0,0,False,False
14809,3717,1693,3973,1949,1039,65536,0,0,0,False,False
14810,1212,2108,1468,2364,1039,65536,0,0,0,False,False
14811,3190,1641,3446,1897,1039,65536,0,0,0,False,False
14812,3786,1042,4042,1298,1039,65536,0,0,0,False,False
14813,1657,884,1913,1140,1039,65536,0,0,0,False,False
14814,2308,1165,2564,1421,1039,65536,0,0,0,False,False
14815,2329,1363,2585,1619,1039,65536,0,0,0,False,False
14816,2339,891,2595,1147,1039,65536,0,0,0,False,False
14817,1262,1089,1518,1345,1039,65536,0,0,0,False,False
14818,1999,1142,2255,1398,1039,65536,0,0,0,False,False
14819,3496,2499,3752,2755,1039,65536,0,0,0,False,False
14820,3588,885,3844,1141,1039,65536,0,0,0,False,False
14821,1208,1071,1464,1327,1039,65536,0,0,0,False,False
14822,1223,1522,1479,1778,1039,65536,0,0,0,False,False
14823,2526,1392,2782,1648,1039,65536,0,0,0,False,False
14824,2893,2228,3149,2484,1039,65536,0,0,0,False,False
14825,3265,2342,3521,2598,1039,65536,0,0,0,False,False
14826,3507,1651,3763,1907,1039,65536,0,0,0,False,False
14827,3601,2025,3857,2281,1039,65536,0,0,0,False,False
14828,2709,1530,2965,1786,1039,65536,0,0,0,False,True
14829,3133,2523,3389,2779,1039,65536,0,0,0,False,False
14830,1589,856,1845,1112,1089,65536,0,0,0,False,False
14831,2582,2081,2838,2337,1089,65536,0,0,0,False,False
14832,1163,1778,1419,2034,1089,65536,0,0,0,False,False
14833,2195,1212,2451,1468,1089,65536,0,0,0,False,False
14834,3433,1204,3689,1460,1089,65536,0,0,0,False,False
14835,3128,1500,3384,1756,1089,65536,0,0,0,False,False
14836,3047,2352,3303,2608,1089,65536,0,0,0,False,False
14837,3744,2227,4000,2483,1089,65536,0,0,0,False,False
14838,3236,1161,3492,1417,1089,65536,0,0,0,False,False
14839,1734,1632,1990,1888,1089,65536,0,0,0,False,False
14840,3910,1176,4166,1432,1089,65536,0,0,0,False,False
14841,2618,1184,2874,1440,1089,65536,0,0,0,False,False
14842,2251,2395,2507,2651,1089,65536,0,0,0,False,False
14843,2235,1886,2491,2142,1089,65536,0,0,0,False,False
14844,2342,2367,2598,2623,1089,65536,0,0,0,False,False
14845,1158,1907,1414,2163,1089,65536,0,0,0,False,False
14846,2500,1759,2756,2015,1089,65536,0,0,0,False,False
14847,3764,2286,4020,2542,1089,65536,0,0,0,False,False
14848,2265,2022,2521,2278,1089,65536,0,0,0,False,False
14849,2396,1073,2652,1329,1089,65536,0,0,0,False,False
14850,2161,1344,2417,1600,1089,65536,0,0,0,False,False
14851,3716,844,3972,1100,1089,65536,0,0,0,False,False
14852,3992,1077,4248,1333,1089,65536,0,0,0,False,False
14853,1700,989,1956,1245,1089,65536,0,0,0,False,False
14854,3872,1117,4128,1373,1089,65536,0,0,0,False,False
14855,1277,1543,1533,1799,1089,65536,0,0,0,False,False
14856,3407,1862,3663,2118,1089,65536,0,0,0,False,True
14857,3032,2314,3288,2570,1089,65536,0,0,0,False,False
14858,1837,1924,2093,2180,1089,65536,0,0,0,False,False
14859,1238,1532,1494,1788,1089,65536,0,0,0,False,False
14860,3982,853,4238,1109,1089,65536,0,0,0,False,False
14861,3281,1061,3537,1317,1089,65536,0,0,0,False,False
14862,3290,1422,3546,1678,1089,65536,0,0,0,False,False
14863,3573,2495,3829,2751,1089,65536,0,0,0,False,False
14864,2312,1672,2568,1928,1089,65536,0,0,0,False,False
14865,2724,1975,2980,2231,1089,65536,0,0,0,False,False
14866,3445,1175,3701,1431,1089,65536,0,0,0,False,False
14867,1825,979,2081,1235,1089,65536,0,0,0,False,False
14868,3365,868,3621,1124,1089,65536,0,0,0,False,False
14869,1680,956,1936,1212,1089,65536,0,0,0,False,False
14870,2636,1479,2892,1735,1089,65536,0,0,0,False,False
14871,1898,2239,2154,2495,1089,65536,0,0,0,False,False
14872,1331,2336,1587,2592,1089,65536,0,0,0,False,False
14873,3719,1801,3975,2057,1089,65536,0,0,0,False,False
14874,1312,1229,1568,1485,1089,65536,0,0,0,False,False
14875,3701,1139,3957,1395,1089,65536,0,0,0,False,False
14876,2555,1381,2811,1637,1089,65536,0,0,0,False,False
14877,3697,2201,3953,2457,1089,65536,0,0,0,False,False
14878,1402,1138,1658,1394,1089,65536,0,0,0,False,False
14879,1457,1064,1713,1320,1089,65536,0,0,0,False,False
14880,1874,1753,2130,2009,1090,65536,0,0,0,False,False
14881,1853,2163,2109,2419,1090,65536,0,0,0,False,False
14882,2188,2143,2444,2399,1090,65536,0,0,0,False,True
14883,2611,1930,2867,2186,1090,65536,0,0,0,False,False
14884,2325,1402,2581,1658,1090,65536,0,0,0,False,False
14885,3765,2001,4021,2257,1090,65536,0,0,0,False,False
14886,2518,977,2774,1233,1090,64981,555,0,0,True,False
14887,2847,1149,3103,1405,1090,65536,0,0,0,False,False
14888,2930,1249,3186,1505,1090,65536,0,0,0,False,False
14889,1300,882,1556,1138,1090,65536,0,0,0,False,False
14890,2616,2032,2872,2288,1090,65536,0,0,0,False,False
14891,3477,1813,3733,2069,1090,65536,0,0,0,False,False
14892,2750,1889,3006,2145,1090,65536,0,0,0,False,False
14893,3393,2066,3649,2322,1090,65536,0,0,0,False,False
14894,2096,1423,2352,1679,1090,65536,0,0,0,False,False
14895,1162,1339,1418,1595,1090,65536,0,0,0,False,False
14896,3309,1230,3565,1486,1090,65536,0,0,0,False,False
14897,1859,2305,2115,2561,1090,65536,0,0,0,False,False
14898,2668,1648,2924,1904,1090,65536,0,0,0,False,False
14899,1547,1302,1803,1558,1090,65536,0,0,0,False,False
14900,2275,2243,2531,2499,1090,65536,0,0,0,False,False
14901,3212,1368,3468,1624,1090,65536,0,0,0,False,False
14902,2270,2045,2526,2301,1090,65536,0,0,0,False,False
14903,3794,1177,4050,1433,1090,65536,0,0,0,False,False
14904,2453,2292,2709,2548,1090,65536,0,0,0,False,False
14905,3883,2138,4139,2394,1090,65536,0,0,0,False,False
14906,3674,1170,3930,1426,1090,65536,0,0,0,False,False
14907,3453,967,3709,1223,1090,65536,0,0,0,False,False
14908,3443,1296,3699,1552,1090,65536,0,0,0,False,False
14909,2012,2008,2268,2264,1090,65536,0,0,0,False,False
14910,2818,2158,3074,2414,1090,65536,0,0,0,False,False
14911,1560,1017,1816,1273,1090,65115,0,421,0,False,True
14912,2955,2515,3211,2771,1090,65536,0,0,0,False,False
14913,2302,1106,2558,1362,1090,64653,883,0,0,True,False
14914,3187,2064,3443,2320,1090,65536,0,0,0,False,False
14915,2828,1695,3084,1951,1090,65536,0,0,0,False,False
14916,1362,2096,1618,2352,1090,65536,0,0,0,False,False
14917,2924,2118,3180,2374,1090,65536,0,0,0,False,False
14918,1308,2040,1564,2296,1090,65536,0,0,0,False,False
14919,3857,2316,4113,2572,1090,65536,0,0,0,False,False
14920,1668,986,1924,1242,1090,64631,0,905,0,False,True
14921,3198,2015,3454,2271,1090,65536,0,0,0,False,False
14922,1218,988,1474,1244,1090,65536,0,0,0,False,False
14923,2588,1437,2844,1693,1090,65536,0,0,0,False,False
14924,1248,883,1504,1139,1090,65536,0,0,0,False,False
14925,3609,1467,3865,1723,1090,65536,0,0,0,False,False
14926,3612,1520,3868,1776,1090,65536,0,0,0,False,False
14927,2392,1145,2648,1401,1090,64092,1444,0,0,True,False
14928,2327,2400,2583,2656,1090,65536,0,0,0,False,False
14929,3144,1253,3400,1509,1090,65536,0,0,0,False,False
14930,2332,2521,2588,2777,1091,65536,0,0,0,False,False
14931,2344,1931,2600,2187,1091,65536,0,0,0,False,False
14932,2271,2390,2527,2646,1091,65536,0,0,0,False,False
14933,1146,1669,1402,1925,1091,65536,0,0,0,False,False
14934,2532,999,2788,1255,1091,65536,0,0,0,False,False
14935,2300,1658,2556,1914,1091,65536,0,0,0,False,False
14936,2084,2231,2340,2487,1091,65536,0,0,0,False,False
14937,3735,1330,3991,1586,1091,65536,0,0,0,False,False
14938,2877,848,3133,1104,1091,65536,0,0,0,False,False
14939,3066,1296,3322,1552,1091,65536,0,0,0,False,False
14940,1750,1041,2006,1297,1091,65536,0,0,0,False,False
14941,3477,2042,3733,2298,1091,65536,0,0,0,False,False
14942,3419,2217,3675,2473,1091,65536,0,0,0,False,False
14943,2851,1406,3107,1662,1091,65536,0,0,0,False,False
14944,3632,2378,3888,2634,1091,65536,0,0,0,False,False
14945,2038,2468,2294,2724,1091,65536,0,0,0,False,False
14946,1394,2038,1650,2294,1091,65536,0,0,0,False,False
14947,3153,1070,3409,1326,1091,65536,0,0,0,False,False
14948,1449,2437,1705,2693,1091,65536,0,0,0,False,False
14949,1140,2361,1396,2617,1091,65536,0,0,0,False,False
14950,1121,1127,1377,1383,1091,65536,0,0,0,False,False
14951,1314,2183,1570,2439,1091,65536,0,0,0,False,False
14952,2974,1931,3230,2187,1091,63497,2039,0,0,True,False
14953,1822,1633,2078,1889,1091,65536,0,0,0,False,False
14954,3250,1514,3506,1770,1091,65536,0,0,0,False,False
14955,2113,1530,2369,1786,1091,65536,0,0,0,False,False
14956,3726,2160,3982,2416,1091,65536,0,0,0,False,False
14957,3096,1436,3352,1692,1091,65536,0,0,0,False,False
14958,1932,2453,2188,2709,1091,65536,0,0,0,False,False
14959,2657,2368,2913,2624,1091,64856,680,0,0,True,False
14960,3612,1565,3868,1821,1091,64653,883,0,0,True,False
14961,2315,1829,2571,2085,1091,65536,0,0,0,False,False
14962,1447,1267,1703,1523,1091,65536,0,0,0,False,False
14963,3723,1247,3979,1503,1091,65536,0,0,0,False,False
14964,3426,1736,3682,1992,1091,63847,1689,0,0,True,False
14965,1737,1416,1993,1672,1091,65536,0,0,0,False,False
14966,2782,1865,3038,2121,1091,65536,0,0,0,False,False
14967,1767,1550,2023,1806,1091,65536,0,0,0,False,False
14968,3210,979,3466,1235,1091,65536,0,0,0,False,False
14969,1869,950,2125,1206,1091,65536,0,0,0,False,False
14970,2705,1257,2961,1513,1091,65536,0,0,0,False,False
14971,3366,2056,3622,2312,1091,65536,0,0,0,False,False
14972,2724,1132,2980,1388,1091,65536,0,0,0,False,False
14973,2753,1836,3009,2092,1091,65536,0,0,0,False,False
14974,2217,2070,2473,2326,1091,65536,0,0,0,False,False
14975,3549,1500,3805,1756,1091,64482,1054,0,0,True,False
14976,3791,2239,4047,2495,1091,65536,0,0,0,False,False
14977,3636,1503,3892,1759,1091,64838,698,0,0,True,False
14978,3363,1719,3619,1975,1091,63194,2342,0,0,True,False
14979,3214,1337,3470,1593,1091,65536,0,0,0,False,False
14980,3418,2487,3674,2743,1092,65536,0,0,0,False,False
14981,1258,938,1514,1194,1092,65536,0,0,0,False,False
14982,2179,956,2435,1212,1092,65536,0,0,0,False,False
14983,2698,1975,2954,2231,1092,65536,0,0,0,False,False
14984,2032,2482,2288,2738,1092,65536,0,0,0,False,False
14985,2402,2419,2658,2675,1092,65536,0,0,0,False,False
14986,3395,1409,3651,1665,1092,65536,0,0,0,False,False
14987,2115,1047,2371,1303,1092,65536,0,0,0,False,False
14988,2969,1860,3225,2116,1092,65536,0,0,0,False,False
14989,3018,1214,3274,1470,1092,64509,1027,0,0,True,False
14990,1702,1492,1958,1748,1092,65536,0,0,0,False,False
14991,3061,1903,3317,2159,1092,65536,0,0,0,False,False
14992,3275,1316,3531,1572,1092,64141,1395,0,0,True,False
14993,3078,1751,3334,2007,1092,65536,0,0,0,False,False
14994,1990,914,2246,1170,1092,65536,0,0,0,False,False
14995,1387,1409,1643,1665,1092,65536,0,0,0,False,False
14996,2904,2521,3160,2777,1092,65536,0,0,0,False,False
14997,2478,2135,2734,2391,1092,65536,0,0,0,False,False
14998,2145,1079,2401,1335,1092,65536,0,0,0,False,False
14999,2251,1135,2507,1391,1092,65536,0,0,0,False,False
15000,1693,1190,1949,1446,1092,65536,0,0,0,False,False
15001,1852,2122,2108,2378,1092,65536,0,0,0,False,False
15002,3194,1670,3450,1926,1092,65536,0,0,0,False,True
15003,2250,1058,2506,1314,1092,65536,0,0,0,False,False
15004,1757,2137,2013,2393,1092,65536,0,0,0,False,False
15005,2854,1139,3110,1395,1092,65536,0,0,0,False,False
15006,1590,885,1846,1141,1092,65536,0,0,0,False,False
15007,3029,2495,3285,2751,1092,65536,0,0,0,False,False
15008,3614,2153,3870,2409,1092,64811,725,0,0,True,False
15009,1574,2048,1830,2304,1092,65536,0,0,0,False,False
15010,1861,1073,2117,1329,1092,65536,0,0,0,False,False
15011,3221,2487,3477,2743,1092,65536,0,0,0,False,False
15012,2750,919,3006,1175,1092,65536,0,0,0,False,False
15013,3690,2437,3946,2693,1092,65536,0,0,0,False,False
15014,3160,2390,3416,2646,1092,64537,999,0,0,True,False
15015,3180,2164,3436,2420,1092,64366,1170,0,0,True,False
15016,1730,901,1986,1157,1092,65536,0,0,0,False,False
15017,3970,1524,4226,1780,1092,65536,0,0,0,False,False
15018,3147,1955,3403,2211,1092,65536,0,0,0,False,False
15019,1986,1529,2242,1785,1092,65536,0,0,0,False,False
15020,2654,1888,2910,2144,1092,65536,0,0,0,False,False
15021,2751,1882,3007,2138,1092,65536,0,0,0,False,False
15022,2740,1647,2996,1903,1092,65432,104,0,0,True,False
15023,3629,2451,3885,2707,1092,65536,0,0,0,False,False
15024,3032,1556,3288,1812,1092,65536,0,0,0,False,False
15025,1198,2344,1454,2600,1092,65536,0,0,0,False,False
15026,2332,1912,2588,2168,1092,65536,0,0,0,False,False
15027,3653,2508,3909,2764,1092,65536,0,0,0,False,False
15028,3614,2438,3870,2694,1092,65536,0,0,0,False,False
15029,3015,2078,3271,2334,1092,65536,0,0,0,False,False
15030,1135,880,1391,1136,1101,65536,0,0,0,False,False
15031,1220,1110,1476,1366,1101,65536,0,0,0,False,False
15032,2796,1289,3052,1545,1101,65536,0,0,0,False,False
15033,1897,2263,2153,2519,1101,65536,0,0,0,False,False
15034,2044,2469,2300,2725,1101,65536,0,0,0,False,False
15035,1999,1930,2255,2186,1101,65536,0,0,0,False,False
15036,2244,925,2500,1181,1101,65536,0,0,0,False,False
15037,1234,1312,1490,1568,1101,65536,0,0,0,False,False
15038,1863,1773,2119,2029,1101,65536,0,0,0,False,False
15039,3091,2046,3347,2302,1101,65536,0,0,0,False,False
15040,3829,925,4085,1181,1101,65536,0,0,0,False,False
15041,1396,1811,1652,2067,1101,65536,0,0,0,False,False
15042,1603,1396,1859,1652,1101,65536,0,0,0,False,False
15043,3691,1007,3947,1263,1101,65536,0,0,0,False,False
15044,2546,2469,2802,2725,1101,65536,0,0,0,False,False
15045,3894,1221,4150,1477,1101,65536,0,0,0,False,False
15046,2305,2098,2561,2354,1101,65536,0,0,0,False,False
15047,1139,2348,1395,2604,1101,65536,0,0,0,False,False
15048,2831,1594,3087,1850,1101,65536,0,0,0,False,False
15049,1799,2290,2055,2546,1101,65536,0,0,0,False,False
15050,2324,1645,2580,1901,1101,65536,0,0,0,False,False
15051,2964,1048,3220,1304,1101,65536,0,0,0,False,False
15052,3409,944,3665,1200,1101,65536,0,0,0,False,False
15053,3887,919,4143,1175,1101,65536,0,0,0,False,False
15054,2160,891,2416,1147,1101,65536,0,0,0,False,False
15055,3216,2238,3472,2494,1101,65536,0,0,0,False,False
15056,3661,1454,3917,1710,1101,65536,0,0,0,False,False
15057,2965,1867,3221,2123,1101,65536,0,0,0,False,False
15058,1837,2078,2093,2334,1101,65536,0,0,0,False,False
15059,2019,1356,2275,1612,1101,65536,0,0,0,False,False
15060,1894,870,2150,1126,1101,65536,0,0,0,False,False
15061,1404,1848,1660,2104,1101,65536,0,0,0,False,False
15062,1758,884,2014,1140,1101,65536,0,0,0,False,False
15063,1890,1781,2146,2037,1101,65536,0,0,0,False,False
15064,3447,1151,3703,1407,1101,65536,0,0,0,False,False
15065,1559,1269,1815,1525,1101,65536,0,0,0,False,False
15066,3621,1149,3877,1405,1101,65536,0,0,0,False,False
15067,2760,1392,3016,1648,1101,65536,0,0,0,False,False
15068,2857,1972,3113,2228,1101,65536,0,0,0,False,False
15069,2791,859,3047,1115,1101,65536,0,0,0,False,False
15070,3827,1613,4083,1869,1101,65536,0,0,0,False,False
15071,2648,1602,2904,1858,1101,65536,0,0,0,False,False
15072,2722,1540,2978,1796,1101,65536,0,0,0,False,False
15073,3668,859,3924,1115,1101,65536,0,0,0,False,False
15074,3409,1897,3665,2153,1101,65536,0,0,0,False,False
15075,1476,929,1732,1185,1101,65536,0,0,0,False,False
15076,2174,1437,2430,1693,1101,65536,0,0,0,False,False
15077,1196,1135,1452,1391,1101,65536,0,0,0,False,False
15078,3480,1624,3736,1880,1101,65536,0,0,0,False,False
15079,2976,2053,3232,2309,1101,65536,0,0,0,False,False
15080,1533,2249,1789,2505,1102,65536,0,0,0,False,False
15081,3047,1670,3303,1926,1102,65536,0,0,0,False,False
15082,1861,2353,2117,2609,1102,65536,0,0,0,False,False
15083,3129,1317,3385,1573,1102,65536,0,0,0,False,False
15084,3323,1097,3579,1353,1102,65536,0,0,0,False,False
15085,3745,1353,4001,1609,1102,65536,0,0,0,False,False
15086,3602,1487,3858,1743,1102,65536,0,0,0,False,False
15087,1219,1180,1475,1436,1102,65536,0,0,0,False,False
15088,2448,2287,2704,2543,1102,65536,0,0,0,False,False
15089,1654,1981,1910,2237,1102,65536,0,0,0,False,False
15090,3718,1070,3974,1326,1102,65536,0,0,0,False,False
15091,3945,1736,4201,1992,1102,65536,0,0,0,False,False
15092,1363,984,1619,1240,1102,65536,0,0,0,False,False
15093,3020,1023,3276,1279,1102,65536,0,0,0,False,False
15094,3100,1813,3356,2069,1102,65536,0,0,0,False,False
15095,1807,2460,2063,2716,1102,65536,0,0,0,False,False
15096,3914,2117,4170,2373,1102,65536,0,0,0,False,False
15097,1532,2218,1788,2474,1102,65536,0,0,0,False,False
15098,3511,2469,3767,2725,1102,65536,0,0,0,False,True
15099,2635,1407,2891,1663,1102,65536,0,0,0,False,False
15100,3710,947,3966,1203,1102,65536,0,0,0,False,False
15101,2266,1687,2522,1943,1102,65536,0,0,0,False,False
15102,3595,872,3851,1128,1102,65536,0,0,0,False,False
15103,2078,1142,2334,1398,1102,63763,1773,0,0,True,False
15104,2994,1707,3250,1963,1102,65536,0,0,0,False,False
15105,1371,896,1627,1152,1102,65536,0,0,0,False,False
15106,2432,2159,2688,2415,1102,65536,0,0,0,False,False
15107,1654,1726,1910,1982,1102,65536,0,0,0,False,False
15108,1589,1736,1845,1992,1102,65536,0,0,0,False,False
15109,2903,931,3159,1187,1102,65536,0,0,0,False,False
15110,3341,1733,3597,1989,1102,65536,0,0,0,False,False
15111,1233,1765,1489,2021,1102,65536,0,0,0,False,False
15112,1552,2347,1808,2603,1102,65536,0,0,0,False,False
15113,3670,1000,3926,1256,1102,65536,0,0,0,False,False
15114,3228,2431,3484,2687,1102,65536,0,0,0,False,False
15115,3347,1331,3603,1587,1102,65536,0,0,0,False,False
15116,1679,2107,1935,2363,1102,65536,0,0,0,False,False
15117,1227,2488,1483,2744,1102,65536,0,0,0,False,False
15118,1619,2126,1875,2382,1102,65536,0,0,0,False,False
15119,2892,1537,3148,1793,1102,65536,0,0,0,False,False
15120,3643,1327,3899,1583,1102,65536,0,0,0,False,False
15121,3384,1573,3640,1829,1102,65536,0,0,0,False,False
15122,2253,1506,2509,1762,1102,65536,0,0,0,False,False
15123,1433,895,1689,1151,1102,65536,0,0,0,False,False
15124,2984,1359,3240,1615,1102,65536,0,0,0,False,False
15125,2813,2265,3069,2521,1102,65536,0,0,0,False,False
15126,2591,1392,2847,1648,1102,65536,0,0,0,False,False
15127,2519,1343,2775,1599,1102,65536,0,0,0,False,False
15128,1889,2425,2145,2681,1102,65536,0,0,0,False,False
15129,1959,1385,2215,1641,1102,65536,0,0,0,False,False
15130,3501,2066,3757,2322,1103,65536,0,0,0,False,False
15131,3846,1142,4102,1398,1103,65536,0,0,0,False,False
15132,3005,2138,3261,2394,1103,65536,0,0,0,False,False
15133,3034,941,3290,1197,1103,65536,0,0,0,False,False
15134,3038,1239,3294,1495,1103,65536,0,0,0,False,False
15135,1725,2416,1981,2672,1103,65536,0,0,0,False,False
15136,1341,2215,1597,2471,1103,65536,0,0,0,False,False
15137,3546,1032,3802,1288,1103,65536,0,0,0,False,False
15138,1651,1282,1907,1538,1103,65536,0,0,0,False,False
15139,2692,1835,2948,2091,1103,65536,0,0,0,False,False
15140,1804,1736,2060,1992,1103,65536,0,0,0,False,False
15141,2260,1518,2516,1774,1103,65536,0,0,0,False,False
15142,2449,976,2705,1232,1103,65536,0,0,0,False,False
15143,3459,1391,3715,1647,1103,65536,0,0,0,False,False
15144,1802,908,2058,1164,1103,65536,0,0,0,False,False
15145,1600,913,1856,1169,1103,65536,0,0,0,False,False
15146,1740,1305,1996,1561,1103,65536,0,0,0,False,False
15147,3556,1382,3812,1638,1103,65536,0,0,0,False,False
15148,1949,1312,2205,1568,1103,65536,0,0,0,False,False
15149,3059,1901,3315,2157,1103,65536,0,0,0,False,False
15150,2521,2238,2777,2494,1103,64744,792,0,0,True,False
15151,2784,1626,3040,1882,1103,65536,0,0,0,False,False
15152,1675,2269,1931,2525,1103,65536,0,0,0,False,False
15153,3768,1761,4024,2017,1103,65536,0,0,0,False,False
15154,3202,2022,3458,2278,1103,65536,0,0,0,False,False
15155,2073,2448,2329,2704,1103,65536,0,0,0,False,False
15156,1543,1602,1799,1858,1103,65536,0,0,0,False,False
15157,2136,2481,2392,2737,1103,65536,0,0,0,False,False
15158,2706,2468,2962,2724,1103,65536,0,0,0,False,False
15159,2675,1694,2931,1950,1103,65536,0,0,0,False,False
15160,3637,1656,3893,1912,1103,65536,0,0,0,False,False
15161,2740,1974,2996,2230,1103,65536,0,0,0,False,False
15162,2131,1013,2387,1269,1103,65536,0,0,0,False,False
15163,2692,2480,2948,2736,1103,65536,0,0,0,False,False
15164,3949,1425,4205,1681,1103,65536,0,0,0,False,False
15165,1314,855,1570,1111,1103,65536,0,0,0,False,True
15166,2019,1598,2275,1854,1103,65536,0,0,0,False,False
15167,3596,1494,3852,1750,1103,65536,0,0,0,False,False
15168,1540,1838,1796,2094,1103,65536,0,0,0,False,False
15169,3752,2229,4008,2485,1103,65536,0,0,0,False,False
15170,2499,1792,2755,2048,1103,65536,0,0,0,False,False
15171,1881,1557,2137,1813,1103,65536,0,0,0,False,False
15172,2896,2257,3152,2513,1103,65536,0,0,0,False,False
15173,2945,1320,3201,1576,1103,65536,0,0,0,False,False
15174,3967,1281,4223,1537,1103,65536,0,0,0,False,False
15175,2518,1063,2774,1319,1103,65536,0,0,0,False,False
15176,3912,2029,4168,2285,1103,65536,0,0,0,False,False
15177,3736,2091,3992,2347,1103,65536,0,0,0,False,False
15178,1603,1606,1859,1862,1103,65536,0,0,0,False,False
15179,2212,1276,2468,1532,1103,65536,0,0,0,False,False
15180,2750,2042,3006,2298,1198,65536,0,0,0,False,False
15181,2434,1391,2690,1647,1198,65536,0,0,0,False,False
15182,1745,1951,2001,2207,1198,65536,0,0,0,False,False
15183,2891,2473,3147,2729,1198,65536,0,0,0,False,False
15184,3085,1947,3341,2203,1198,65536,0,0,0,False,False
15185,1576,908,1832,1164,1198,65536,0,0,0,False,False
15186,2307,2066,2563,2322,1198,65536,0,0,0,False,False
15187,3707,2497,3963,2753,1198,65536,0,0,0,False,False
15188,1363,1250,1619,1506,1198,65536,0,0,0,False,False
15189,3324,998,3580,1254,1198,65536,0,0,0,False,False
15190,2578,1003,2834,1259,1198,65536,0,0,0,False,False
15191,2228,973,2484,1229,1198,65536,0,0,0,False,False
15192,3796,2439,4052,2695,1198,65536,0,0,0,False,False
15193,3894,1503,4150,1759,1198,65536,0,0,0,False,False
15194,3368,993,3624,1249,1198,65536,0,0,0,False,False
15195,2184,970,2440,1226,1198,65536,0,0,0,False,False
15196,1973,1998,2229,2254,1198,65536,0,0,0,False,False
15197,2890,2200,3146,2456,1198,65536,0,0,0,False,False
15198,2056,1777,2312,2033,1198,65536,0,0,0,False,False
15199,1288,1599,1544,1855,1198,65536,0,0,0,False,False
15200,1795,1803,2051,2059,1198,65536,0,0,0,False,False
15201,3785,1009,4041,1265,1198,65536,0,0,0,False,False
15202,3444,2107,3700,2363,1198,64072,0,1464,0,False,True
15203,2742,1130,2998,1386,1198,65536,0,0,0,False,False
15204,1738,940,1994,1196,1198,65536,0,0,0,False,False
15205,3239,913,3495,1169,1198,65536,0,0,0,False,False
15206,2609,1239,2865,1495,1198,65536,0,0,0,False,False
15207,2145,1571,2401,1827,1198,65536,0,0,0,False,False
15208,2543,982,2799,1238,1198,65536,0,0,0,False,True
15209,3502,937,3758,1193,1198,65536,0,0,0,False,False
15210,2333,1047,2589,1303,1198,65536,0,0,0,False,False
15211,2134,2223,2390,2479,1198,65536,0,0,0,False,False
15212,2952,2001,3208,2257,1198,65536,0,0,0,False,False
15213,2020,1783,2276,2039,1198,65536,0,0,0,False,False
15214,3704,2450,3960,2706,1198,65536,0,0,0,False,True
15215,3191,2114,3447,2370,1198,65536,0,0,0,False,False
15216,2734,1662,2990,1918,1198,65536,0,0,0,False,False
15217,3807,2110,4063,2366,1198,65536,0,0,0,False,False
15218,1799,909,2055,1165,1198,65536,0,0,0,False,False
15219,3972,1711,4228,1967,1198,65536,0,0,0,False,False
15220,2479,2374,2735,2630,1198,64929,0,607,0,False,True
15221,2559,1571,2815,1827,1198,65056,0,480,0,False,True
15222,2844,2482,3100,2738,1198,65536,0,0,0,False,False
15223,3752,2000,4008,2256,1198,65536,0,0,0,False,False
15224,3524,1085,3780,1341,1198,65536,0,0,0,False,False
15225,1986,979,2242,1235,1198,65536,0,0,0,False,False
15226,3630,1138,3886,1394,1198,65536,0,0,0,False,False
15227,1129,2430,1385,2686,1198,65536,0,0,0,False,False
15228,3199,1529,3455,1785,1198,65536,0,0,0,False,False
15229,2162,2520,2418,2776,1198,65536,0,0,0,False,False
15230,1476,1938,1732,2194,1241,65536,0,0,0,False,False
15231,2552,914,2808,1170,1241,65536,0,0,0,False,False
15232,2792,1227,3048,1483,1241,65536,0,0,0,False,False
15233,2979,964,3235,1220,1241,65536,0,0,0,False,False
15234,1216,1235,1472,1491,1241,65536,0,0,0,False,False
15235,3522,1329,3778,1585,1241,65536,0,0,0,False,False
15236,2131,1137,2387,1393,1241,65536,0,0,0,False,False
15237,3329,2038,3585,2294,1241,65536,0,0,0,False,True
15238,2102,2178,2358,2434,1241,65536,0,0,0,False,False
15239,3783,1027,4039,1283,1241,65536,0,0,0,False,False
15240,2628,1104,2884,1360,1241,65536,0,0,0,False,False
15241,2116,2144,2372,2400,1241,65536,0,0,0,False,False
15242,1377,1441,1633,1697,1241,65536,0,0,0,False,False
15243,3912,2198,4168,2454,1241,65536,0,0,0,False,False
15244,3819,2323,4075,2579,1241,65536,0,0,0,False,False
15245,3702,2199,3958,2455,1241,65536,0,0,0,False,False
15246,1871,1559,2127,1815,1241,65536,0,0,0,False,False
15247,2066,2394,2322,2650,1241,65536,0,0,0,False,False
15248,1881,1534,2137,1790,1241,65536,0,0,0,False,False
15249,2150,2481,2406,2737,1241,65536,0,0,0,False,False
15250,2579,1443,2835,1699,1241,65536,0,0,0,False,False
15251,3706,2222,3962,2478,1241,65536,0,0,0,False,False
15252,1859,1965,2115,2221,1241,65536,0,0,0,False,False
15253,3480,1152,3736,1408,1241,65536,0,0,0,False,False
15254,3159,1521,3415,1777,1241,65536,0,0,0,False,False
15255,2400,1978,2656,2234,1241,65536,0,0,0,False,False
15256,2832,1181,3088,1437,1241,65536,0,0,0,False,False
15257,1683,1880,1939,2136,1241,65536,0,0,0,False,False
15258,2364,936,2620,1192,1241,65536,0,0,0,False,False
15259,1202,1236,1458,1492,1241,65536,0,0,0,False,False
15260,1858,1348,2114,1604,1241,65536,0,0,0,False,False
15261,2991,1942,3247,2198,1241,65536,0,0,0,False,False
15262,3356,1543,3612,1799,1241,65536,0,0,0,False,False
15263,1409,2161,1665,2417,1241,65536,0,0,0,False,False
15264,3565,1876,3821,2132,1241,65536,0,0,0,False,False
15265,1910,2155,2166,2411,1241,65536,0,0,0,False,False
15266,3698,865,3954,1121,1241,65536,0,0,0,False,False
15267,2860,1290,3116,1546,1241,65536,0,0,0,False,False
15268,2483,1799,2739,2055,1241,65536,0,0,0,False,False
15269,1688,1135,1944,1391,1241,65536,0,0,0,False,False
15270,1704,2092,1960,2348,1241,65536,0,0,0,False,False
15271,1573,1265,1829,1521,1241,65536,0,0,0,False,False
15272,2644,1890,2900,2146,1241,65536,0,0,0,False,False
15273,2857,2520,3113,2776,1241,65536,0,0,0,False,False
15274,1382,1919,1638,2175,1241,65536,0,0,0,False,False
15275,2051,1462,2307,1718,1241,65536,0,0,0,False,False
15276,1681,1401,1937,1657,1241,65536,0,0,0,False,False
15277,2173,1451,2429,1707,1241,65536,0,0,0,False,False
15278,2061,1739,2317,1995,1241,65536,0,0,0,False,False
15279,2579,1736,2835,1992,1241,65536,0,0,0,False,False
15280,2725,1956,2981,2212,1328,65536,0,0,0,False,False
15281,2193,2227,2449,2483,1328,65536,0,0,0,False,False
15282,3828,2468,4084,2724,1328,65536,0,0,0,False,False
15283,1345,1408,1601,1664,1328,65536,0,0,0,False,False
15284,1720,1089,1976,1345,1328,65536,0,0,0,False,False
15285,3090,2195,3346,2451,1328,65536,0,0,0,False,False
15286,3316,1324,3572,1580,1328,65536,0,0,0,False,False
15287,3353,2021,3609,2277,1328,65536,0,0,0,False,False
15288,2793,1293,3049,1549,1328,65536,0,0,0,False,False
15289,1122,2515,1378,2771,1328,65536,0,0,0,False,False
15290,1319,1113,1575,1369,1328,65536,0,0,0,False,False
15291,1556,2014,1812,2270,1328,65536,0,0,0,False,False
15292,2647,1600,2903,1856,1328,65536,0,0,0,False,False
15293,2637,1948,2893,2204,1328,65536,0,0,0,False,False
15294,2819,2306,3075,2562,1328,65536,0,0,0,False,False
15295,3874,1668,4130,1924,1328,65536,0,0,0,False,False
15296,2281,2381,2537,2637,1328,65536,0,0,0,False,False
15297,3511,2397,3767,2653,1328,65536,0,0,0,False,False
15298,3332,893,3588,1149,1328,65536,0,0,0,False,False
15299,3452,2434,3708,2690,1328,65536,0,0,0,False,False
15300,1341,2165,1597,2421,1328,65536,0,0,0,False,False
15301,2975,2430,3231,2686,1328,65536,0,0,0,False,False
15302,3227,1697,3483,1953,1328,65536,0,0,0,False,False
15303,1550,986,1806,1242,1328,65536,0,0,0,False,False
15304,1608,2516,1864,2772,1328,65536,0,0,0,False,False
15305,3635,1669,3891,1925,1328,65536,0,0,0,False,False
15306,1418,896,1674,1152,1328,65536,0,0,0,False,False
15307,1732,847,1988,1103,1328,65536,0,0,0,False,False
15308,3420,2107,3676,2363,1328,65536,0,0,0,False,False
15309,3687,2505,3943,2761,1328,65536,0,0,0,False,True
15310,2856,1925,3112,2181,1328,65536,0,0,0,False,False
15311,3958,1357,4214,1613,1328,65536,0,0,0,False,False
15312,2651,1802,2907,2058,1328,65536,0,0,0,False,False
15313,2447,2382,2703,2638,1328,65536,0,0,0,False,False
15314,3393,1673,3649,1929,1328,65536,0,0,0,False,False
15315,3820,1896,4076,2152,1328,65536,0,0,0,False,False
15316,2125,1714,2381,1970,1328,65536,0,0,0,False,False
15317,3751,1336,4007,1592,1328,65536,0,0,0,False,False
15318,3977,1674,4233,1930,1328,65536,0,0,0,False,False
15319,1894,1213,2150,1469,1328,65536,0,0,0,False,False
15320,2517,1306,2773,1562,1328,65536,0,0,0,False,False
15321,3155,1330,3411,1586,1328,65536,0,0,0,False,False
15322,3289,1428,3545,1684,1328,65536,0,0,0,False,False
15323,3974,1775,4230,2031,1328,65536,0,0,0,False,False
15324,2652,2233,2908,2489,1328,65536,0,0,0,False,False
15325,3922,2459,4178,2715,1328,65536,0,0,0,False,False
15326,3523,2207,3779,2463,1328,65536,0,0,0,False,False
15327,3545,870,3801,1126,1328,65536,0,0,0,False,False
15328,2702,962,2958,1218,1328,65536,0,0,0,False,False
15329,1291,1211,1547,1467,1328,65536,0,0,0,False,False
15330,3329,2264,3585,2520,1340,65536,0,0,0,False,False
15331,2771,2211,3027,2467,1340,65536,0,0,0,False,False
15332,3413,1572,3669,1828,1340,65536,0,0,0,False,False
15333,2314,1344,2570,1600,1340,65536,0,0,0,False,False
15334,3869,1812,4125,2068,1340,65536,0,0,0,False,False
15335,3193,1568,3449,1824,1340,65536,0,0,0,False,False
15336,3057,2075,3313,2331,1340,65536,0,0,0,False,True
15337,1600,857,1856,1113,1340,65536,0,0,0,False,False
15338,2512,1500,2768,1756,1340,65536,0,0,0,False,False
15339,1849,2141,2105,2397,1340,65536,0,0,0,False,False
15340,3307,2451,3563,2707,1340,65536,0,0,0,False,False
15341,3059,2081,3315,2337,1340,65536,0,0,0,False,False
15342,2543,1055,2799,1311,1340,65536,0,0,0,False,False
15343,3782,1790,4038,2046,1340,65536,0,0,0,False,True
15344,2630,1123,2886,1379,1340,65536,0,0,0,False,False
15345,2623,880,2879,1136,1340,65536,0,0,0,False,False
15346,2102,1043,2358,1299,1340,65536,0,0,0,False,False
15347,2688,1169,2944,1425,1340,65536,0,0,0,False,False
15348,3737,1930,3993,2186,1340,65536,0,0,0,False,False
15349,3674,1442,3930,1698,1340,65536,0,0,0,False,False
15350,2119,2121,2375,2377,1340,65536,0,0,0,False,False
15351,2386,1469,2642,1725,1340,65536,0,0,0,False,False
15352,3941,2175,4197,2431,1340,65536,0,0,0,False,False
15353,1245,907,1501,1163,1340,65536,0,0,0,False,False
15354,3933,1284,4189,1540,1340,65536,0,0,0,False,False
15355,2214,1724,2470,1980,1340,65536,0,0,0,False,False
15356,2138,1807,2394,2063,1340,65536,0,0,0,False,True
15357,3980,887,4236,1143,1340,65536,0,0,0,False,False
15358,3177,1925,3433,2181,1340,65536,0,0,0,False,False
15359,2343,846,2599,1102,1340,65536,0,0,0,False,False
15360,2714,1846,2970,2102,1340,65536,0,0,0,False,False
15361,1264,1074,1520,1330,1340,65536,0,0,0,False,False
15362,2120,1515,2376,1771,1340,65536,0,0,0,False,False
15363,1439,950,1695,1206,1340,65536,0,0,0,False,False
15364,3209,1973,3465,2229,1340,65536,0,0,0,False,False
15365,2110,1024,2366,1280,1340,65536,0,0,0,False,False
15366,2294,1021,2550,1277,1340,65536,0,0,0,False,True
15367,1567,2492,1823,2748,1340,65536,0,0,0,False,False
15368,3786,1587,4042,1843,1340,65536,0,0,0,False,False
15369,3294,2312,3550,2568,1340,65536,0,0,0,False,False
15370,2592,2039,2848,2295,1340,65536,0,0,0,False,False
15371,3933,834,4189,1090,1340,65536,0,0,0,False,False
15372,3033,1145,3289,1401,1340,65536,0,0,0,False,False
15373,1787,2157,2043,2413,1340,65536,0,0,0,False,False
15374,2702,1616,2958,1872,1340,65536,0,0,0,False,False
15375,2671,1188,2927,1444,1340,65536,0,0,0,False,False
15376,2545,2092,2801,2348,1340,65536,0,0,0,False,False
15377,3282,1388,3538,1644,1340,65536,0,0,0,False,False
15378,3070,1631,3326,1887,1340,65536,0,0,0,False,False
15379,1471,1606,1727,1862,1340,65536,0,0,0,False,False
15380,3906,1587,4162,1843,1341,65536,0,0,0,False,False
15381,1331,1099,1587,1355,1341,65536,0,0,0,False,False
15382,1242,1784,1498,2040,1341,65536,0,0,0,False,False
15383,2672,1160,2928,1416,1341,62021,3515,0,0,True,False
15384,1814,1641,2070,1897,1341,65536,0,0,0,False,False
15385,1372,1245,1628,1501,1341,65536,0,0,0,False,False
15386,3406,1247,3662,1503,1341,65106,430,0,0,True,False
15387,1857,995,2113,1251,1341,65536,0,0,0,False,False
15388,1944,2480,2200,2736,1341,65536,0,0,0,False,False
15389,3006,2221,3262,2477,1341,65536,0,0,0,False,False
15390,2609,2347,2865,2603,1341,65536,0,0,0,False,False
15391,2582,2158,2838,2414,1341,65536,0,0,0,False,False
15392,3613,1848,3869,2104,1341,65536,0,0,0,False,False
15393,3788,1139,4044,1395,1341,65536,0,0,0,False,False
15394,2603,1138,2859,1394,1341,62456,3080,0,0,True,False
15395,3264,1985,3520,2241,1341,65536,0,0,0,False,False
15396,3883,939,4139,1195,1341,65536,0,0,0,False,False
15397,3321,1843,3577,2099,1341,65536,0,0,0,False,False
15398,1842,1360,2098,1616,1341,65536,0,0,0,False,False
15399,2942,1111,3198,1367,1341,62826,2710,0,0,True,False
15400,3702,2313,3958,2569,1341,65536,0,0,0,False,False
15401,1954,891,2210,1147,1341,65536,0,0,0,False,False
15402,1394,2245,1650,2501,1341,65536,0,0,0,False,False
15403,1684,900,1940,1156,1341,65536,0,0,0,False,False
15404,1268,1935,1524,2191,1341,65536,0,0,0,False,False
15405,2437,1031,2693,1287,1341,64871,665,0,0,True,False
15406,2572,1138,2828,1394,1341,62906,2630,0,0,True,False
15407,3743,2150,3999,2406,1341,65536,0,0,0,False,False
15408,3221,1519,3477,1775,1341,65489,47,0,0,True,False
15409,3157,1674,3413,1930,1341,65536,0,0,0,False,False
15410,2315,2021,2571,2277,1341,65536,0,0,0,False,False
15411,3146,1072,3402,1328,1341,65536,0,0,0,False,False
15412,3632,1941,3888,2197,1341,65536,0,0,0,False,False
15413,1555,1937,1811,2193,1341,65536,0,0,0,False,False
15414,2187,2331,2443,2587,1341,65536,0,0,0,False,False
15415,1766,1245,2022,1501,1341,65536,0,0,0,False,False
15416,1895,1645,2151,1901,1341,65536,0,0,0,False,False
15417,2588,1423,2844,1679,1341,65536,0,0,0,False,False
15418,1204,1409,1460,1665,1341,65536,0,0,0,False,False
15419,1774,846,2030,1102,1341,65536,0,0,0,False,False
15420,3835,1178,4091,1434,1341,65536,0,0,0,False,False
15421,2932,2499,3188,2755,1341,65536,0,0,0,False,False
15422,2711,2474,2967,2730,1341,65536,0,0,0,False,False
15423,3335,1810,3591,2066,1341,65536,0,0,0,False,False
15424,3231,1557,3487,1813,1341,65536,0,0,0,False,False
15425,3945,1064,4201,1320,1341,65536,0,0,0,False,False
15426,2366,842,2622,1098,1341,65536,0,0,0,False,True
15427,2846,2334,3102,2590,1341,65536,0,0,0,False,False
15428,1975,1852,2231,2108,1341,65536,0,0,0,False,False
15429,3089,1349,3345,1605,1341,61940,3596,0,0,True,False
15430,2945,2203,3201,2459,1351,65536,0,0,0,False,False
15431,1878,2515,2134,2771,1351,65536,0,0,0,False,False
15432,3702,1438,3958,1694,1351,65536,0,0,0,False,False
15433,1518,1394,1774,1650,1351,65536,0,0,0,False,False
15434,3139,1955,3395,2211,1351,65536,0,0,0,False,False
15435,2900,1787,3156,2043,1351,65536,0,0,0,False,False
15436,2516,1742,2772,1998,1351,65536,0,0,0,False,False
15437,3063,1626,3319,1882,1351,65536,0,0,0,False,False
15438,3877,2363,4133,2619,1351,65536,0,0,0,False,False
15439,1781,2351,2037,2607,1351,65536,0,0,0,False,False
15440,2621,977,2877,1233,1351,65536,0,0,0,False,False
15441,2510,1593,2766,1849,1351,65536,0,0,0,False,False
15442,2206,1280,2462,1536,1351,65536,0,0,0,False,False
15443,3263,1981,3519,2237,1351,65536,0,0,0,False,False
15444,2771,1364,3027,1620,1351,65536,0,0,0,False,False
15445,1123,1552,1379,1808,1351,65536,0,0,0,False,False
15446,1701,1219,1957,1475,1351,65536,0,0,0,False,False
15447,3959,2274,4215,2530,1351,65536,0,0,0,False,False
15448,2612,2326,2868,2582,1351,65536,0,0,0,False,False
15449,1227,1456,1483,1712,1351,65536,0,0,0,False,False
15450,1904,1512,2160,1768,1351,65536,0,0,0,False,False
15451,1941,1291,2197,1547,1351,65536,0,0,0,False,False
15452,2044,1572,2300,1828,1351,65536,0,0,0,False,False
15453,2072,1891,2328,2147,1351,65536,0,0,0,False,False
15454,2991,1390,3247,1646,1351,65536,0,0,0,False,False
15455,2041,885,2297,1141,1351,65536,0,0,0,False,False
15456,3057,2477,3313,2733,1351,65536,0,0,0,False,False
15457,1179,1563,1435,1819,1351,65536,0,0,0,False,False
15458,1718,1814,1974,2070,1351,65536,0,0,0,False,False
15459,1492,1631,1748,1887,1351,65536,0,0,0,False,False
15460,3336,2220,3592,2476,1351,65536,0,0,0,False,False
15461,2236,2349,2492,2605,1351,65536,0,0,0,False,False
15462,3808,1104,4064,1360,1351,65536,0,0,0,False,False
15463,2647,1546,2903,1802,1351,65536,0,0,0,False,False
15464,3164,1596,3420,1852,1351,65536,0,0,0,False,False
15465,3406,1673,3662,1929,1351,65536,0,0,0,False,False
15466,2369,2174,2625,2430,1351,65536,0,0,0,False,False
15467,1862,1417,2118,1673,1351,65536,0,0,0,False,False
15468,1842,1809,2098,2065,1351,65536,0,0,0,False,False
15469,2590,2432,2846,2688,1351,65536,0,0,0,False,False
15470,2829,1371,3085,1627,1351,65536,0,0,0,False,False
15471,2434,2523,2690,2779,1351,65536,0,0,0,False,False
15472,3006,1780,3262,2036,1351,65536,0,0,0,False,False
15473,3775,2194,4031,2450,1351,65536,0,0,0,False,False
15474,2622,2284,2878,2540,1351,65536,0,0,0,False,False
15475,2205,1723,2461,1979,1351,65536,0,0,0,False,False
15476,3007,1641,3263,1897,1351,65536,0,0,0,False,False
15477,1814,1362,2070,1618,1351,65536,0,0,0,False,False
15478,2491,1028,2747,1284,1351,65536,0,0,0,False,False
15479,3482,1908,3738,2164,1351,65536,0,0,0,False,False
15480,1740,1804,1996,2060,1391,65536,0,0,0,False,False
15481,1674,1358,1930,1614,1391,65536,0,0,0,False,False
15482,2538,2170,2794,2426,1391,65536,0,0,0,False,False
15483,3746,1643,4002,1899,1391,65536,0,0,0,False,False
15484,3141,2296,3397,2552,1391,65536,0,0,0,False,False
15485,2769,2388,3025,2644,1391,65536,0,0,0,False,False
15486,2778,1832,3034,2088,1391,65536,0,0,0,False,False
15487,3958,1151,4214,1407,1391,65536,0,0,0,False,False
15488,1520,2054,1776,2310,1391,65536,0,0,0,False,False
15489,2353,1200,2609,1456,1391,65536,0,0,0,False,False
15490,3227,2268,3483,2524,1391,65536,0,0,0,False,True
15491,1467,1425,1723,1681,1391,65536,0,0,0,False,False
15492,2564,1195,2820,1451,1391,65536,0,0,0,False,False
15493,2812,1406,3068,1662,1391,65536,0,0,0,False,False
15494,2866,1140,3122,1396,1391,65536,0,0,0,False,False
15495,1778,847,2034,1103,1391,65536,0,0,0,False,False
15496,2546,2181,2802,2437,1391,65536,0,0,0,False,False
15497,1574,2062,1830,2318,1391,65536,0,0,0,False,False
15498,1702,2091,1958,2347,1391,65536,0,0,0,False,False
15499,2140,2436,2396,2692,1391,65536,0,0,0,False,False
15500,3504,1869,3760,2125,1391,65536,0,0,0,False,False
15501,1852,2467,2108,2723,1391,65536,0,0,0,False,False
15502,2312,1479,2568,1735,1391,65536,0,0,0,False,False
15503,1763,2305,2019,2561,1391,65536,0,0,0,False,False
15504,3332,2389,3588,2645,1391,65536,0,0,0,False,False
15505,1124,2431,1380,2687,1391,65536,0,0,0,False,False
15506,3088,1359,3344,1615,1391,65536,0,0,0,False,False
15507,1762,1217,2018,1473,1391,65536,0,0,0,False,True
15508,2580,1568,2836,1824,1391,65536,0,0,0,False,False
15509,1864,1563,2120,1819,1391,65536,0,0,0,False,False
15510,2253,1820,2509,2076,1391,65536,0,0,0,False,False
15511,3674,2337,3930,2593,1391,65536,0,0,0,False,False
15512,3697,2293,3953,2549,1391,65536,0,0,0,False,False
15513,3105,1838,3361,2094,1391,65536,0,0,0,False,False
15514,3208,940,3464,1196,1391,65536,0,0,0,False,False
15515,1380,1318,1636,1574,1391,65536,0,0,0,False,False
15516,3746,2396,4002,2652,1391,65536,0,0,0,False,False
15517,2248,2337,2504,2593,1391,65536,0,0,0,False,False
15518,3211,1269,3467,1525,1391,65536,0,0,0,False,False
15519,1373,2153,1629,2409,1391,65536,0,0,0,False,False
15520,3756,2370,4012,2626,1391,65536,0,0,0,False,False
15521,1247,844,1503,1100,1391,65536,0,0,0,False,False
15522,2851,2228,3107,2484,1391,65536,0,0,0,False,False
15523,1929,2230,2185,2486,1391,65536,0,0,0,False,False
15524,3138,1083,3394,1339,1391,65536,0,0,0,False,False
15525,3952,1127,4208,1383,1391,65536,0,0,0,False,False
15526,2601,2296,2857,2552,1391,65536,0,0,0,False,False
15527,1716,1029,1972,1285,1391,65536,0,0,0,False,False
15528,2638,2434,2894,2690,1391,65536,0,0,0,False,False
15529,1181,1310,1437,1566,1391,65536,0,0,0,False,False
15530,3365,1566,3621,1822,1393,65536,0,0,0,False,False
15531,2791,2395,3047,2651,1393,65536,0,0,0,False,False
15532,3277,2269,3533,2525,1393,65536,0,0,0,False,False
15533,3905,860,4161,1116,1393,65536,0,0,0,False,False
15534,3796,1111,4052,1367,1393,65536,0,0,0,False,False
15535,3769,2356,4025,2612,1393,65536,0,0,0,False,False
15536,2295,2483,2551,2739,1393,65536,0,0,0,False,False
15537,2512,1770,2768,2026,1393,65536,0,0,0,False,False
15538,3677,1702,3933,1958,1393,65536,0,0,0,False,False
15539,1800,1121,2056,1377,1393,65536,0,0,0,False,False
15540,3721,907,3977,1163,1393,65536,0,0,0,False,False
15541,1307,878,1563,1134,1393,65536,0,0,0,False,False
15542,1553,1097,1809,1353,1393,65536,0,0,0,False,False
15543,2406,2341,2662,2597,1393,65536,0,0,0,False,False
15544,1411,950,1667,1206,1393,65536,0,0,0,False,False
15545,1290,1040,1546,1296,1393,65536,0,0,0,False,False
15546,1835,2129,2091,2385,1393,65536,0,0,0,False,False
15547,2159,1357,2415,1613,1393,65536,0,0,0,False,False
15548,3099,1070,3355,1326,1393,65536,0,0,0,False,False
15549,1393,2286,1649,2542,1393,65536,0,0,0,False,False
15550,2098,2297,2354,2553,1393,65536,0,0,0,False,False
15551,2097,1125,2353,1381,1393,65536,0,0,0,False,False
15552,1299,2168,1555,2424,1393,65536,0,0,0,False,False
15553,3817,1901,4073,2157,1393,65536,0,0,0,False,False
15554,1437,2479,1693,2735,1393,65536,0,0,0,False,False
15555,1930,1627,2186,1883,1393,65536,0,0,0,False,False
15556,1161,1188,1417,1444,1393,65536,0,0,0,False,False
15557,2245,1906,2501,2162,1393,65536,0,0,0,False,False
15558,3132,995,3388,1251,1393,65536,0,0,0,False,False
15559,1798,1147,2054,1403,1393,65536,0,0,0,False,False
15560,3503,1401,3759,1657,1393,65536,0,0,0,False,False
15561,2960,1841,3216,2097,1393,65536,0,0,0,False,False
15562,2509,2174,2765,2430,1393,65536,0,0,0,False,False
15563,2311,1025,2567,1281,1393,65536,0,0,0,False,False
15564,2653,2096,2909,2352,1393,65536,0,0,0,False,True
15565,2984,2193,3240,2449,1393,65536,0,0,0,False,False
15566,3261,1141,3517,1397,1393,65536,0,0,0,False,False
15567,2979,1265,3235,1521,1393,65536,0,0,0,False,False
15568,1335,2452,1591,2708,1393,65536,0,0,0,False,False
15569,1347,1408,1603,1664,1393,65536,0,0,0,False,False
15570,2508,1778,2764,2034,1393,65536,0,0,0,False,False
15571,2489,1353,2745,1609,1393,65536,0,0,0,False,False
15572,3290,1033,3546,1289,1393,65536,0,0,0,False,False
15573,2436,2242,2692,2498,1393,65536,0,0,0,False,False
15574,2902,1992,3158,2248,1393,65536,0,0,0,False,False
15575,3978,1696,4234,1952,1393,65536,0,0,0,False,False
15576,1712,1017,1968,1273,1393,65536,0,0,0,False,False
15577,2183,854,2439,1110,1393,65536,0,0,0,False,False
15578,1180,929,1436,1185,1393,65536,0,0,0,False,False
15579,2793,2008,3049,2264,1393,65536,0,0,0,False,False
15580,1495,1470,1751,1726,1394,65536,0,0,0,False,False
15581,3095,1680,3351,1936,1394,65536,0,0,0,False,True
15582,2080,959,2336,1215,1394,65536,0,0,0,False,False
15583,3121,2526,3377,2782,1394,65536,0,0,0,False,False
15584,3176,2294,3432,2550,1394,65536,0,0,0,False,False
15585,2135,965,2391,1221,1394,65536,0,0,0,False,False
15586,2216,1741,2472,1997,1394,65536,0,0,0,False,False
15587,2348,2339,2604,2595,1394,65536,0,0,0,False,False
15588,2741,2072,2997,2328,1394,65536,0,0,0,False,False
15589,3083,951,3339,1207,1394,65536,0,0,0,False,True
15590,3000,2027,3256,2283,1394,65536,0,0,0,False,False
15591,1394,2062,1650,2318,1394,65536,0,0,0,False,False
15592,3835,1256,4091,1512,1394,65536,0,0,0,False,False
15593,3198,2208,3454,2464,1394,65536,0,0,0,False,False
15594,3793,1575,4049,1831,1394,65536,0,0,0,False,False
15595,1861,2490,2117,2746,1394,65536,0,0,0,False,False
15596,1574,2093,1830,2349,1394,65536,0,0,0,False,False
15597,2437,1814,2693,2070,1394,65536,0,0,0,False,False
15598,2396,1502,2652,1758,1394,65536,0,0,0,False,False
15599,2489,2241,2745,2497,1394,65536,0,0,0,False,False
15600,3682,1919,3938,2175,1394,65536,0,0,0,False,False
15601,3523,2314,3779,2570,1394,65536,0,0,0,False,False
15602,2868,1648,3124,1904,1394,65536,0,0,0,False,False
15603,1988,1524,2244,1780,1394,65536,0,0,0,False,False
15604,1667,2336,1923,2592,1394,65536,0,0,0,False,False
15605,3951,2151,4207,2407,1394,65536,0,0,0,False,False
15606,1456,1978,1712,2234,1394,65536,0,0,0,False,False
15607,2061,1457,2317,1713,1394,65536,0,0,0,False,False
15608,3296,1091,3552,1347,1394,65536,0,0,0,False,False
15609,2875,2325,3131,2581,1394,65536,0,0,0,False,False
15610,3616,1507,3872,1763,1394,65536,0,0,0,False,False
15611,2324,1779,2580,2035,1394,65536,0,0,0,False,False
15612,1511,1362,1767,1618,1394,65536,0,0,0,False,False
15613,1153,2079,1409,2335,1394,65536,0,0,0,False,False
15614,3821,1142,4077,1398,1394,65536,0,0,0,False,False
15615,2702,2487,2958,2743,1394,65536,0,0,0,False,False
15616,3158,1962,3414,2218,1394,65536,0,0,0,False,False
15617,3270,1707,3526,1963,1394,65536,0,0,0,False,False
15618,2757,2444,3013,2700,1394,65536,0,0,0,False,False
15619,1834,1388,2090,1644,1394,65536,0,0,0,False,False
15620,2577,1598,2833,1854,1394,65536,0,0,0,False,False
15621,2696,1808,2952,2064,1394,65536,0,0,0,False,False
15622,1691,1024,1947,1280,1394,62200,3336,0,0,True,False
15623,3346,1210,3602,1466,1394,65536,0,0,0,False,False
15624,2141,1319,2397,1575,1394,65536,0,0,0,False,False
15625,3861,2175,4117,2431,1394,65536,0,0,0,False,True
15626,3742,2343,3998,2599,1394,65536,0,0,0,False,False
15627,2690,2470,2946,2726,1394,65536,0,0,0,False,False
15628,2869,1583,3125,1839,1394,65536,0,0,0,False,False
15629,3915,1801,4171,2057,1394,65536,0,0,0,False,False
15630,2241,1317,2497,1573,1404,65536,0,0,0,False,False
15631,1553,1357,1809,1613,1404,65536,0,0,0,False,False
15632,1865,1246,2121,1502,1404,65536,0,0,0,False,False
15633,1830,1495,2086,1751,1404,65536,0,0,0,False,False
15634,3632,1790,3888,2046,1404,65536,0,0,0,False,False
15635,2644,1546,2900,1802,1404,65536,0,0,0,False,False
15636,1306,2363,1562,2619,1404,65536,0,0,0,False,False
15637,2078,1372,2334,1628,1404,65536,0,0,0,False,False
15638,3795,986,4051,1242,1404,65536,0,0,0,False,False
15639,1317,1961,1573,2217,1404,65536,0,0,0,False,False
15640,3381,2036,3637,2292,1404,65536,0,0,0,False,False
15641,1614,955,1870,1211,1404,65536,0,0,0,False,False
15642,1842,2210,2098,2466,1404,65536,0,0,0,False,False
15643,2412,1049,2668,1305,1404,65536,0,0,0,False,False
15644,3184,845,3440,1101,1404,65536,0,0,0,False,False
15645,3473,1174,3729,1430,1404,65536,0,0,0,False,False
15646,2635,851,2891,1107,1404,65536,0,0,0,False,False
15647,3611,1428,3867,1684,1404,65536,0,0,0,False,False
15648,2886,978,3142,1234,1404,65536,0,0,0,False,False
15649,3314,1321,3570,1577,1404,65536,0,0,0,False,False
15650,2985,2158,3241,2414,1404,65536,0,0,0,False,False
15651,2346,1652,2602,1908,1404,65536,0,0,0,False,False
15652,3107,1115,3363,1371,1404,65536,0,0,0,False,False
15653,3790,2251,4046,2507,1404,65536,0,0,0,False,False
15654,3786,1930,4042,2186,1404,65536,0,0,0,False,False
15655,1350,1989,1606,2245,1404,65536,0,0,0,False,False
15656,1506,2284,1762,2540,1404,65536,0,0,0,False,False
15657,2281,1872,2537,2128,1404,65536,0,0,0,False,False
15658,1927,2335,2183,2591,1404,65536,0,0,0,False,False
15659,1585,1538,1841,1794,1404,65536,0,0,0,False,False
15660,3486,2133,3742,2389,1404,65536,0,0,0,False,False
15661,2925,1227,3181,1483,1404,65536,0,0,0,False,False
15662,2469,1673,2725,1929,1404,65536,0,0,0,False,False
15663,3988,2368,4244,2624,1404,65536,0,0,0,False,False
15664,2688,2136,2944,2392,1404,65536,0,0,0,False,False
15665,2960,2222,3216,2478,1404,65536,0,0,0,False,False
15666,2724,1309,2980,1565,1404,65536,0,0,0,False,False
15667,2573,2378,2829,2634,1404,65536,0,0,0,False,False
15668,1293,2379,1549,2635,1404,65536,0,0,0,False,False
15669,1530,1556,1786,1812,1404,65536,0,0,0,False,False
15670,3514,1781,3770,2037,1404,65536,0,0,0,False,False
15671,1121,1697,1377,1953,1404,65536,0,0,0,False,False
15672,2372,1254,2628,1510,1404,65536,0,0,0,False,False
15673,1512,877,1768,1133,1404,65536,0,0,0,False,False
15674,2999,1807,3255,2063,1404,65536,0,0,0,False,False
15675,1269,942,1525,1198,1404,65536,0,0,0,False,False
15676,2355,1915,2611,2171,1404,65536,0,0,0,False,False
15677,1944,2169,2200,2425,1404,65536,0,0,0,False,False
15678,3946,2422,4202,2678,1404,65536,0,0,0,False,False
15679,1952,2229,2208,2485,1404,65536,0,0,0,False,False
15680,3108,1925,3364,2181,1405,61858,3678,0,0,True,False
15681,2790,869,3046,1125,1405,65536,0,0,0,False,False
15682,3507,1537,3763,1793,1405,65536,0,0,0,False,False
15683,2180,1722,2436,1978,1405,65536,0,0,0,False,False
15684,3779,1381,4035,1637,1405,65536,0,0,0,False,False
15685,3994,2103,4250,2359,1405,65536,0,0,0,False,False
15686,3209,1649,3465,1905,1405,65536,0,0,0,False,False
15687,3457,2078,3713,2334,1405,65536,0,0,0,False,False
15688,2265,1599,2521,1855,1405,65536,0,0,0,False,False
15689,2510,2036,2766,2292,1405,65536,0,0,0,False,False
15690,1159,936,1415,1192,1405,65536,0,0,0,False,False
15691,1614,2246,1870,2502,1405,65536,0,0,0,False,False
15692,2418,1746,2674,2002,1405,65536,0,0,0,False,False
15693,3456,1347,3712,1603,1405,65536,0,0,0,False,False
15694,2786,2456,3042,2712,1405,65536,0,0,0,False,False
15695,3369,1738,3625,1994,1405,65536,0,0,0,False,False
15696,3046,2188,3302,2444,1405,65536,0,0,0,False,False
15697,1301,1590,1557,1846,1405,65536,0,0,0,False,False
15698,3538,2036,3794,2292,1405,65536,0,0,0,False,False
15699,3463,1392,3719,1648,1405,65536,0,0,0,False,False
15700,2391,1696,2647,1952,1405,65536,0,0,0,False,False
15701,2058,2049,2314,2305,1405,65536,0,0,0,False,False
15702,1227,961,1483,1217,1405,65536,0,0,0,False,False
15703,2001,1150,2257,1406,1405,65536,0,0,0,False,False
15704,2697,2053,2953,2309,1405,65536,0,0,0,False,False
15705,2684,2021,2940,2277,1405,65536,0,0,0,False,False
15706,1540,1164,1796,1420,1405,65536,0,0,0,False,False
15707,3864,1677,4120,1933,1405,65536,0,0,0,False,False
15708,3095,1293,3351,1549,1405,65536,0,0,0,False,False
15709,3799,881,4055,1137,1405,65536,0,0,0,False,False
15710,2538,1397,2794,1653,1405,65536,0,0,0,False,False
15711,2865,1898,3121,2154,1405,65536,0,0,0,False,False
15712,2594,889,2850,1145,1405,65492,44,0,0,True,False
15713,2037,1549,2293,1805,1405,65536,0,0,0,False,False
15714,3480,2036,3736,2292,1405,65536,0,0,0,False,False
15715,2468,1104,2724,1360,1405,65536,0,0,0,False,False
15716,1755,847,2011,1103,1405,65536,0,0,0,False,False
15717,3566,1068,3822,1324,1405,65536,0,0,0,False,False
15718,3838,2466,4094,2722,1405,65536,0,0,0,False,False
15719,2117,1147,2373,1403,1405,65536,0,0,0,False,False
15720,3259,2342,3515,2598,1405,65164,372,0,0,True,False
15721,2550,1770,2806,2026,1405,65536,0,0,0,False,False
15722,3232,2089,3488,2345,1405,61898,3638,0,0,True,False
15723,2063,1862,2319,2118,1405,65536,0,0,0,False,False
15724,2959,2465,3215,2721,1405,65536,0,0,0,False,False
15725,1811,2169,2067,2425,1405,65536,0,0,0,False,False
15726,3931,1720,4187,1976,1405,65536,0,0,0,False,False
15727,2168,1233,2424,1489,1405,65536,0,0,0,False,False
15728,3815,2253,4071,2509,1405,65536,0,0,0,False,False
15729,1476,1181,1732,1437,1405,65536,0,0,0,False,False
15730,1312,2130,1568,2386,1409,65536,0,0,0,False,False
15731,3214,1923,3470,2179,1409,65536,0,0,0,False,False
15732,1553,2149,1809,2405,1409,65536,0,0,0,False,False
15733,3933,1261,4189,1517,1409,65536,0,0,0,False,False
15734,2607,1549,2863,1805,1409,65536,0,0,0,False,False
15735,3013,1409,3269,1665,1409,65536,0,0,0,False,False
15736,3644,2007,3900,2263,1409,65536,0,0,0,False,False
15737,3567,1640,3823,1896,1409,65536,0,0,0,False,False
15738,1678,1398,1934,1654,1409,65536,0,0,0,False,False
15739,2269,1498,2525,1754,1409,65536,0,0,0,False,False
15740,1401,2331,1657,2587,1409,65536,0,0,0,False,False
15741,3253,2220,3509,2476,1409,65536,0,0,0,False,False
15742,2296,1162,2552,1418,1409,65536,0,0,0,False,False
15743,1498,2110,1754,2366,1409,65536,0,0,0,False,False
15744,1463,1399,1719,1655,1409,65536,0,0,0,False,False
15745,1706,1259,1962,1515,1409,65536,0,0,0,False,False
15746,1426,1847,1682,2103,1409,65536,0,0,0,False,False
15747,1827,1397,2083,1653,1409,65536,0,0,0,False,False
15748,1592,1956,1848,2212,1409,65536,0,0,0,False,False
15749,2078,1010,2334,1266,1409,65536,0,0,0,False,False
15750,3970,1126,4226,1382,1409,65536,0,0,0,False,False
15751,2112,2004,2368,2260,1409,65536,0,0,0,False,False
15752,3271,1267,3527,1523,1409,65536,0,0,0,False,False
15753,1954,1972,2210,2228,1409,65536,0,0,0,False,False
15754,3229,2090,3485,2346,1409,65536,0,0,0,False,False
15755,1524,1202,1780,1458,1409,65536,0,0,0,False,False
15756,3716,1870,3972,2126,1409,65536,0,0,0,False,False
15757,2019,1344,2275,1600,1409,65536,0,0,0,False,False
15758,2072,2015,2328,2271,1409,65536,0,0,0,False,False
15759,3482,1910,3738,2166,1409,65536,0,0,0,False,False
15760,2525,915,2781,1171,1409,65536,0,0,0,False,False
15761,3086,1337,3342,1593,1409,65536,0,0,0,False,False
15762,3526,1071,3782,1327,1409,65536,0,0,0,False,False
15763,3126,871,3382,1127,1409,65536,0,0,0,False,False
15764,3224,1110,3480,1366,1409,65536,0,0,0,False,False
15765,3424,1101,3680,1357,1409,65536,0,0,0,False,False
15766,2719,1016,2975,1272,1409,65536,0,0,0,False,False
15767,2666,1617,2922,1873,1409,65536,0,0,0,False,False
15768,2525,1646,2781,1902,1409,65536,0,0,0,False,False
15769,2791,1463,3047,1719,1409,65536,0,0,0,False,False
15770,1182,984,1438,1240,1409,65536,0,0,0,False,False
15771,2045,1774,2301,2030,1409,65536,0,0,0,False,True
15772,2731,1803,2987,2059,1409,65536,0,0,0,False,False
15773,1740,1131,1996,1387,1409,65536,0,0,0,False,False
15774,3551,1544,3807,1800,1409,65536,0,0,0,False,False
15775,1318,2328,1574,2584,1409,65536,0,0,0,False,False
15776,3632,1815,3888,2071,1409,65536,0,0,0,False,False
15777,1789,1368,2045,1624,1409,65536,0,0,0,False,False
15778,1354,1825,1610,2081,1409,65536,0,0,0,False,False
15779,1778,1596,2034,1852,1409,65536,0,0,0,False,False
15780,2049,908,2305,1164,1410,65536,0,0,0,False,False
15781,3726,1267,3982,1523,1410,65470,66,0,0,True,False
15782,2346,983,2602,1239,1410,65536,0,0,0,False,False
15783,1221,2410,1477,2666,1410,65536,0,0,0,False,False
15784,1905,2525,2161,2781,1410,65536,0,0,0,False,False
15785,3705,1413,3961,1669,1410,65240,296,0,0,True,False
15786,2723,2212,2979,2468,1410,65536,0,0,0,False,False
15787,2701,1223,2957,1479,1410,64524,1012,0,0,True,False
15788,2959,2229,3215,2485,1410,65536,0,0,0,False,False
15789,3227,2208,3483,2464,1410,65536,0,0,0,False,False
15790,1251,1493,1507,1749,1410,65536,0,0,0,False,False
15791,1992,1108,2248,1364,1410,65536,0,0,0,False,False
15792,3632,1265,3888,1521,1410,64418,1118,0,0,True,False
15793,1761,2193,2017,2449,1410,65536,0,0,0,False,False
15794,2909,1448,3165,1704,1410,65536,0,0,0,False,False
15795,2207,2291,2463,2547,1410,65536,0,0,0,False,False
15796,3693,847,3949,1103,1410,65536,0,0,0,False,False
15797,3539,2060,3795,2316,1410,65536,0,0,0,False,False
15798,3599,1713,3855,1969,1410,65536,0,0,0,False,False
15799,3819,2274,4075,2530,1410,65536,0,0,0,False,False
15800,1752,1813,2008,2069,1410,65536,0,0,0,False,False
15801,2676,1026,2932,1282,1410,62555,2981,0,0,True,False
15802,2868,1787,3124,2043,1410,65536,0,0,0,False,False
15803,2172,1041,2428,1297,1410,65536,0,0,0,False,False
15804,2703,1399,2959,1655,1410,65536,0,0,0,False,False
15805,2935,2106,3191,2362,1410,65536,0,0,0,False,False
15806,1902,1038,2158,1294,1410,65536,0,0,0,False,False
15807,1588,911,1844,1167,1410,65536,0,0,0,False,False
15808,3569,1178,3825,1434,1410,65456,80,0,0,True,False
15809,2252,2195,2508,2451,1410,65536,0,0,0,False,False
15810,1532,2210,1788,2466,1410,65536,0,0,0,False,False
15811,1967,1255,2223,1511,1410,65536,0,0,0,False,False
15812,2303,2522,2559,2778,1410,65536,0,0,0,False,False
15813,1366,2056,1622,2312,1410,65536,0,0,0,False,False
15814,2946,1125,3202,1381,1410,62586,2950,0,0,True,False
15815,2172,1428,2428,1684,1410,65536,0,0,0,False,False
15816,3399,1232,3655,1488,1410,62605,2931,0,0,True,False
15817,2146,1449,2402,1705,1410,65536,0,0,0,False,False
15818,3865,2330,4121,2586,1410,65536,0,0,0,False,False
15819,2418,1173,2674,1429,1410,65536,0,0,0,False,False
15820,1720,2188,1976,2444,1410,65536,0,0,0,False,False
15821,3984,2188,4240,2444,1410,65536,0,0,0,False,False
15822,1810,1897,2066,2153,1410,65536,0,0,0,False,False
15823,2544,1271,2800,1527,1410,65536,0,0,0,False,False
15824,3760,1923,4016,2179,1410,65536,0,0,0,False,False
15825,2440,2141,2696,2397,1410,65536,0,0,0,False,False
15826,2831,862,3087,1118,1410,65536,0,0,0,False,False
15827,1143,2076,1399,2332,1410,65536,0,0,0,False,False
15828,2751,1415,3007,1671,1410,65536,0,0,0,False,False
15829,1738,2481,1994,2737,1410,65536,0,0,0,False,False
15830,1543,1312,1799,1568,1411,65536,0,0,0,False,False
15831,2243,926,2499,1182,1411,65536,0,0,0,False,False
15832,2516,1999,2772,2255,1411,65536,0,0,0,False,False
15833,2251,965,2507,1221,1411,65536,0,0,0,False,False
15834,1422,1434,1678,1690,1411,65536,0,0,0,False,False
15835,3351,1192,3607,1448,1411,65536,0,0,0,False,False
15836,3160,1283,3416,1539,1411,65536,0,0,0,False,False
15837,1325,2051,1581,2307,1411,65536,0,0,0,False,False
15838,1821,2264,2077,2520,1411,65013,523,0,0,True,False
15839,2245,846,2501,1102,1411,65536,0,0,0,False,False
15840,3914,1234,4170,1490,1411,65536,0,0,0,False,True
15841,1224,2042,1480,2298,1411,65536,0,0,0,False,False
15842,3821,1144,4077,1400,1411,65536,0,0,0,False,False
15843,1383,928,1639,1184,1411,65536,0,0,0,False,True
15844,3296,1117,3552,1373,1411,65536,0,0,0,False,False
15845,1768,1577,2024,1833,1411,65536,0,0,0,False,False
15846,1585,2521,1841,2777,1411,65536,0,0,0,False,False
15847,3155,2061,3411,2317,1411,65536,0,0,0,False,False
15848,1315,1040,1571,1296,1411,65536,0,0,0,False,False
15849,1976,1007,2232,1263,1411,65536,0,0,0,False,False
15850,2355,1942,2611,2198,1411,65536,0,0,0,False,False
15851,1940,1551,2196,1807,1411,65230,306,0,0,True,False
15852,2092,1753,2348,2009,1411,65311,225,0,0,True,False
15853,1250,864,1506,1120,1411,65536,0,0,0,False,False
15854,3030,1233,3286,1489,1411,65536,0,0,0,False,False
15855,1140,2078,1396,2334,1411,65536,0,0,0,False,False
15856,2934,1016,3190,1272,1411,65536,0,0,0,False,False
15857,1476,842,1732,1098,1411,65536,0,0,0,False,False
15858,1741,2306,1997,2562,1411,65536,0,0,0,False,False
15859,3680,2196,3936,2452,1411,65536,0,0,0,False,False
15860,3618,960,3874,1216,1411,65536,0,0,0,False,False
15861,3914,1971,4170,2227,1411,65536,0,0,0,False,False
15862,3893,1278,4149,1534,1411,65536,0,0,0,False,False
15863,3073,1013,3329,1269,1411,65536,0,0,0,False,False
15864,2858,1683,3114,1939,1411,65536,0,0,0,False,False
15865,1627,2433,1883,2689,1411,65536,0,0,0,False,False
15866,2691,2030,2947,2286,1411,65536,0,0,0,False,False
15867,2095,835,2351,1091,1411,65536,0,0,0,False,False
15868,3303,1883,3559,2139,1411,65536,0,0,0,False,False
15869,1828,957,2084,1213,1411,65442,94,0,0,True,False
15870,2592,2288,2848,2544,1411,65536,0,0,0,False,False
15871,1755,2278,2011,2534,1411,65536,0,0,0,False,False
15872,2441,1761,2697,2017,1411,65536,0,0,0,False,False
15873,1936,1637,2192,1893,1411,65536,0,0,0,False,False
15874,3287,1709,3543,1965,1411,65536,0,0,0,False,False
15875,3419,1745,3675,2001,1411,65536,0,0,0,False,True
15876,1564,2287,1820,2543,1411,65536,0,0,0,False,False
15877,2177,865,2433,1121,1411,65536,0,0,0,False,False
15878,2647,2209,2903,2465,1411,65536,0,0,0,False,False
15879,2772,1990,3028,2246,1411,65536,0,0,0,False,False
15880,2992,1921,3248,2177,1415,65536,0,0,0,False,False
15881,1559,1563,1815,1819,1415,65536,0,0,0,False,False
15882,1187,2187,1443,2443,1415,65536,0,0,0,False,False
15883,3431,2217,3687,2473,1415,65536,0,0,0,False,False
15884,1999,1180,2255,1436,1415,65536,0,0,0,False,False
15885,1385,1455,1641,1711,1415,65536,0,0,0,False,False
15886,1835,2160,2091,2416,1415,65536,0,0,0,False,False
15887,1443,1918,1699,2174,1415,65536,0,0,0,False,False
15888,2371,1679,2627,1935,1415,65536,0,0,0,False,False
15889,3281,2346,3537,2602,1415,65536,0,0,0,False,False
15890,3159,1832,3415,2088,1415,65536,0,0,0,False,False
15891,1544,2081,1800,2337,1415,65536,0,0,0,False,False
15892,3569,915,3825,1171,1415,65536,0,0,0,False,False
15893,1620,2218,1876,2474,1415,65536,0,0,0,False,False
15894,2889,1960,3145,2216,1415,65536,0,0,0,False,False
15895,3463,1867,3719,2123,1415,65536,0,0,0,False,False
15896,1224,2301,1480,2557,1415,65536,0,0,0,False,False
15897,1876,1328,2132,1584,1415,65536,0,0,0,False,False
15898,2146,1329,2402,1585,1415,65536,0,0,0,False,False
15899,3367,1774,3623,2030,1415,65536,0,0,0,False,False
15900,3608,1488,3864,1744,1415,65536,0,0,0,False,False
15901,2876,1720,3132,1976,1415,65536,0,0,0,False,False
15902,3833,1091,4089,1347,1415,65536,0,0,0,False,False
15903,2776,1234,3032,1490,1415,65536,0,0,0,False,False
15904,2435,1568,2691,1824,1415,65536,0,0,0,False,False
15905,2510,1265,2766,1521,1415,65536,0,0,0,False,False
15906,3034,1907,3290,2163,1415,65536,0,0,0,False,False
15907,2206,2179,2462,2435,1415,65536,0,0,0,False,False
15908,1345,1551,1601,1807,1415,65536,0,0,0,False,False
15909,2750,1614,3006,1870,1415,65536,0,0,0,False,False
15910,3821,1845,4077,2101,1415,65536,0,0,0,False,False
15911,1560,1305,1816,1561,1415,65536,0,0,0,False,True
15912,1313,1407,1569,1663,1415,65536,0,0,0,False,False
15913,2424,1798,2680,2054,1415,65536,0,0,0,False,False
15914,1716,2338,1972,2594,1415,65536,0,0,0,False,False
15915,1898,1302,2154,1558,1415,65536,0,0,0,False,False
15916,3972,1623,4228,1879,1415,65536,0,0,0,False,False
15917,1889,1181,2145,1437,1415,65536,0,0,0,False,False
15918,3054,2219,3310,2475,1415,65536,0,0,0,False,False
15919,1470,1740,1726,1996,1415,65536,0,0,0,False,False
15920,3763,1071,4019,1327,1415,65536,0,0,0,False,False
15921,1609,2310,1865,2566,1415,65536,0,0,0,False,False
15922,1971,916,2227,1172,1415,65536,0,0,0,False,False
15923,2120,1791,2376,2047,1415,65536,0,0,0,False,False
15924,3377,1387,3633,1643,1415,65536,0,0,0,False,False
15925,1465,1674,1721,1930,1415,65536,0,0,0,False,False
15926,3861,2014,4117,2270,1415,65536,0,0,0,False,False
15927,2937,1769,3193,2025,1415,65536,0,0,0,False,False
15928,3670,2138,3926,2394,1415,65536,0,0,0,False,False
15929,1826,2474,2082,2730,1415,65536,0,0,0,False,False
15930,1130,1817,1386,2073,1416,65536,0,0,0,False,False
15931,2593,1649,2849,1905,1416,64270,1266,0,0,True,False
15932,3478,1375,3734,1631,1416,65536,0,0,0,False,False
15933,3308,2192,3564,2448,1416,64757,779,0,0,True,False
15934,2379,2266,2635,2522,1416,65536,0,0,0,False,False
15935,1819,2295,2075,2551,1416,65536,0,0,0,False,False
15936,2498,1113,2754,1369,1416,65536,0,0,0,False,False
15937,3237,1614,3493,1870,1416,65536,0,0,0,False,False
15938,3869,1949,4125,2205,1416,65536,0,0,0,False,False
15939,2741,1004,2997,1260,1416,65536,0,0,0,False,False
15940,1136,1973,1392,2229,1416,65536,0,0,0,False,False
15941,3489,2403,3745,2659,1416,65536,0,0,0,False,False
15942,3229,2330,3485,2586,1416,64995,541,0,0,True,False
15943,2388,1602,2644,1858,1416,65536,0,0,0,False,True
15944,1281,1218,1537,1474,1416,65536,0,0,0,False,False
15945,1709,1822,1965,2078,1416,65536,0,0,0,False,False
15946,2557,1201,2813,1457,1416,65536,0,0,0,False,False
15947,2022,2276,2278,2532,1416,65536,0,0,0,False,False
15948,2395,1236,2651,1492,1416,63853,1683,0,0,True,False
15949,1389,1121,1645,1377,1416,65536,0,0,0,False,False
15950,2176,1077,2432,1333,1416,63776,1760,0,0,True,False
15951,1879,1410,2135,1666,1416,65536,0,0,0,False,False
15952,2901,1304,3157,1560,1416,65536,0,0,0,False,False
15953,3555,1832,3811,2088,1416,65536,0,0,0,False,False
15954,1174,1888,1430,2144,1416,65536,0,0,0,False,False
15955,1263,1247,1519,1503,1416,65536,0,0,0,False,False
15956,3480,2004,3736,2260,1416,65536,0,0,0,False,False
15957,3975,1787,4231,2043,1416,65536,0,0,0,False,False
15958,2747,1588,3003,1844,1416,64336,1200,0,0,True,False
15959,1310,1863,1566,2119,1416,65536,0,0,0,False,False
15960,2350,1098,2606,1354,1416,64534,1002,0,0,True,False
15961,2808,1261,3064,1517,1416,65536,0,0,0,False,False
15962,2330,1888,2586,2144,1416,65536,0,0,0,False,False
15963,3968,2364,4224,2620,1416,65536,0,0,0,False,False
15964,3381,2344,3637,2600,1416,65342,194,0,0,True,False
15965,1326,1049,1582,1305,1416,65536,0,0,0,False,False
15966,3747,1740,4003,1996,1416,65536,0,0,0,False,False
15967,1930,2334,2186,2590,1416,65536,0,0,0,False,False
15968,2260,1397,2516,1653,1416,65298,238,0,0,True,False
15969,1888,1142,2144,1398,1416,65536,0,0,0,False,False
15970,1494,1159,1750,1415,1416,65536,0,0,0,False,False
15971,2950,2127,3206,2383,1416,65001,535,0,0,True,False
15972,3874,993,4130,1249,1416,65536,0,0,0,False,False
15973,2971,2469,3227,2725,1416,65536,0,0,0,False,False
15974,2650,2214,2906,2470,1416,65536,0,0,0,False,False
15975,2484,971,2740,1227,1416,65536,0,0,0,False,False
15976,2569,1268,2825,1524,1416,65284,252,0,0,True,False
15977,1991,2076,2247,2332,1416,65536,0,0,0,False,False
15978,3861,1072,4117,1328,1416,65536,0,0,0,False,False
15979,2282,2256,2538,2512,1416,65536,0,0,0,False,False
15980,1974,1812,2230,2068,1438,65536,0,0,0,False,False
15981,3322,2191,3578,2447,1438,65536,0,0,0,False,False
15982,2314,1403,2570,1659,1438,65536,0,0,0,False,False
15983,1734,1442,1990,1698,1438,65536,0,0,0,False,False
15984,3840,943,4096,1199,1438,65536,0,0,0,False,False
15985,1457,2180,1713,2436,1438,65536,0,0,0,False,False
15986,3430,1531,3686,1787,1438,65536,0,0,0,False,False
15987,2174,2344,2430,2600,1438,65536,0,0,0,False,False
15988,2934,2414,3190,2670,1438,65536,0,0,0,False,False
15989,1199,1833,1455,2089,1438,65536,0,0,0,False,False
15990,3167,914,3423,1170,1438,65536,0,0,0,False,True
15991,2459,1103,2715,1359,1438,65536,0,0,0,False,False
15992,2237,1198,2493,1454,1438,65536,0,0,0,False,False
15993,3285,995,3541,1251,1438,65536,0,0,0,False,False
15994,3415,1645,3671,1901,1438,65536,0,0,0,False,False
15995,3547,1635,3803,1891,1438,65536,0,0,0,False,False
15996,3375,2253,3631,2509,1438,65536,0,0,0,False,False
15997,3470,1306,3726,1562,1438,65536,0,0,0,False,False
15998,3099,832,3355,1088,1438,65536,0,0,0,False,False
15999,3566,1545,3822,1801,1438,65536,0,0,0,False,False
16000,2155,2262,2411,2518,1438,65536,0,0,0,False,False
16001,2513,1901,2769,2157,1438,65536,0,0,0,False,False
16002,2171,2315,2427,2571,1438,65536,0,0,0,False,False
16003,1792,1979,2048,2235,1438,65536,0,0,0,False,False
16004,3276,1261,3532,1517,1438,65536,0,0,0,False,False
16005,3469,1025,3725,1281,1438,65536,0,0,0,False,False
16006,3772,1475,4028,1731,1438,65536,0,0,0,False,False
16007,1146,2198,1402,2454,1438,65536,0,0,0,False,False
16008,3567,2398,3823,2654,1438,65536,0,0,0,False,False
16009,3736,1100,3992,1356,1438,65536,0,0,0,False,False
16010,3865,1172,4121,1428,1438,65536,0,0,0,False,False
16011,1729,1454,1985,1710,1438,65536,0,0,0,False,False
16012,1590,1340,1846,1596,1438,65536,0,0,0,False,False
16013,3436,844,3692,1100,1438,65536,0,0,0,False,False
16014,3020,1119,3276,1375,1438,65536,0,0,0,False,False
16015,3086,858,3342,1114,1438,65536,0,0,0,False,False
16016,3727,1335,3983,1591,1438,65536,0,0,0,False,False
16017,1937,1911,2193,2167,1438,65536,0,0,0,False,False
16018,3809,2233,4065,2489,1438,65536,0,0,0,False,False
16019,2782,1586,3038,1842,1438,65536,0,0,0,False,False
16020,2610,2298,2866,2554,1438,65536,0,0,0,False,False
16021,3939,1069,4195,1325,1438,65536,0,0,0,False,True
16022,3493,1781,3749,2037,1438,65536,0,0,0,False,False
16023,3934,2288,4190,2544,1438,65536,0,0,0,False,False
16024,1149,2439,1405,2695,1438,65536,0,0,0,False,True
16025,2430,2511,2686,2767,1438,65536,0,0,0,False,False
16026,1145,1837,1401,2093,1438,65536,0,0,0,False,False
16027,2253,1027,2509,1283,1438,65536,0,0,0,False,False
16028,3442,2524,3698,2780,1438,65536,0,0,0,False,False
16029,2952,2175,3208,2431,1438,65536,0,0,0,False,False
16030,3797,1931,4053,2187,1478,65536,0,0,0,False,False
16031,2063,1561,2319,1817,1478,65536,0,0,0,False,False
16032,2500,847,2756,1103,1478,65536,0,0,0,False,False
16033,3458,1578,3714,1834,1478,65536,0,0,0,False,False
16034,3836,1766,4092,2022,1478,65536,0,0,0,False,False
16035,3464,1448,3720,1704,1478,65536,0,0,0,False,False
16036,3897,2232,4153,2488,1478,65536,0,0,0,False,False
16037,1306,1604,1562,1860,1478,65536,0,0,0,False,False
16038,1948,1570,2204,1826,1478,65536,0,0,0,False,False
16039,1673,2312,1929,2568,1478,65536,0,0,0,False,False
16040,1300,1367,1556,1623,1478,65536,0,0,0,False,False
16041,1434,1855,1690,2111,1478,65536,0,0,0,False,False
16042,2259,1263,2515,1519,1478,65536,0,0,0,False,False
16043,3382,1044,3638,1300,1478,65536,0,0,0,False,True
16044,2384,2169,2640,2425,1478,65536,0,0,0,False,False
16045,2595,1010,2851,1266,1478,65536,0,0,0,False,False
16046,3094,1160,3350,1416,1478,65536,0,0,0,False,False
16047,2386,1573,2642,1829,1478,65536,0,0,0,False,False
16048,1417,2121,1673,2377,1478,65536,0,0,0,False,False
16049,3765,1643,4021,1899,1478,65536,0,0,0,False,True
16050,2585,1581,2841,1837,1478,65536,0,0,0,False,False
16051,1884,1006,2140,1262,1478,65536,0,0,0,False,False
16052,1387,2011,1643,2267,1478,65536,0,0,0,False,False
16053,3869,1699,4125,1955,1478,65536,0,0,0,False,False
16054,2150,1242,2406,1498,1478,65536,0,0,0,False,False
16055,2247,1376,2503,1632,1478,65536,0,0,0,False,False
16056,2148,2102,2404,2358,1478,65536,0,0,0,False,False
16057,1651,2238,1907,2494,1478,65536,0,0,0,False,False
16058,1161,931,1417,1187,1478,65536,0,0,0,False,False
16059,3253,2261,3509,2517,1478,65536,0,0,0,False,False
16060,3170,1584,3426,1840,1478,65536,0,0,0,False,False
16061,3422,1283,3678,1539,1478,65536,0,0,0,False,False
16062,2432,2369,2688,2625,1478,65536,0,0,0,False,False
16063,3677,1797,3933,2053,1478,65536,0,0,0,False,True
16064,2124,1279,2380,1535,1478,65536,0,0,0,False,False
16065,1135,2041,1391,2297,1478,65536,0,0,0,False,False
16066,3044,1351,3300,1607,1478,65536,0,0,0,False,False
16067,2153,1079,2409,1335,1478,65536,0,0,0,False,False
16068,2420,1335,2676,1591,1478,65536,0,0,0,False,False
16069,3947,2226,4203,2482,1478,65536,0,0,0,False,False
16070,3529,1016,3785,1272,1478,65536,0,0,0,False,False
16071,3284,2237,3540,2493,1478,65536,0,0,0,False,False
16072,1346,2089,1602,2345,1478,65536,0,0,0,False,False
16073,2690,1480,2946,1736,1478,65536,0,0,0,False,False
16074,1925,1548,2181,1804,1478,65536,0,0,0,False,False
16075,2073,1332,2329,1588,1478,65536,0,0,0,False,True
16076,3287,1784,3543,2040,1478,65536,0,0,0,False,False
16077,1831,1491,2087,1747,1478,65536,0,0,0,False,False
16078,2750,1149,3006,1405,1478,65536,0,0,0,False,False
16079,1774,1135,2030,1391,1478,65536,0,0,0,False,False
16080,3007,1303,3263,1559,1494,65536,0,0,0,False,False
16081,3847,2121,4103,2377,1494,65536,0,0,0,False,False
16082,1247,1286,1503,1542,1494,65536,0,0,0,False,False
16083,2950,1365,3206,1621,1494,65536,0,0,0,False,False
16084,3603,1156,3859,1412,1494,65536,0,0,0,False,False
16085,1966,925,2222,1181,1494,65536,0,0,0,False,False
16086,2869,1882,3125,2138,1494,65536,0,0,0,False,False
16087,3326,841,3582,1097,1494,65536,0,0,0,False,False
16088,2066,1445,2322,1701,1494,65536,0,0,0,False,False
16089,2373,2517,2629,2773,1494,65536,0,0,0,False,False
16090,3570,1163,3826,1419,1494,65536,0,0,0,False,False
16091,2017,833,2273,1089,1494,65536,0,0,0,False,False
16092,3286,2326,3542,2582,1494,65536,0,0,0,False,False
16093,1299,1793,1555,2049,1494,65536,0,0,0,False,False
16094,2632,1078,2888,1334,1494,65536,0,0,0,False,False
16095,3060,1163,3316,1419,1494,65536,0,0,0,False,False
16096,3805,1496,4061,1752,1494,65536,0,0,0,False,False
16097,2654,2234,2910,2490,1494,65536,0,0,0,False,False
16098,3907,1671,4163,1927,1494,65536,0,0,0,False,False
16099,3133,1854,3389,2110,1494,65536,0,0,0,False,False
16100,1649,1608,1905,1864,1494,65536,0,0,0,False,False
16101,1624,1031,1880,1287,1494,65536,0,0,0,False,False
16102,3410,2001,3666,2257,1494,65536,0,0,0,False,False
16103,3086,2449,3342,2705,1494,65536,0,0,0,False,False
16104,2524,1768,2780,2024,1494,65536,0,0,0,False,False
16105,3832,2056,4088,2312,1494,65536,0,0,0,False,False
16106,1568,1422,1824,1678,1494,65536,0,0,0,False,False
16107,1413,1591,1669,1847,1494,65536,0,0,0,False,False
16108,1131,1985,1387,2241,1494,65536,0,0,0,False,False
16109,3834,2329,4090,2585,1494,65536,0,0,0,False,False
16110,2850,2015,3106,2271,1494,65536,0,0,0,False,False
16111,1176,1312,1432,1568,1494,65536,0,0,0,False,False
16112,1132,1995,1388,2251,1494,65536,0,0,0,False,False
16113,1235,2273,1491,2529,1494,65536,0,0,0,False,False
16114,1441,1520,1697,1776,1494,65536,0,0,0,False,False
16115,2807,2432,3063,2688,1494,65536,0,0,0,False,False
16116,2409,1467,2665,1723,1494,65536,0,0,0,False,False
16117,2721,1024,2977,1280,1494,65536,0,0,0,False,False
16118,1900,1211,2156,1467,1494,65536,0,0,0,False,False
16119,3824,1183,4080,1439,1494,65536,0,0,0,False,False
16120,2763,1319,3019,1575,1494,65536,0,0,0,False,False
16121,3325,889,3581,1145,1494,65536,0,0,0,False,False
16122,1804,2474,2060,2730,1494,65536,0,0,0,False,False
16123,3230,1890,3486,2146,1494,65536,0,0,0,False,False
16124,3677,2365,3933,2621,1494,65536,0,0,0,False,False
16125,2890,1669,3146,1925,1494,65536,0,0,0,False,False
16126,1288,1821,1544,2077,1494,65536,0,0,0,False,False
16127,1957,1887,2213,2143,1494,65536,0,0,0,False,False
16128,2430,1078,2686,1334,1494,65536,0,0,0,False,False
16129,1623,1737,1879,1993,1494,65536,0,0,0,False,False
16130,1482,1665,1738,1921,1495,65536,0,0,0,False,True
16131,2344,1189,2600,1445,1495,64668,868,0,0,True,False
16132,1841,2024,2097,2280,1495,65536,0,0,0,False,False
16133,1739,1473,1995,1729,1495,65536,0,0,0,False,False
16134,2001,2107,2257,2363,1495,65536,0,0,0,False,False
16135,2684,2474,2940,2730,1495,65536,0,0,0,False,False
16136,1523,1575,1779,1831,1495,65536,0,0,0,False,False
16137,3794,2349,4050,2605,1495,65536,0,0,0,False,False
16138,3043,1919,3299,2175,1495,65536,0,0,0,False,False
16139,2461,870,2717,1126,1495,65536,0,0,0,False,False
16140,2629,2100,2885,2356,1495,65536,0,0,0,False,False
16141,3320,2125,3576,2381,1495,65536,0,0,0,False,False
16142,2961,2332,3217,2588,1495,65536,0,0,0,False,False
16143,2724,1825,2980,2081,1495,65536,0,0,0,False,False
16144,2829,2386,3085,2642,1495,65536,0,0,0,False,False
16145,3123,1215,3379,1471,1495,65536,0,0,0,False,False
16146,1656,1813,1912,2069,1495,65536,0,0,0,False,False
16147,2267,1148,2523,1404,1495,65536,0,0,0,False,False
16148,1170,1518,1426,1774,1495,65536,0,0,0,False,False
16149,1360,1549,1616,1805,1495,65536,0,0,0,False,False
16150,2181,1679,2437,1935,1495,65536,0,0,0,False,False
16151,2101,2223,2357,2479,1495,65536,0,0,0,False,False
16152,1147,1218,1403,1474,1495,65536,0,0,0,False,False
16153,1654,872,1910,1128,1495,65536,0,0,0,False,False
16154,1432,1601,1688,1857,1495,65536,0,0,0,False,False
16155,1704,1453,1960,1709,1495,65536,0,0,0,False,True
16156,2276,1775,2532,2031,1495,65536,0,0,0,False,False
16157,2253,2177,2509,2433,1495,65536,0,0,0,False,False
16158,1880,971,2136,1227,1495,65536,0,0,0,False,False
16159,3113,1870,3369,2126,1495,65536,0,0,0,False,False
16160,2096,1408,2352,1664,1495,65536,0,0,0,False,False
16161,1979,2233,2235,2489,1495,65536,0,0,0,False,False
16162,1971,1801,2227,2057,1495,65536,0,0,0,False,False
16163,3646,2080,3902,2336,1495,65536,0,0,0,False,False
16164,1293,1621,1549,1877,1495,65536,0,0,0,False,False
16165,2051,2237,2307,2493,1495,65536,0,0,0,False,False
16166,1997,1029,2253,1285,1495,65536,0,0,0,False,False
16167,3902,1642,4158,1898,1495,65536,0,0,0,False,False
16168,3443,2343,3699,2599,1495,65536,0,0,0,False,False
16169,2175,1811,2431,2067,1495,65536,0,0,0,False,False
16170,3102,843,3358,1099,1495,65536,0,0,0,False,False
16171,3924,2326,4180,2582,1495,65536,0,0,0,False,False
16172,2460,1545,2716,1801,1495,64526,1010,0,0,True,False
16173,2912,1133,3168,1389,1495,65536,0,0,0,False,False
16174,2931,2003,3187,2259,1495,65536,0,0,0,False,False
16175,3234,1728,3490,1984,1495,65536,0,0,0,False,False
16176,1424,1485,1680,1741,1495,65536,0,0,0,False,False
16177,1803,2084,2059,2340,1495,65536,0,0,0,False,False
16178,1626,1664,1882,1920,1495,65536,0,0,0,False,False
16179,1652,1966,1908,2222,1495,65536,0,0,0,False,False
16180,1328,1539,1584,1795,1521,65536,0,0,0,False,False
16181,1530,1430,1786,1686,1521,63680,0,1856,0,False,True
16182,1287,1529,1543,1785,1521,65536,0,0,0,False,False
16183,1512,1997,1768,2253,1521,63243,0,2293,0,False,True
16184,3832,1461,4088,1717,1521,65536,0,0,0,False,False
16185,2169,2400,2425,2656,1521,65536,0,0,0,False,False
16186,2792,1601,3048,1857,1521,65536,0,0,0,False,False
16187,3245,2490,3501,2746,1521,65536,0,0,0,False,False
16188,1402,2029,1658,2285,1521,63641,0,1895,0,False,True
16189,1225,2233,1481,2489,1521,65536,0,0,0,False,False
16190,2112,1423,2368,1679,1521,65536,0,0,0,False,False
16191,3555,1503,3811,1759,1521,65536,0,0,0,False,False
16192,2326,2310,2582,2566,1521,65536,0,0,0,False,False
16193,1680,919,1936,1175,1521,64845,0,691,0,False,True
16194,3353,1097,3609,1353,1521,65536,0,0,0,False,False
16195,3104,1512,3360,1768,1521,65536,0,0,0,False,False
16196,1375,1671,1631,1927,1521,65536,0,0,0,False,False
16197,1801,1699,2057,1955,1521,65536,0,0,0,False,False
16198,1754,2075,2010,2331,1521,65536,0,0,0,False,False
16199,3237,2096,3493,2352,1521,65536,0,0,0,False,False
16200,1286,2026,1542,2282,1521,65536,0,0,0,False,True
16201,1755,2519,2011,2775,1521,65536,0,0,0,False,False
16202,2536,2020,2792,2276,1521,65536,0,0,0,False,False
16203,2729,954,2985,1210,1521,65536,0,0,0,False,False
16204,2569,1530,2825,1786,1521,65536,0,0,0,False,False
16205,2756,1259,3012,1515,1521,65536,0,0,0,False,False
16206,1946,879,2202,1135,1521,65536,0,0,0,False,False
16207,1801,1969,2057,2225,1521,65536,0,0,0,False,False
16208,3840,2118,4096,2374,1521,65536,0,0,0,False,False
16209,3262,2354,3518,2610,1521,65536,0,0,0,False,False
16210,3851,1354,4107,1610,1521,65536,0,0,0,False,False
16211,3662,1443,3918,1699,1521,65536,0,0,0,False,True
16212,2016,1842,2272,2098,1521,65536,0,0,0,False,False
16213,2591,1549,2847,1805,1521,65536,0,0,0,False,False
16214,1689,1367,1945,1623,1521,63639,0,1897,0,False,True
16215,3117,2308,3373,2564,1521,65536,0,0,0,False,False
16216,3498,1225,3754,1481,1521,65536,0,0,0,False,False
16217,1457,1881,1713,2137,1521,63791,0,1745,0,False,True
16218,1244,1640,1500,1896,1521,65536,0,0,0,False,False
16219,3909,2513,4165,2769,1521,65536,0,0,0,False,False
16220,2889,1219,3145,1475,1521,65536,0,0,0,False,False
16221,3025,905,3281,1161,1521,65536,0,0,0,False,False
16222,3137,1220,3393,1476,1521,65536,0,0,0,False,False
16223,2759,1115,3015,1371,1521,65536,0,0,0,False,False
16224,3512,2249,3768,2505,1521,65536,0,0,0,False,False
16225,1193,1385,1449,1641,1521,65536,0,0,0,False,False
16226,3117,1861,3373,2117,1521,65536,0,0,0,False,False
16227,2085,1638,2341,1894,1521,65536,0,0,0,False,False
16228,1872,1394,2128,1650,1521,65536,0,0,0,False,False
16229,3058,2421,3314,2677,1521,65536,0,0,0,False,False
16230,3061,2309,3317,2565,1602,65536,0,0,0,False,False
16231,1447,1414,1703,1670,1602,65536,0,0,0,False,False
16232,3531,1685,3787,1941,1602,65536,0,0,0,False,True
16233,1597,1209,1853,1465,1602,65536,0,0,0,False,False
16234,1315,1868,1571,2124,1602,65536,0,0,0,False,False
16235,1122,1110,1378,1366,1602,65536,0,0,0,False,False
16236,1810,919,2066,1175,1602,65536,0,0,0,False,False
16237,3510,2342,3766,2598,1602,65536,0,0,0,False,False
16238,2609,1452,2865,1708,1602,65536,0,0,0,False,False
16239,1360,1154,1616,1410,1602,65536,0,0,0,False,False
16240,1768,1910,2024,2166,1602,65536,0,0,0,False,False
16241,2409,1969,2665,2225,1602,65536,0,0,0,False,False
16242,2387,837,2643,1093,1602,65536,0,0,0,False,False
16243,2886,898,3142,1154,1602,65536,0,0,0,False,False
16244,3236,2169,3492,2425,1602,65536,0,0,0,False,False
16245,3560,877,3816,1133,1602,65536,0,0,0,False,False
16246,3684,2294,3940,2550,1602,65536,0,0,0,False,False
16247,1946,1354,2202,1610,1602,65536,0,0,0,False,False
16248,3321,2093,3577,2349,1602,65536,0,0,0,False,False
16249,3324,901,3580,1157,1602,65536,0,0,0,False,False
16250,3532,870,3788,1126,1602,65536,0,0,0,False,False
16251,3649,1739,3905,1995,1602,65536,0,0,0,False,False
16252,3470,2079,3726,2335,1602,65536,0,0,0,False,False
16253,2466,937,2722,1193,1602,65536,0,0,0,False,False
16254,3050,1626,3306,1882,1602,65536,0,0,0,False,False
16255,3401,1758,3657,2014,1602,65536,0,0,0,False,False
16256,2212,2054,2468,2310,1602,65536,0,0,0,False,False
16257,3991,2115,4247,2371,1602,65536,0,0,0,False,False
16258,3921,1675,4177,1931,1602,65536,0,0,0,False,False
16259,2387,1080,2643,1336,1602,65536,0,0,0,False,True
16260,3678,2316,3934,2572,1602,65536,0,0,0,False,True
16261,1153,1975,1409,2231,1602,65536,0,0,0,False,False
16262,1687,1219,1943,1475,1602,65536,0,0,0,False,False
16263,1553,1504,1809,1760,1602,65536,0,0,0,False,False
16264,3172,2025,3428,2281,1602,65536,0,0,0,False,False
16265,2405,1808,2661,2064,1602,65536,0,0,0,False,False
16266,1894,1949,2150,2205,1602,65536,0,0,0,False,False
16267,3119,2314,3375,2570,1602,65536,0,0,0,False,False
16268,1573,1106,1829,1362,1602,65536,0,0,0,False,False
16269,2614,1838,2870,2094,1602,65536,0,0,0,False,False
16270,3026,1731,3282,1987,1602,65536,0,0,0,False,False
16271,2118,1409,2374,1665,1602,65536,0,0,0,False,False
16272,1887,1232,2143,1488,1602,65536,0,0,0,False,False
16273,2998,1176,3254,1432,1602,65536,0,0,0,False,False
16274,1706,1438,1962,1694,1602,65536,0,0,0,False,False
16275,1552,922,1808,1178,1602,65536,0,0,0,False,True
16276,3028,2419,3284,2675,1602,65536,0,0,0,False,False
16277,2051,2362,2307,2618,1602,65536,0,0,0,False,False
16278,2551,2397,2807,2653,1602,65536,0,0,0,False,False
16279,3824,2259,4080,2515,1602,65536,0,0,0,False,False
16280,1630,1222,1886,1478,1764,65536,0,0,0,False,False
16281,3424,1197,3680,1453,1764,65536,0,0,0,False,False
16282,2335,1909,2591,2165,1764,65536,0,0,0,False,False
16283,2021,1592,2277,1848,1764,65536,0,0,0,False,False
16284,3436,1604,3692,1860,1764,65536,0,0,0,False,False
16285,2012,1402,2268,1658,1764,65536,0,0,0,False,False
16286,1328,2353,1584,2609,1764,65536,0,0,0,False,False
16287,2687,2037,2943,2293,1764,65536,0,0,0,False,False
16288,3858,2302,4114,2558,1764,65536,0,0,0,False,False
16289,2354,1491,2610,1747,1764,65536,0,0,0,False,False
16290,1649,1899,1905,2155,1764,65536,0,0,0,False,False
16291,2890,1751,3146,2007,1764,65536,0,0,0,False,False
16292,3618,1250,3874,1506,1764,65536,0,0,0,False,False
16293,2504,879,2760,1135,1764,65536,0,0,0,False,False
16294,2592,1591,2848,1847,1764,65536,0,0,0,False,False
16295,1474,1578,1730,1834,1764,65536,0,0,0,False,False
16296,3044,1733,3300,1989,1764,65536,0,0,0,False,False
16297,3238,2328,3494,2584,1764,65536,0,0,0,False,False
16298,1411,1436,1667,1692,1764,65536,0,0,0,False,False
16299,1140,1649,1396,1905,1764,65536,0,0,0,False,False
16300,1164,2504,1420,2760,1764,65536,0,0,0,False,False
16301,1716,2165,1972,2421,1764,65536,0,0,0,False,False
16302,2260,1905,2516,2161,1764,65536,0,0,0,False,False
16303,3618,900,3874,1156,1764,65536,0,0,0,False,False
16304,2442,1588,2698,1844,1764,65536,0,0,0,False,False
16305,3892,1212,4148,1468,1764,65536,0,0,0,False,False
16306,1984,1927,2240,2183,1764,65536,0,0,0,False,False
16307,2940,1722,3196,1978,1764,65536,0,0,0,False,False
16308,3596,2364,3852,2620,1764,65536,0,0,0,False,False
16309,1544,2518,1800,2774,1764,65536,0,0,0,False,False
16310,1659,1996,1915,2252,1764,65536,0,0,0,False,False
16311,3130,2266,3386,2522,1764,65536,0,0,0,False,False
16312,2061,1797,2317,2053,1764,65536,0,0,0,False,False
16313,3770,1230,4026,1486,1764,65536,0,0,0,False,False
16314,3710,2037,3966,2293,1764,65536,0,0,0,False,False
16315,3253,1680,3509,1936,1764,65536,0,0,0,False,False
16316,2046,1426,2302,1682,1764,65536,0,0,0,False,False
16317,3643,2219,3899,2475,1764,65536,0,0,0,False,False
16318,3800,1101,4056,1357,1764,65536,0,0,0,False,False
16319,1973,2263,2229,2519,1764,65536,0,0,0,False,False
16320,2656,2003,2912,2259,1764,65536,0,0,0,False,False
16321,3995,948,4251,1204,1764,65536,0,0,0,False,False
16322,2858,835,3114,1091,1764,65536,0,0,0,False,True
16323,1266,1415,1522,1671,1764,65536,0,0,0,False,False
16324,3482,1802,3738,2058,1764,65536,0,0,0,False,False
16325,2600,1673,2856,1929,1764,65536,0,0,0,False,True
16326,2492,1893,2748,2149,1764,65536,0,0,0,False,False
16327,3070,1910,3326,2166,1764,65536,0,0,0,False,False
16328,1465,867,1721,1123,1764,65536,0,0,0,False,False
16329,3583,1658,3839,1914,1764,65536,0,0,0,False,False
16330,3499,1982,3755,2238,2005,65536,0,0,0,False,False
16331,2384,862,2640,1118,2005,65536,0,0,0,False,False
16332,1202,876,1458,1132,2005,65536,0,0,0,False,False
16333,3661,944,3917,1200,2005,65536,0,0,0,False,False
16334,1133,1395,1389,1651,2005,65536,0,0,0,False,False
16335,1903,2243,2159,2499,2005,65536,0,0,0,False,False
16336,3041,2344,3297,2600,2005,65536,0,0,0,False,False
16337,2825,1086,3081,1342,2005,65536,0,0,0,False,False
16338,2727,2396,2983,2652,2005,65536,0,0,0,False,False
16339,1557,1883,1813,2139,2005,65536,0,0,0,False,False
16340,1154,1331,1410,1587,2005,65536,0,0,0,False,False
16341,2951,1639,3207,1895,2005,65536,0,0,0,False,False
16342,1223,1722,1479,1978,2005,65536,0,0,0,False,False
16343,2435,1370,2691,1626,2005,65536,0,0,0,False,False
16344,3674,1609,3930,1865,2005,65536,0,0,0,False,False
16345,1700,836,1956,1092,2005,65536,0,0,0,False,False
16346,3700,2090,3956,2346,2005,65536,0,0,0,False,False
16347,3251,1175,3507,1431,2005,65536,0,0,0,False,False
16348,3488,1183,3744,1439,2005,65536,0,0,0,False,False
16349,3619,2447,3875,2703,2005,65536,0,0,0,False,False
16350,2698,2361,2954,2617,2005,65536,0,0,0,False,False
16351,2582,1016,2838,1272,2005,65536,0,0,0,False,False
16352,1418,1129,1674,1385,2005,65536,0,0,0,False,False
16353,2029,1830,2285,2086,2005,65536,0,0,0,False,False
16354,3320,2436,3576,2692,2005,65536,0,0,0,False,False
16355,2672,1189,2928,1445,2005,65536,0,0,0,False,False
16356,3360,1287,3616,1543,2005,65536,0,0,0,False,False
16357,3080,1440,3336,1696,2005,65536,0,0,0,False,False
16358,1331,1489,1587,1745,2005,65536,0,0,0,False,False
16359,3910,1220,4166,1476,2005,65536,0,0,0,False,False
16360,3195,1693,3451,1949,2005,65536,0,0,0,False,False
16361,3304,2307,3560,2563,2005,65536,0,0,0,False,False
16362,1135,985,1391,1241,2005,65536,0,0,0,False,False
16363,2999,2499,3255,2755,2005,65536,0,0,0,False,False
16364,2456,1265,2712,1521,2005,65536,0,0,0,False,False
16365,1276,1122,1532,1378,2005,65536,0,0,0,False,False
16366,3241,931,3497,1187,2005,65536,0,0,0,False,False
16367,2106,2415,2362,2671,2005,65536,0,0,0,False,False
16368,3279,2341,3535,2597,2005,65536,0,0,0,False,False
16369,1762,1028,2018,1284,2005,65536,0,0,0,False,False
16370,1983,1955,2239,2211,2005,65536,0,0,0,False,True
16371,3232,997,3488,1253,2005,65536,0,0,0,False,False
16372,3733,2242,3989,2498,2005,65536,0,0,0,False,False
16373,3348,1407,3604,1663,2005,65536,0,0,0,False,False
16374,2312,1402,2568,1658,2005,65536,0,0,0,False,False
16375,2914,2254,3170,2510,2005,65536,0,0,0,False,False
16376,3584,1846,3840,2102,2005,65536,0,0,0,False,False
16377,1892,1055,2148,1311,2005,65536,0,0,0,False,False
16378,1966,1198,2222,1454,2005,65536,0,0,0,False,False
16379,1790,2442,2046,2698,2005,65536,0,0,0,False,False
16380,3937,1977,4193,2233,2040,65536,0,0,0,False,False
16381,1935,1874,2191,2130,2040,65536,0,0,0,False,False
16382,3841,1843,4097,2099,2040,65536,0,0,0,False,False
16383,3142,1757,3398,2013,2040,65536,0,0,0,False,False
16384,2465,1458,2721,1714,2040,65536,0,0,0,False,False
16385,3271,1598,3527,1854,2040,65536,0,0,0,False,False
16386,2503,2093,2759,2349,2040,65536,0,0,0,False,False
16387,2853,1031,3109,1287,2040,65536,0,0,0,False,False
16388,2201,2174,2457,2430,2040,65536,0,0,0,False,False
16389,1362,2231,1618,2487,2040,64678,0,858,0,False,True
16390,3034,999,3290,1255,2040,65536,0,0,0,False,False
16391,3762,1431,4018,1687,2040,65536,0,0,0,False,False
16392,3640,1077,3896,1333,2040,65536,0,0,0,False,False
16393,3903,1806,4159,2062,2040,65536,0,0,0,False,False
16394,1800,2306,2056,2562,2040,65536,0,0,0,False,False
16395,1163,1085,1419,1341,2040,65536,0,0,0,False,False
16396,2135,873,2391,1129,2040,65536,0,0,0,False,False
16397,2323,1744,2579,2000,2040,65536,0,0,0,False,False
16398,1317,1032,1573,1288,2040,65536,0,0,0,False,False
16399,2435,1411,2691,1667,2040,65536,0,0,0,False,False
16400,1527,1308,1783,1564,2040,65536,0,0,0,False,False
16401,1507,1751,1763,2007,2040,65536,0,0,0,False,False
16402,1647,1574,1903,1830,2040,65536,0,0,0,False,False
16403,1336,1036,1592,1292,2040,65536,0,0,0,False,False
16404,2440,1322,2696,1578,2040,65536,0,0,0,False,False
16405,1318,1167,1574,1423,2040,65536,0,0,0,False,False
16406,2894,2500,3150,2756,2040,65536,0,0,0,False,False
16407,2297,1801,2553,2057,2040,65536,0,0,0,False,False
16408,2329,1860,2585,2116,2040,65536,0,0,0,False,False
16409,2546,1031,2802,1287,2040,65536,0,0,0,False,False
16410,2241,1149,2497,1405,2040,65536,0,0,0,False,False
16411,2255,2484,2511,2740,2040,65536,0,0,0,False,False
16412,3936,1016,4192,1272,2040,65536,0,0,0,False,False
16413,3439,1259,3695,1515,2040,65536,0,0,0,False,False
16414,1804,1985,2060,2241,2040,65536,0,0,0,False,False
16415,1242,2322,1498,2578,2040,65432,0,104,0,False,True
16416,1922,1479,2178,1735,2040,65536,0,0,0,False,False
16417,3637,934,3893,1190,2040,65536,0,0,0,False,False
16418,2653,1586,2909,1842,2040,65536,0,0,0,False,False
16419,1911,2499,2167,2755,2040,65536,0,0,0,False,False
16420,2320,2503,2576,2759,2040,65536,0,0,0,False,False
16421,1487,978,1743,1234,2040,65536,0,0,0,False,False
16422,1600,1934,1856,2190,2040,65536,0,0,0,False,False
16423,2350,844,2606,1100,2040,65536,0,0,0,False,False
16424,2440,976,2696,1232,2040,65536,0,0,0,False,False
16425,1252,2015,1508,2271,2040,63795,0,1741,0,False,True
16426,2364,2526,2620,2782,2040,65536,0,0,0,False,False
16427,2280,1912,2536,2168,2040,65536,0,0,0,False,False
16428,2306,1218,2562,1474,2040,65536,0,0,0,False,False
16429,2671,1478,2927,1734,2040,65536,0,0,0,False,False
16430,3367,1136,3623,1392,2044,65536,0,0,0,False,False
16431,2666,1338,2922,1594,2044,65536,0,0,0,False,False
16432,1527,900,1783,1156,2044,65536,0,0,0,False,False
16433,3234,1254,3490,1510,2044,65536,0,0,0,False,False
16434,2472,2387,2728,2643,2044,65536,0,0,0,False,False
16435,2003,1264,2259,1520,2044,65536,0,0,0,False,False
16436,2355,2349,2611,2605,2044,65536,0,0,0,False,False
16437,1431,1579,1687,1835,2044,65536,0,0,0,False,False
16438,1273,1719,1529,1975,2044,65536,0,0,0,False,False
16439,1292,2338,1548,2594,2044,65536,0,0,0,False,True
16440,3534,1417,3790,1673,2044,65536,0,0,0,False,False
16441,2026,2067,2282,2323,2044,65536,0,0,0,False,False
16442,2139,2451,2395,2707,2044,65536,0,0,0,False,False
16443,2089,1564,2345,1820,2044,65536,0,0,0,False,False
16444,1583,1250,1839,1506,2044,65536,0,0,0,False,False
16445,3596,2194,3852,2450,2044,65536,0,0,0,False,False
16446,2028,1078,2284,1334,2044,65536,0,0,0,False,False
16447,2166,1561,2422,1817,2044,65536,0,0,0,False,False
16448,2656,1213,2912,1469,2044,65536,0,0,0,False,False
16449,3076,1156,3332,1412,2044,65536,0,0,0,False,False
16450,2380,1646,2636,1902,2044,65536,0,0,0,False,False
16451,2000,1702,2256,1958,2044,65536,0,0,0,False,False
16452,3953,1990,4209,2246,2044,65536,0,0,0,False,False
16453,1543,835,1799,1091,2044,65536,0,0,0,False,False
16454,2560,935,2816,1191,2044,65536,0,0,0,False,False
16455,1818,2307,2074,2563,2044,65536,0,0,0,False,False
16456,2318,2347,2574,2603,2044,65536,0,0,0,False,False
16457,2967,2364,3223,2620,2044,65536,0,0,0,False,False
16458,2289,2217,2545,2473,2044,65536,0,0,0,False,False
16459,3418,927,3674,1183,2044,65536,0,0,0,False,False
16460,1634,1536,1890,1792,2044,65536,0,0,0,False,False
16461,3565,2194,3821,2450,2044,65536,0,0,0,False,False
16462,2756,2098,3012,2354,2044,65536,0,0,0,False,False
16463,1485,1982,1741,2238,2044,65536,0,0,0,False,False
16464,2251,1534,2507,1790,2044,65536,0,0,0,False,False
16465,2053,2362,2309,2618,2044,65536,0,0,0,False,False
16466,3178,1304,3434,1560,2044,65536,0,0,0,False,False
16467,2347,1632,2603,1888,2044,65536,0,0,0,False,False
16468,3384,2348,3640,2604,2044,65536,0,0,0,False,False
16469,1667,909,1923,1165,2044,65536,0,0,0,False,False
16470,1266,1049,1522,1305,2044,65536,0,0,0,False,False
16471,2592,1832,2848,2088,2044,65536,0,0,0,False,False
16472,3522,1599,3778,1855,2044,65536,0,0,0,False,False
16473,2628,2295,2884,2551,2044,65536,0,0,0,False,False
16474,1828,1218,2084,1474,2044,65536,0,0,0,False,False
16475,3129,942,3385,1198,2044,65536,0,0,0,False,False
16476,3689,2160,3945,2416,2044,65536,0,0,0,False,False
16477,2588,2357,2844,2613,2044,65536,0,0,0,False,False
16478,3008,1389,3264,1645,2044,65536,0,0,0,False,False
16479,3836,1431,4092,1687,2044,65536,0,0,0,False,False
16480,3005,1830,3261,2086,2046,65536,0,0,0,False,False
16481,2937,1349,3193,1605,2046,65536,0,0,0,False,False
16482,3062,2206,3318,2462,2046,65536,0,0,0,False,False
16483,1673,1990,1929,2246,2046,65536,0,0,0,False,False
16484,1584,1636,1840,1892,2046,65536,0,0,0,False,False
16485,1377,969,1633,1225,2046,65536,0,0,0,False,False
16486,3416,1288,3672,1544,2046,65536,0,0,0,False,False
16487,2755,1493,3011,1749,2046,65536,0,0,0,False,False
16488,2033,2221,2289,2477,2046,65536,0,0,0,False,False
16489,1756,1885,2012,2141,2046,65536,0,0,0,False,False
16490,2235,1764,2491,2020,2046,65536,0,0,0,False,False
16491,3998,1244,4254,1500,2046,65536,0,0,0,False,False
16492,3421,2120,3677,2376,2046,65536,0,0,0,False,False
16493,1499,1645,1755,1901,2046,65536,0,0,0,False,False
16494,1866,1500,2122,1756,2046,65536,0,0,0,False,False
16495,2861,1831,3117,2087,2046,65536,0,0,0,False,False
16496,2396,2128,2652,2384,2046,65536,0,0,0,False,False
16497,2976,2388,3232,2644,2046,65536,0,0,0,False,False
16498,2453,2418,2709,2674,2046,65536,0,0,0,False,False
16499,3820,1628,4076,1884,2046,65536,0,0,0,False,False
16500,3967,1836,4223,2092,2046,65536,0,0,0,False,False
16501,2093,1608,2349,1864,2046,65536,0,0,0,False,False
16502,2036,2041,2292,2297,2046,65536,0,0,0,False,False
16503,2179,1485,2435,1741,2046,65536,0,0,0,False,False
16504,1626,1865,1882,2121,2046,65536,0,0,0,False,False
16505,1452,1180,1708,1436,2046,65536,0,0,0,False,False
16506,1915,2057,2171,2313,2046,65536,0,0,0,False,False
16507,3532,852,3788,1108,2046,65536,0,0,0,False,False
16508,2882,1170,3138,1426,2046,65536,0,0,0,False,False
16509,1852,2103,2108,2359,2046,65536,0,0,0,False,False
16510,2157,2068,2413,2324,2046,65536,0,0,0,False,False
16511,2942,1645,3198,1901,2046,65536,0,0,0,False,False
16512,3270,1455,3526,1711,2046,65536,0,0,0,False,False
16513,2395,1804,2651,2060,2046,65536,0,0,0,False,False
16514,2811,2125,3067,2381,2046,65536,0,0,0,False,False
16515,2137,1772,2393,2028,2046,65536,0,0,0,False,False
16516,2399,1064,2655,1320,2046,65536,0,0,0,False,False
16517,1169,1423,1425,1679,2046,65536,0,0,0,False,False
16518,1185,2121,1441,2377,2046,65536,0,0,0,False,False
16519,1482,1757,1738,2013,2046,65536,0,0,0,False,False
16520,3477,2287,3733,2543,2046,65536,0,0,0,False,False
16521,3083,1768,3339,2024,2046,65536,0,0,0,False,False
16522,1624,1400,1880,1656,2046,65536,0,0,0,False,False
16523,2526,1552,2782,1808,2046,65536,0,0,0,False,False
16524,3993,1232,4249,1488,2046,65536,0,0,0,False,False
16525,2165,1483,2421,1739,2046,65536,0,0,0,False,False
16526,3985,1419,4241,1675,2046,65536,0,0,0,False,False
16527,3233,926,3489,1182,2046,65536,0,0,0,False,False
16528,2568,1292,2824,1548,2046,65536,0,0,0,False,False
16529,2762,1400,3018,1656,2046,65536,0,0,0,False,False
16530,3602,2169,3858,2425,2047,64183,1353,0,0,True,False
16531,1773,1382,2029,1638,2047,65536,0,0,0,False,False
16532,3920,857,4176,1113,2047,65536,0,0,0,False,False
16533,2668,1252,2924,1508,2047,65536,0,0,0,False,False
16534,3267,2034,3523,2290,2047,64530,1006,0,0,True,False
16535,3878,1347,4134,1603,2047,65536,0,0,0,False,False
16536,1644,1432,1900,1688,2047,65536,0,0,0,False,False
16537,3006,1893,3262,2149,2047,65536,0,0,0,False,False
16538,2565,1640,2821,1896,2047,65536,0,0,0,False,False
16539,1290,1704,1546,1960,2047,65536,0,0,0,False,False
16540,3526,1859,3782,2115,2047,65536,0,0,0,False,False
16541,2892,1792,3148,2048,2047,65536,0,0,0,False,False
16542,2000,963,2256,1219,2047,65536,0,0,0,False,False
16543,2139,1510,2395,1766,2047,65536,0,0,0,False,False
16544,2921,1711,3177,1967,2047,65536,0,0,0,False,False
16545,1752,1055,2008,1311,2047,65536,0,0,0,False,False
16546,3811,2236,4067,2492,2047,65536,0,0,0,False,False
16547,2289,2234,2545,2490,2047,65536,0,0,0,False,False
16548,2006,2457,2262,2713,2047,65536,0,0,0,False,False
16549,3517,1026,3773,1282,2047,65536,0,0,0,False,False
16550,1201,1897,1457,2153,2047,65536,0,0,0,False,False
16551,3031,1041,3287,1297,2047,65536,0,0,0,False,False
16552,3341,1014,3597,1270,2047,65536,0,0,0,False,False
16553,2209,2135,2465,2391,2047,65454,82,0,0,True,False
16554,3815,980,4071,1236,2047,65536,0,0,0,False,True
16555,3428,1488,3684,1744,2047,65536,0,0,0,False,False
16556,2203,1598,2459,1854,2047,65536,0,0,0,False,False
16557,3431,2020,3687,2276,2047,65536,0,0,0,False,True
16558,2898,1888,3154,2144,2047,65536,0,0,0,False,False
16559,3753,2371,4009,2627,2047,65536,0,0,0,False,False
16560,1998,928,2254,1184,2047,65536,0,0,0,False,False
16561,3385,1820,3641,2076,2047,65536,0,0,0,False,False
16562,3303,1219,3559,1475,2047,65536,0,0,0,False,False
16563,2760,1284,3016,1540,2047,65536,0,0,0,False,False
16564,2377,1375,2633,1631,2047,65536,0,0,0,False,False
16565,3001,974,3257,1230,2047,65536,0,0,0,False,False
16566,1829,1643,2085,1899,2047,65536,0,0,0,False,False
16567,3239,910,3495,1166,2047,65536,0,0,0,False,False
16568,3036,1521,3292,1777,2047,65536,0,0,0,False,True
16569,1163,2522,1419,2778,2047,65536,0,0,0,False,False
16570,1575,1969,1831,2225,2047,65536,0,0,0,False,False
16571,1484,2462,1740,2718,2047,65536,0,0,0,False,False
16572,2932,2421,3188,2677,2047,65536,0,0,0,False,False
16573,3977,1760,4233,2016,2047,65536,0,0,0,False,False
16574,3710,2212,3966,2468,2047,64934,602,0,0,True,False
16575,2294,2288,2550,2544,2047,65536,0,0,0,False,False
16576,2778,2064,3034,2320,2047,63894,1642,0,0,True,False
16577,3876,2392,4132,2648,2047,65536,0,0,0,False,False
16578,2784,1772,3040,2028,2047,65536,0,0,0,False,True
16579,2186,1784,2442,2040,2047,65536,0,0,0,False,False
16580,3288,1572,3544,1828,2085,65536,0,0,0,False,False
16581,3145,1637,3401,1893,2085,65536,0,0,0,False,False
16582,3554,1549,3810,1805,2085,65536,0,0,0,False,False
16583,2331,1311,2587,1567,2085,65536,0,0,0,False,False
16584,3493,2125,3749,2381,2085,65536,0,0,0,False,False
16585,1438,1650,1694,1906,2085,65536,0,0,0,False,False
16586,1575,2079,1831,2335,2085,65536,0,0,0,False,False
16587,1789,2482,2045,2738,2085,65536,0,0,0,False,False
16588,1919,1440,2175,1696,2085,65536,0,0,0,False,False
16589,2509,2514,2765,2770,2085,65536,0,0,0,False,False
16590,1600,1610,1856,1866,2085,65536,0,0,0,False,False
16591,2363,2092,2619,2348,2085,65536,0,0,0,False,False
16592,3562,1920,3818,2176,2085,65536,0,0,0,False,False
16593,2259,1590,2515,1846,2085,65536,0,0,0,False,False
16594,3650,1123,3906,1379,2085,64960,0,576,0,False,True
16595,1443,1763,1699,2019,2085,65536,0,0,0,False,False
16596,3531,1246,3787,1502,2085,64728,0,808,0,False,False
16597,3964,2327,4220,2583,2085,65536,0,0,0,False,False
16598,3082,1550,3338,1806,2085,65536,0,0,0,False,False
16599,3413,2329,3669,2585,2085,65536,0,0,0,False,False
16600,3136,1315,3392,1571,2085,65536,0,0,0,False,False
16601,3587,1908,3843,2164,2085,65536,0,0,0,False,False
16602,3575,1930,3831,2186,2085,65536,0,0,0,False,False
16603,2257,1613,2513,1869,2085,65536,0,0,0,False,False
16604,2323,1197,2579,1453,2085,65536,0,0,0,False,False
16605,2906,1778,3162,2034,2085,65536,0,0,0,False,False
16606,3702,1583,3958,1839,2085,65536,0,0,0,False,False
16607,1335,1475,1591,1731,2085,65536,0,0,0,False,False
16608,3300,2126,3556,2382,2085,65536,0,0,0,False,False
16609,2274,2455,2530,2711,2085,65536,0,0,0,False,False
16610,3391,1253,3647,1509,2085,65447,0,89,0,False,True
16611,1451,1411,1707,1667,2085,65536,0,0,0,False,True
16612,1918,1698,2174,1954,2085,65536,0,0,0,False,False
16613,1367,1433,1623,1689,2085,65536,0,0,0,False,False
16614,1855,2208,2111,2464,2085,65536,0,0,0,False,False
16615,3139,2116,3395,2372,2085,65536,0,0,0,False,False
16616,1748,1220,2004,1476,2085,65536,0,0,0,False,False
16617,3951,1109,4207,1365,2085,65536,0,0,0,False,False
16618,2351,1970,2607,2226,2085,65536,0,0,0,False,False
16619,3080,888,3336,1144,2085,65536,0,0,0,False,False
16620,1385,2490,1641,2746,2085,65536,0,0,0,False,False
16621,3666,2350,3922,2606,2085,65536,0,0,0,False,False
16622,2721,1521,2977,1777,2085,65536,0,0,0,False,False
16623,1826,1229,2082,1485,2085,65536,0,0,0,False,False
16624,1892,1740,2148,1996,2085,65536,0,0,0,False,False
16625,1905,1207,2161,1463,2085,65536,0,0,0,False,False
16626,1147,1461,1403,1717,2085,65536,0,0,0,False,False
16627,2636,1562,2892,1818,2085,65536,0,0,0,False,False
16628,3843,910,4099,1166,2085,65536,0,0,0,False,False
16629,2298,1921,2554,2177,2085,65536,0,0,0,False,False
16630,2773,1816,3029,2072,2093,65536,0,0,0,False,False
16631,3449,1146,3705,1402,2093,65536,0,0,0,False,False
16632,3654,2015,3910,2271,2093,65536,0,0,0,False,False
16633,3018,2283,3274,2539,2093,65536,0,0,0,False,False
16634,2810,1589,3066,1845,2093,65536,0,0,0,False,False
16635,3411,1382,3667,1638,2093,65536,0,0,0,False,False
16636,3055,1610,3311,1866,2093,65536,0,0,0,False,False
16637,2526,1922,2782,2178,2093,65536,0,0,0,False,False
16638,1607,1417,1863,1673,2093,65536,0,0,0,False,False
16639,3214,2307,3470,2563,2093,65536,0,0,0,False,False
16640,3241,910,3497,1166,2093,65536,0,0,0,False,False
16641,3511,1806,3767,2062,2093,65536,0,0,0,False,False
16642,2229,2390,2485,2646,2093,65536,0,0,0,False,False
16643,3012,2045,3268,2301,2093,65536,0,0,0,False,False
16644,3013,2333,3269,2589,2093,65536,0,0,0,False,False
16645,1301,1928,1557,2184,2093,65536,0,0,0,False,False
16646,2285,1192,2541,1448,2093,65536,0,0,0,False,False
16647,1911,1886,2167,2142,2093,65536,0,0,0,False,False
16648,2344,1457,2600,1713,2093,65536,0,0,0,False,False
16649,1169,2461,1425,2717,2093,65536,0,0,0,False,False
16650,1156,1219,1412,1475,2093,65536,0,0,0,False,False
16651,3934,1088,4190,1344,2093,65536,0,0,0,False,False
16652,1566,1371,1822,1627,2093,65536,0,0,0,False,False
16653,3787,2205,4043,2461,2093,65536,0,0,0,False,False
16654,1441,1775,1697,2031,2093,65536,0,0,0,False,False
16655,1768,2093,2024,2349,2093,65536,0,0,0,False,False
16656,1495,2208,1751,2464,2093,65536,0,0,0,False,False
16657,1451,2017,1707,2273,2093,65536,0,0,0,False,False
16658,3170,2454,3426,2710,2093,65536,0,0,0,False,False
16659,2902,1810,3158,2066,2093,65536,0,0,0,False,False
16660,2138,2466,2394,2722,2093,65536,0,0,0,False,True
16661,3972,1094,4228,1350,2093,65536,0,0,0,False,False
16662,3421,2015,3677,2271,2093,65536,0,0,0,False,False
16663,3085,1904,3341,2160,2093,65536,0,0,0,False,False
16664,2179,1067,2435,1323,2093,65536,0,0,0,False,False
16665,2776,1523,3032,1779,2093,65536,0,0,0,False,False
16666,2204,1048,2460,1304,2093,65536,0,0,0,False,False
16667,2826,1894,3082,2150,2093,65536,0,0,0,False,False
16668,3209,2281,3465,2537,2093,65536,0,0,0,False,False
16669,3075,945,3331,1201,2093,65536,0,0,0,False,False
16670,1721,1683,1977,1939,2093,65536,0,0,0,False,False
16671,1785,2036,2041,2292,2093,65536,0,0,0,False,False
16672,2550,1988,2806,2244,2093,65536,0,0,0,False,True
16673,2300,1593,2556,1849,2093,65536,0,0,0,False,False
16674,3544,2496,3800,2752,2093,65536,0,0,0,False,False
16675,3363,2100,3619,2356,2093,65536,0,0,0,False,False
16676,2173,2320,2429,2576,2093,65536,0,0,0,False,False
16677,1209,2080,1465,2336,2093,65536,0,0,0,False,False
16678,1873,1339,2129,1595,2093,65536,0,0,0,False,False
16679,1556,1651,1812,1907,2093,65536,0,0,0,False,False
16680,1647,2436,1903,2692,2095,65536,0,0,0,False,False
16681,3317,2321,3573,2577,2095,65536,0,0,0,False,False
16682,3542,1476,3798,1732,2095,65536,0,0,0,False,False
16683,3064,1471,3320,1727,2095,65536,0,0,0,False,False
16684,2955,1012,3211,1268,2095,65536,0,0,0,False,False
16685,3882,1722,4138,1978,2095,65536,0,0,0,False,False
16686,2296,1906,2552,2162,2095,65536,0,0,0,False,False
16687,1390,1648,1646,1904,2095,65536,0,0,0,False,False
16688,2524,1525,2780,1781,2095,65536,0,0,0,False,False
16689,3799,1699,4055,1955,2095,65536,0,0,0,False,False
16690,3182,1621,3438,1877,2095,65536,0,0,0,False,False
16691,2773,2446,3029,2702,2095,65536,0,0,0,False,True
16692,3836,2071,4092,2327,2095,65536,0,0,0,False,False
16693,2627,1501,2883,1757,2095,65536,0,0,0,False,False
16694,3272,1895,3528,2151,2095,65536,0,0,0,False,False
16695,1129,2517,1385,2773,2095,65536,0,0,0,False,False
16696,2443,2103,2699,2359,2095,65536,0,0,0,False,False
16697,2056,1923,2312,2179,2095,65536,0,0,0,False,False
16698,2457,2438,2713,2694,2095,65536,0,0,0,False,False
16699,3552,2473,3808,2729,2095,65536,0,0,0,False,False
16700,1210,2206,1466,2462,2095,65536,0,0,0,False,False
16701,3820,1100,4076,1356,2095,65536,0,0,0,False,False
16702,3224,1908,3480,2164,2095,65536,0,0,0,False,False
16703,2480,1524,2736,1780,2095,65536,0,0,0,False,False
16704,3093,1813,3349,2069,2095,65536,0,0,0,False,True
16705,1820,1956,2076,2212,2095,65536,0,0,0,False,False
16706,1769,1716,2025,1972,2095,65536,0,0,0,False,False
16707,2779,1152,3035,1408,2095,65536,0,0,0,False,False
16708,2761,1628,3017,1884,2095,65536,0,0,0,False,False
16709,2474,917,2730,1173,2095,65536,0,0,0,False,False
16710,3514,1394,3770,1650,2095,65536,0,0,0,False,False
16711,2988,1218,3244,1474,2095,65536,0,0,0,False,False
16712,3161,2231,3417,2487,2095,65536,0,0,0,False,False
16713,3215,2517,3471,2773,2095,65536,0,0,0,False,False
16714,1769,1508,2025,1764,2095,65536,0,0,0,False,False
16715,1643,2245,1899,2501,2095,65536,0,0,0,False,True
16716,1781,916,2037,1172,2095,65536,0,0,0,False,False
16717,2717,1366,2973,1622,2095,65536,0,0,0,False,False
16718,3532,1723,3788,1979,2095,65536,0,0,0,False,False
16719,3557,1144,3813,1400,2095,65536,0,0,0,False,False
16720,3054,1557,3310,1813,2095,65536,0,0,0,False,False
16721,2499,1431,2755,1687,2095,65536,0,0,0,False,False
16722,3547,2151,3803,2407,2095,65536,0,0,0,False,False
16723,1264,1622,1520,1878,2095,65536,0,0,0,False,False
16724,2873,2482,3129,2738,2095,65536,0,0,0,False,False
16725,1472,1606,1728,1862,2095,65536,0,0,0,False,False
16726,3319,1839,3575,2095,2095,65536,0,0,0,False,False
16727,3023,1883,3279,2139,2095,65536,0,0,0,False,False
16728,3736,1864,3992,2120,2095,65536,0,0,0,False,False
16729,1781,2214,2037,2470,2095,65536,0,0,0,False,False
16730,1983,1340,2239,1596,2096,65536,0,0,0,False,False
16731,2306,1607,2562,1863,2096,64798,738,0,0,True,False
16732,1222,2369,1478,2625,2096,65536,0,0,0,False,False
16733,3835,2331,4091,2587,2096,65536,0,0,0,False,False
16734,1828,2096,2084,2352,2096,65536,0,0,0,False,False
16735,2954,1141,3210,1397,2096,65536,0,0,0,False,False
16736,3356,1744,3612,2000,2096,65536,0,0,0,False,False
16737,1688,1649,1944,1905,2096,65536,0,0,0,False,False
16738,3965,1168,4221,1424,2096,65536,0,0,0,False,False
16739,2507,1424,2763,1680,2096,65113,423,0,0,True,False
16740,2437,1699,2693,1955,2096,65512,24,0,0,True,False
16741,2491,2272,2747,2528,2096,65536,0,0,0,False,False
16742,1627,2460,1883,2716,2096,65536,0,0,0,False,False
16743,2459,2220,2715,2476,2096,65536,0,0,0,False,False
16744,1699,2352,1955,2608,2096,65536,0,0,0,False,False
16745,3285,920,3541,1176,2096,65536,0,0,0,False,False
16746,1139,2267,1395,2523,2096,65536,0,0,0,False,False
16747,2930,1064,3186,1320,2096,65536,0,0,0,False,False
16748,3758,1117,4014,1373,2096,65536,0,0,0,False,False
16749,3282,1499,3538,1755,2096,65536,0,0,0,False,False
16750,3339,2055,3595,2311,2096,65536,0,0,0,False,False
16751,1533,2434,1789,2690,2096,65536,0,0,0,False,False
16752,2822,1206,3078,1462,2096,65536,0,0,0,False,False
16753,1848,1249,2104,1505,2096,65536,0,0,0,False,False
16754,2749,2141,3005,2397,2096,65536,0,0,0,False,False
16755,2757,1725,3013,1981,2096,65536,0,0,0,False,False
16756,1892,1515,2148,1771,2096,65536,0,0,0,False,False
16757,3164,2330,3420,2586,2096,65536,0,0,0,False,False
16758,1220,2263,1476,2519,2096,65536,0,0,0,False,False
16759,2236,861,2492,1117,2096,65536,0,0,0,False,False
16760,1246,985,1502,1241,2096,65536,0,0,0,False,False
16761,2235,954,2491,1210,2096,65532,4,0,0,True,False
16762,1627,1904,1883,2160,2096,65536,0,0,0,False,False
16763,3750,1195,4006,1451,2096,65536,0,0,0,False,False
16764,2654,1463,2910,1719,2096,65536,0,0,0,False,False
16765,2729,1688,2985,1944,2096,65536,0,0,0,False,False
16766,1966,1239,2222,1495,2096,65536,0,0,0,False,False
16767,3398,1464,3654,1720,2096,65536,0,0,0,False,False
16768,1222,2043,1478,2299,2096,65536,0,0,0,False,False
16769,1797,1875,2053,2131,2096,65536,0,0,0,False,False
16770,2063,2287,2319,2543,2096,65536,0,0,0,False,False
16771,3280,960,3536,1216,2096,65536,0,0,0,False,False
16772,3914,2099,4170,2355,2096,65536,0,0,0,False,False
16773,1538,1208,1794,1464,2096,65536,0,0,0,False,False
16774,1733,2272,1989,2528,2096,65536,0,0,0,False,False
16775,3940,2424,4196,2680,2096,65536,0,0,0,False,False
16776,3844,1111,4100,1367,2096,65536,0,0,0,False,False
16777,2805,1166,3061,1422,2096,65536,0,0,0,False,False
16778,2073,1978,2329,2234,2096,65536,0,0,0,False,False
16779,2633,2142,2889,2398,2096,65536,0,0,0,False,False
16780,1242,1570,1498,1826,2097,65536,0,0,0,False,False
16781,1806,2197,2062,2453,2097,65536,0,0,0,False,False
16782,3876,2449,4132,2705,2097,65536,0,0,0,False,False
16783,2565,1457,2821,1713,2097,65536,0,0,0,False,False
16784,1709,1126,1965,1382,2097,65536,0,0,0,False,False
16785,1987,2172,2243,2428,2097,65536,0,0,0,False,False
16786,3803,1821,4059,2077,2097,65536,0,0,0,False,False
16787,1830,1038,2086,1294,2097,65536,0,0,0,False,False
16788,1685,2028,1941,2284,2097,65536,0,0,0,False,True
16789,3028,2152,3284,2408,2097,65536,0,0,0,False,True
16790,2866,1485,3122,1741,2097,65536,0,0,0,False,False
16791,3436,2522,3692,2778,2097,65536,0,0,0,False,False
16792,3744,2231,4000,2487,2097,65536,0,0,0,False,True
16793,2164,2228,2420,2484,2097,65129,407,0,0,True,False
16794,1779,1207,2035,1463,2097,65536,0,0,0,False,False
16795,1776,1050,2032,1306,2097,65536,0,0,0,False,False
16796,1327,1186,1583,1442,2097,65536,0,0,0,False,False
16797,3896,1209,4152,1465,2097,65536,0,0,0,False,False
16798,1203,2003,1459,2259,2097,64439,1097,0,0,True,False
16799,3345,1460,3601,1716,2097,65536,0,0,0,False,False
16800,2417,1043,2673,1299,2097,65536,0,0,0,False,True
16801,3419,1879,3675,2135,2097,65536,0,0,0,False,False
16802,2129,2522,2385,2778,2097,65536,0,0,0,False,False
16803,3956,2356,4212,2612,2097,65536,0,0,0,False,False
16804,2400,1586,2656,1842,2097,65536,0,0,0,False,False
16805,2356,2019,2612,2275,2097,65536,0,0,0,False,False
16806,2475,1962,2731,2218,2097,65536,0,0,0,False,False
16807,3300,885,3556,1141,2097,65536,0,0,0,False,False
16808,3063,1292,3319,1548,2097,65536,0,0,0,False,False
16809,2263,1847,2519,2103,2097,65501,35,0,0,True,False
16810,2406,1948,2662,2204,2097,65536,0,0,0,False,False
16811,2271,1100,2527,1356,2097,65536,0,0,0,False,False
16812,1240,1161,1496,1417,2097,65536,0,0,0,False,False
16813,2500,1353,2756,1609,2097,65536,0,0,0,False,False
16814,3589,2095,3845,2351,2097,65536,0,0,0,False,False
16815,3393,2223,3649,2479,2097,65536,0,0,0,False,False
16816,2324,2404,2580,2660,2097,65536,0,0,0,False,False
16817,1563,1165,1819,1421,2097,65536,0,0,0,False,False
16818,3497,1443,3753,1699,2097,65536,0,0,0,False,False
16819,2502,1694,2758,1950,2097,65536,0,0,0,False,False
16820,1740,2310,1996,2566,2097,65536,0,0,0,False,False
16821,3063,1415,3319,1671,2097,65536,0,0,0,False,False
16822,2291,1837,2547,2093,2097,65536,0,0,0,False,False
16823,3525,2425,3781,2681,2097,65536,0,0,0,False,False
16824,3205,1226,3461,1482,2097,65536,0,0,0,False,False
16825,2710,2521,2966,2777,2097,65536,0,0,0,False,False
16826,3118,1597,3374,1853,2097,65536,0,0,0,False,False
16827,1792,923,2048,1179,2097,65536,0,0,0,False,False
16828,2253,1890,2509,2146,2097,65468,68,0,0,True,False
16829,2710,2280,2966,2536,2097,65536,0,0,0,False,False
16830,2234,1432,2490,1688,2098,65536,0,0,0,False,False
16831,1988,1402,2244,1658,2098,65536,0,0,0,False,False
16832,3880,1723,4136,1979,2098,65536,0,0,0,False,False
16833,2203,1556,2459,1812,2098,65536,0,0,0,False,False
16834,2637,1922,2893,2178,2098,65536,0,0,0,False,False
16835,2250,1582,2506,1838,2098,65536,0,0,0,False,False
16836,2030,1446,2286,1702,2098,65536,0,0,0,False,False
16837,3435,1708,3691,1964,2098,62440,3096,0,0,True,False
16838,1637,1863,1893,2119,2098,65536,0,0,0,False,False
16839,3907,1173,4163,1429,2098,65536,0,0,0,False,False
16840,2815,1588,3071,1844,2098,62372,3164,0,0,True,False
16841,3584,2520,3840,2776,2098,65536,0,0,0,False,True
16842,2569,1463,2825,1719,2098,61341,4195,0,0,True,False
16843,1123,1149,1379,1405,2098,65536,0,0,0,False,False
16844,2600,1915,2856,2171,2098,65536,0,0,0,False,False
16845,2189,1147,2445,1403,2098,65536,0,0,0,False,False
16846,1762,1914,2018,2170,2098,65536,0,0,0,False,False
16847,2480,2074,2736,2330,2098,65536,0,0,0,False,False
16848,3746,906,4002,1162,2098,65536,0,0,0,False,False
16849,3048,995,3304,1251,2098,65536,0,0,0,False,False
16850,3973,1479,4229,1735,2098,65536,0,0,0,False,False
16851,1315,1652,1571,1908,2098,65536,0,0,0,False,False
16852,3132,1487,3388,1743,2098,62444,3092,0,0,True,False
16853,3977,2286,4233,2542,2098,65536,0,0,0,False,False
16854,2192,2195,2448,2451,2098,62035,3501,0,0,True,False
16855,3580,1068,3836,1324,2098,65536,0,0,0,False,False
16856,1822,2151,2078,2407,2098,65536,0,0,0,False,False
16857,2124,943,2380,1199,2098,65536,0,0,0,False,False
16858,1154,1557,1410,1813,2098,65536,0,0,0,False,False
16859,3304,945,3560,1201,2098,65536,0,0,0,False,False
16860,1937,1017,2193,1273,2098,65536,0,0,0,False,False
16861,3113,2321,3369,2577,2098,65536,0,0,0,False,False
16862,1131,1764,1387,2020,2098,65536,0,0,0,False,False
16863,3505,1385,3761,1641,2098,65536,0,0,0,False,False
16864,1713,1734,1969,1990,2098,65536,0,0,0,False,False
16865,3024,1459,3280,1715,2098,64372,1164,0,0,True,False
16866,3847,1608,4103,1864,2098,65536,0,0,0,False,False
16867,1553,1728,1809,1984,2098,65536,0,0,0,False,False
16868,1566,2240,1822,2496,2098,65536,0,0,0,False,False
16869,1395,1620,1651,1876,2098,65536,0,0,0,False,False
16870,3481,1877,3737,2133,2098,65536,0,0,0,False,False
16871,2481,1380,2737,1636,2098,61888,3648,0,0,True,False
16872,3604,2122,3860,2378,2098,65536,0,0,0,False,True
16873,3461,1153,3717,1409,2098,65536,0,0,0,False,False
16874,2982,2064,3238,2320,2098,65536,0,0,0,False,False
16875,2706,1270,2962,1526,2098,65536,0,0,0,False,False
16876,1866,1998,2122,2254,2098,65536,0,0,0,False,False
16877,3531,2221,3787,2477,2098,65536,0,0,0,False,False
16878,3581,1727,3837,1983,2098,65536,0,0,0,False,False
16879,2275,1399,2531,1655,2098,65536,0,0,0,False,False
16880,1388,1129,1644,1385,2099,65536,0,0,0,False,False
16881,1587,1904,1843,2160,2099,65536,0,0,0,False,False
16882,3174,943,3430,1199,2099,65536,0,0,0,False,False
16883,2215,2017,2471,2273,2099,65536,0,0,0,False,False
16884,1620,1020,1876,1276,2099,65536,0,0,0,False,False
16885,2748,1153,3004,1409,2099,65536,0,0,0,False,False
16886,2285,1619,2541,1875,2099,63854,1682,0,0,True,False
16887,3087,1639,3343,1895,2099,65536,0,0,0,False,False
16888,2141,1894,2397,2150,2099,65536,0,0,0,False,False
16889,2192,2126,2448,2382,2099,65536,0,0,0,False,False
16890,3401,1580,3657,1836,2099,65536,0,0,0,False,False
16891,3028,1135,3284,1391,2099,65536,0,0,0,False,False
16892,1756,2088,2012,2344,2099,65536,0,0,0,False,False
16893,2685,1704,2941,1960,2099,65536,0,0,0,False,False
16894,3368,1214,3624,1470,2099,65536,0,0,0,False,False
16895,2296,832,2552,1088,2099,65536,0,0,0,False,False
16896,3922,1849,4178,2105,2099,65536,0,0,0,False,False
16897,1589,1030,1845,1286,2099,65536,0,0,0,False,False
16898,3225,2387,3481,2643,2099,65536,0,0,0,False,False
16899,2300,2471,2556,2727,2099,65536,0,0,0,False,False
16900,1618,1383,1874,1639,2099,65536,0,0,0,False,False
16901,1299,2369,1555,2625,2099,65536,0,0,0,False,False
16902,3580,1071,3836,1327,2099,65536,0,0,0,False,False
16903,1834,2164,2090,2420,2099,65536,0,0,0,False,False
16904,2299,1812,2555,2068,2099,62965,2571,0,0,True,False
16905,2107,1197,2363,1453,2099,65348,188,0,0,True,False
16906,1490,2240,1746,2496,2099,65536,0,0,0,False,False
16907,3487,1198,3743,1454,2099,65536,0,0,0,False,False
16908,2061,2190,2317,2446,2099,65536,0,0,0,False,False
16909,1885,886,2141,1142,2099,65056,480,0,0,True,False
16910,2281,2160,2537,2416,2099,65536,0,0,0,False,False
16911,1536,2395,1792,2651,2099,65536,0,0,0,False,False
16912,2912,2286,3168,2542,2099,65536,0,0,0,False,False
16913,2767,2461,3023,2717,2099,65536,0,0,0,False,False
16914,1204,1128,1460,1384,2099,65536,0,0,0,False,False
16915,3651,873,3907,1129,2099,65536,0,0,0,False,False
16916,1540,1135,1796,1391,2099,65536,0,0,0,False,False
16917,2923,2036,3179,2292,2099,65536,0,0,0,False,False
16918,1483,1181,1739,1437,2099,65536,0,0,0,False,False
16919,3192,1260,3448,1516,2099,65536,0,0,0,False,False
16920,1787,1133,2043,1389,2099,64843,693,0,0,True,False
16921,2291,1039,2547,1295,2099,65536,0,0,0,False,False
16922,3807,2225,4063,2481,2099,65536,0,0,0,False,False
16923,3789,2317,4045,2573,2099,65536,0,0,0,False,False
16924,1402,1352,1658,1608,2099,65536,0,0,0,False,False
16925,3212,2084,3468,2340,2099,65536,0,0,0,False,False
16926,3764,1712,4020,1968,2099,65536,0,0,0,False,False
16927,3962,2183,4218,2439,2099,65536,0,0,0,False,False
16928,3896,1656,4152,1912,2099,65536,0,0,0,False,False
16929,1316,1831,1572,2087,2099,65536,0,0,0,False,False
16930,3534,2391,3790,2647,2101,65536,0,0,0,False,False
16931,1284,2422,1540,2678,2101,65536,0,0,0,False,False
16932,2024,1544,2280,1800,2101,65536,0,0,0,False,True
16933,2792,1557,3048,1813,2101,65536,0,0,0,False,False
16934,2850,2101,3106,2357,2101,65536,0,0,0,False,False
16935,2868,1810,3124,2066,2101,65536,0,0,0,False,False
16936,2320,2027,2576,2283,2101,65536,0,0,0,False,False
16937,2939,1620,3195,1876,2101,65536,0,0,0,False,False
16938,2829,1135,3085,1391,2101,65536,0,0,0,False,False
16939,1313,2296,1569,2552,2101,65536,0,0,0,False,False
16940,2361,2438,2617,2694,2101,65536,0,0,0,False,False
16941,2827,2253,3083,2509,2101,65536,0,0,0,False,False
16942,2253,1787,2509,2043,2101,65536,0,0,0,False,False
16943,2058,2362,2314,2618,2101,65536,0,0,0,False,False
16944,2472,1980,2728,2236,2101,65536,0,0,0,False,False
16945,1898,2487,2154,2743,2101,65536,0,0,0,False,False
16946,1831,1687,2087,1943,2101,65536,0,0,0,False,False
16947,1922,1771,2178,2027,2101,65536,0,0,0,False,False
16948,1247,1255,1503,1511,2101,65536,0,0,0,False,False
16949,3660,1795,3916,2051,2101,65536,0,0,0,False,False
16950,2521,1002,2777,1258,2101,65536,0,0,0,False,False
16951,2004,1072,2260,1328,2101,65536,0,0,0,False,False
16952,3928,1704,4184,1960,2101,65536,0,0,0,False,False
16953,2832,1860,3088,2116,2101,65536,0,0,0,False,False
16954,3556,1293,3812,1549,2101,65536,0,0,0,False,False
16955,1822,2458,2078,2714,2101,65536,0,0,0,False,False
16956,2202,979,2458,1235,2101,65536,0,0,0,False,False
16957,1256,1546,1512,1802,2101,65536,0,0,0,False,False
16958,1886,1195,2142,1451,2101,65536,0,0,0,False,False
16959,3410,2226,3666,2482,2101,65536,0,0,0,False,False
16960,3539,1503,3795,1759,2101,65536,0,0,0,False,False
16961,2394,1845,2650,2101,2101,65536,0,0,0,False,False
16962,2727,2525,2983,2781,2101,65536,0,0,0,False,False
16963,1959,1692,2215,1948,2101,65536,0,0,0,False,False
16964,1641,1438,1897,1694,2101,65536,0,0,0,False,False
16965,2605,1907,2861,2163,2101,65536,0,0,0,False,False
16966,1539,1275,1795,1531,2101,65536,0,0,0,False,False
16967,2576,901,2832,1157,2101,65536,0,0,0,False,False
16968,1124,943,1380,1199,2101,65536,0,0,0,False,False
16969,1976,1600,2232,1856,2101,65536,0,0,0,False,False
16970,3432,836,3688,1092,2101,65536,0,0,0,False,False
16971,3156,1183,3412,1439,2101,65536,0,0,0,False,False
16972,1380,2006,1636,2262,2101,65536,0,0,0,False,False
16973,1932,2371,2188,2627,2101,65536,0,0,0,False,False
16974,1517,992,1773,1248,2101,65536,0,0,0,False,False
16975,2063,2478,2319,2734,2101,65536,0,0,0,False,False
16976,3969,1666,4225,1922,2101,65536,0,0,0,False,False
16977,3660,2371,3916,2627,2101,65536,0,0,0,False,False
16978,1581,1252,1837,1508,2101,65536,0,0,0,False,False
16979,3510,1795,3766,2051,2101,65536,0,0,0,False,False
16980,3682,1815,3938,2071,2163,65536,0,0,0,False,False
16981,1738,1575,1994,1831,2163,65536,0,0,0,False,False
16982,1652,1820,1908,2076,2163,65536,0,0,0,False,False
16983,3418,2391,3674,2647,2163,65536,0,0,0,False,False
16984,3777,2424,4033,2680,2163,65536,0,0,0,False,False
16985,3247,1567,3503,1823,2163,65536,0,0,0,False,False
16986,3242,1289,3498,1545,2163,65536,0,0,0,False,False
16987,2995,1456,3251,1712,2163,65536,0,0,0,False,False
16988,2738,1653,2994,1909,2163,65536,0,0,0,False,False
16989,3151,1086,3407,1342,2163,65536,0,0,0,False,False
16990,3231,2371,3487,2627,2163,65536,0,0,0,False,False
16991,3149,2514,3405,2770,2163,65536,0,0,0,False,False
16992,3502,1248,3758,1504,2163,65536,0,0,0,False,False
16993,1592,918,1848,1174,2163,65536,0,0,0,False,False
16994,3621,2179,3877,2435,2163,65536,0,0,0,False,False
16995,3945,2051,4201,2307,2163,65536,0,0,0,False,False
16996,1735,2165,1991,2421,2163,65536,0,0,0,False,False
16997,3366,1524,3622,1780,2163,65536,0,0,0,False,False
16998,3670,1672,3926,1928,2163,65536,0,0,0,False,False
16999,3624,876,3880,1132,2163,65536,0,0,0,False,False
17000,2055,2405,2311,2661,2163,65536,0,0,0,False,False
17001,1330,2145,1586,2401,2163,65536,0,0,0,False,False
17002,3956,1059,4212,1315,2163,65536,0,0,0,False,False
17003,1687,1138,1943,1394,2163,65536,0,0,0,False,False
17004,2741,1910,2997,2166,2163,65536,0,0,0,False,False
17005,2991,2047,3247,2303,2163,65536,0,0,0,False,False
17006,3849,945,4105,1201,2163,65536,0,0,0,False,False
17007,1259,1851,1515,2107,2163,65536,0,0,0,False,False
17008,2122,2402,2378,2658,2163,65536,0,0,0,False,False
17009,1738,1413,1994,1669,2163,65536,0,0,0,False,False
17010,3989,1026,4245,1282,2163,65536,0,0,0,False,False
17011,2763,1076,3019,1332,2163,65536,0,0,0,False,False
17012,1961,1824,2217,2080,2163,65536,0,0,0,False,False
17013,3449,1863,3705,2119,2163,65536,0,0,0,False,False
17014,3158,1033,3414,1289,2163,65536,0,0,0,False,False
17015,2883,2231,3139,2487,2163,65536,0,0,0,False,False
17016,2451,2228,2707,2484,2163,65536,0,0,0,False,False
17017,1587,932,1843,1188,2163,65536,0,0,0,False,False
17018,1971,1119,2227,1375,2163,65536,0,0,0,False,False
17019,3849,1633,4105,1889,2163,65536,0,0,0,False,False
17020,2165,1840,2421,2096,2163,65536,0,0,0,False,False
17021,3422,2262,3678,2518,2163,65536,0,0,0,False,False
17022,3810,1982,4066,2238,2163,65536,0,0,0,False,False
17023,3219,1858,3475,2114,2163,65536,0,0,0,False,False
17024,1323,1399,1579,1655,2163,65536,0,0,0,False,False
17025,1250,1231,1506,1487,2163,65536,0,0,0,False,False
17026,2915,1892,3171,2148,2163,65536,0,0,0,False,False
17027,1914,1293,2170,1549,2163,65536,0,0,0,False,False
17028,1467,1741,1723,1997,2163,65536,0,0,0,False,False
17029,1523,1310,1779,1566,2163,65536,0,0,0,False,False
17030,2580,1936,2836,2192,2164,65536,0,0,0,False,False
17031,2749,1314,3005,1570,2164,65536,0,0,0,False,False
17032,3582,1206,3838,1462,2164,65536,0,0,0,False,False
17033,2873,1717,3129,1973,2164,65536,0,0,0,False,False
17034,3417,1554,3673,1810,2164,65536,0,0,0,False,False
17035,2895,1383,3151,1639,2164,65536,0,0,0,False,False
17036,2206,2328,2462,2584,2164,64899,637,0,0,True,False
17037,3421,1332,3677,1588,2164,65536,0,0,0,False,False
17038,1310,940,1566,1196,2164,65536,0,0,0,False,False
17039,3892,1296,4148,1552,2164,65536,0,0,0,False,False
17040,1376,1900,1632,2156,2164,65536,0,0,0,False,False
17041,3929,936,4185,1192,2164,65536,0,0,0,False,False
17042,2193,1949,2449,2205,2164,63899,1637,0,0,True,False
17043,1215,2503,1471,2759,2164,65536,0,0,0,False,False
17044,3779,2207,4035,2463,2164,65536,0,0,0,False,False
17045,1584,2172,1840,2428,2164,65536,0,0,0,False,False
17046,3106,1763,3362,2019,2164,65536,0,0,0,False,False
17047,2122,853,2378,1109,2164,65536,0,0,0,False,True
17048,2230,1039,2486,1295,2164,65536,0,0,0,False,False
17049,3543,1893,3799,2149,2164,65536,0,0,0,False,False
17050,2787,2296,3043,2552,2164,65536,0,0,0,False,False
17051,3762,2487,4018,2743,2164,65536,0,0,0,False,False
17052,3273,1587,3529,1843,2164,65536,0,0,0,False,False
17053,1466,1944,1722,2200,2164,65536,0,0,0,False,False
17054,3068,1600,3324,1856,2164,65536,0,0,0,False,False
17055,3277,1925,3533,2181,2164,65536,0,0,0,False,False
17056,2511,1453,2767,1709,2164,65536,0,0,0,False,False
17057,2110,1135,2366,1391,2164,65536,0,0,0,False,False
17058,3109,1047,3365,1303,2164,65536,0,0,0,False,False
17059,1957,1265,2213,1521,2164,65536,0,0,0,False,False
17060,1496,1034,1752,1290,2164,63500,2036,0,0,True,False
17061,3097,1884,3353,2140,2164,65536,0,0,0,False,False
17062,1852,1479,2108,1735,2164,63573,1963,0,0,True,False
17063,2184,1236,2440,1492,2164,65536,0,0,0,False,False
17064,1413,1943,1669,2199,2164,65536,0,0,0,False,False
17065,3082,1262,3338,1518,2164,65536,0,0,0,False,False
17066,2433,1204,2689,1460,2164,65536,0,0,0,False,False
17067,1134,1917,1390,2173,2164,65536,0,0,0,False,False
17068,1915,1316,2171,1572,2164,65536,0,0,0,False,False
17069,3577,1555,3833,1811,2164,65536,0,0,0,False,False
17070,3532,968,3788,1224,2164,65536,0,0,0,False,False
17071,2842,1179,3098,1435,2164,65536,0,0,0,False,False
17072,1643,1067,1899,1323,2164,60715,4821,0,0,True,False
17073,3609,1918,3865,2174,2164,65536,0,0,0,False,False
17074,2495,1463,2751,1719,2164,65536,0,0,0,False,False
17075,3906,938,4162,1194,2164,65536,0,0,0,False,False
17076,2468,947,2724,1203,2164,65536,0,0,0,False,False
17077,3116,1497,3372,1753,2164,65536,0,0,0,False,False
17078,2115,1630,2371,1886,2164,65536,0,0,0,False,False
17079,2585,1824,2841,2080,2164,65536,0,0,0,False,False
17080,2401,1480,2657,1736,2169,65536,0,0,0,False,False
17081,2448,2469,2704,2725,2169,65536,0,0,0,False,False
17082,2642,1792,2898,2048,2169,65536,0,0,0,False,False
17083,1412,2131,1668,2387,2169,65536,0,0,0,False,False
17084,2185,2313,2441,2569,2169,65536,0,0,0,False,False
17085,2425,1585,2681,1841,2169,65536,0,0,0,False,False
17086,1908,1881,2164,2137,2169,65536,0,0,0,False,False
17087,2135,2212,2391,2468,2169,65536,0,0,0,False,True
17088,2891,1377,3147,1633,2169,65536,0,0,0,False,False
17089,1627,2289,1883,2545,2169,65536,0,0,0,False,False
17090,3198,2245,3454,2501,2169,65536,0,0,0,False,False
17091,1554,2379,1810,2635,2169,65536,0,0,0,False,False
17092,3451,2091,3707,2347,2169,65536,0,0,0,False,False
17093,1808,1590,2064,1846,2169,65536,0,0,0,False,False
17094,3531,2191,3787,2447,2169,65536,0,0,0,False,False
17095,2958,1316,3214,1572,2169,65536,0,0,0,False,False
17096,3389,1051,3645,1307,2169,65536,0,0,0,False,False
17097,1664,1140,1920,1396,2169,65536,0,0,0,False,False
17098,3968,2116,4224,2372,2169,65536,0,0,0,False,False
17099,1930,1081,2186,1337,2169,65536,0,0,0,False,False
17100,1522,1539,1778,1795,2169,65536,0,0,0,False,False
17101,2627,1904,2883,2160,2169,65536,0,0,0,False,False
17102,2140,1396,2396,1652,2169,65536,0,0,0,False,False
17103,1223,1389,1479,1645,2169,65536,0,0,0,False,False
17104,3818,1645,4074,1901,2169,65536,0,0,0,False,False
17105,2570,1893,2826,2149,2169,65536,0,0,0,False,False
17106,2796,1700,3052,1956,2169,65536,0,0,0,False,False
17107,3439,1015,3695,1271,2169,65536,0,0,0,False,False
17108,2259,1231,2515,1487,2169,65536,0,0,0,False,False
17109,3989,2292,4245,2548,2169,65536,0,0,0,False,False
17110,3615,1306,3871,1562,2169,65536,0,0,0,False,False
17111,2392,1837,2648,2093,2169,65536,0,0,0,False,False
17112,2902,1933,3158,2189,2169,65536,0,0,0,False,False
17113,3140,1767,3396,2023,2169,65536,0,0,0,False,False
17114,1592,2310,1848,2566,2169,65536,0,0,0,False,False
17115,1598,2009,1854,2265,2169,65536,0,0,0,False,False
17116,3280,1217,3536,1473,2169,65536,0,0,0,False,False
17117,3274,2048,3530,2304,2169,65536,0,0,0,False,False
17118,3095,1876,3351,2132,2169,65536,0,0,0,False,False
17119,1626,1251,1882,1507,2169,65536,0,0,0,False,False
17120,3064,1930,3320,2186,2169,65536,0,0,0,False,False
17121,3945,2410,4201,2666,2169,65536,0,0,0,False,False
17122,2686,1150,2942,1406,2169,65536,0,0,0,False,False
17123,2445,1456,2701,1712,2169,65536,0,0,0,False,False
17124,1622,1679,1878,1935,2169,65536,0,0,0,False,False
17125,1545,1275,1801,1531,2169,65536,0,0,0,False,False
17126,1333,1299,1589,1555,2169,65536,0,0,0,False,False
17127,3350,1285,3606,1541,2169,65536,0,0,0,False,False
17128,1926,1204,2182,1460,2169,65536,0,0,0,False,False
17129,2953,1743,3209,1999,2169,65536,0,0,0,False,False
17130,3540,1723,3796,1979,2170,65536,0,0,0,False,False
17131,1162,1482,1418,1738,2170,65536,0,0,0,False,False
17132,3473,1516,3729,1772,2170,65536,0,0,0,False,False
17133,2695,1732,2951,1988,2170,65536,0,0,0,False,False
17134,2349,920,2605,1176,2170,65536,0,0,0,False,False
17135,2032,1855,2288,2111,2170,65536,0,0,0,False,False
17136,1534,1155,1790,1411,2170,65536,0,0,0,False,False
17137,3183,2093,3439,2349,2170,65536,0,0,0,False,False
17138,2386,2334,2642,2590,2170,65536,0,0,0,False,False
17139,1285,2233,1541,2489,2170,65536,0,0,0,False,False
17140,3965,2227,4221,2483,2170,65536,0,0,0,False,False
17141,2842,870,3098,1126,2170,65536,0,0,0,False,False
17142,3487,1607,3743,1863,2170,65536,0,0,0,False,False
17143,2789,2079,3045,2335,2170,65536,0,0,0,False,False
17144,2584,2518,2840,2774,2170,65536,0,0,0,False,False
17145,1709,2372,1965,2628,2170,65536,0,0,0,False,False
17146,1893,1984,2149,2240,2170,65536,0,0,0,False,False
17147,2526,1891,2782,2147,2170,65536,0,0,0,False,False
17148,1439,1639,1695,1895,2170,65536,0,0,0,False,False
17149,2027,1462,2283,1718,2170,65536,0,0,0,False,False
17150,2430,868,2686,1124,2170,65536,0,0,0,False,False
17151,3949,1321,4205,1577,2170,65536,0,0,0,False,False
17152,1747,2147,2003,2403,2170,65536,0,0,0,False,False
17153,3218,1015,3474,1271,2170,65536,0,0,0,False,False
17154,1269,921,1525,1177,2170,65536,0,0,0,False,False
17155,3813,2357,4069,2613,2170,65536,0,0,0,False,False
17156,1971,1095,2227,1351,2170,65536,0,0,0,False,False
17157,3272,2211,3528,2467,2170,65536,0,0,0,False,False
17158,1610,1174,1866,1430,2170,65536,0,0,0,False,False
17159,3199,1949,3455,2205,2170,65536,0,0,0,False,False
17160,3204,868,3460,1124,2170,65536,0,0,0,False,False
17161,3229,1788,3485,2044,2170,65536,0,0,0,False,False
17162,2251,957,2507,1213,2170,65536,0,0,0,False,False
17163,1734,1954,1990,2210,2170,65536,0,0,0,False,False
17164,3558,2043,3814,2299,2170,65536,0,0,0,False,False
17165,1600,2049,1856,2305,2170,64898,638,0,0,True,False
17166,2156,1279,2412,1535,2170,65536,0,0,0,False,False
17167,2609,1015,2865,1271,2170,65536,0,0,0,False,False
17168,2301,2429,2557,2685,2170,65536,0,0,0,False,False
17169,3357,1816,3613,2072,2170,65536,0,0,0,False,False
17170,1318,1402,1574,1658,2170,65536,0,0,0,False,False
17171,2058,1147,2314,1403,2170,65536,0,0,0,False,False
17172,1693,1339,1949,1595,2170,65536,0,0,0,False,False
17173,1815,2185,2071,2441,2170,65536,0,0,0,False,False
17174,1180,2094,1436,2350,2170,65536,0,0,0,False,False
17175,3646,2079,3902,2335,2170,65536,0,0,0,False,False
17176,2319,1800,2575,2056,2170,65536,0,0,0,False,False
17177,2836,2487,3092,2743,2170,65536,0,0,0,False,False
17178,1160,1178,1416,1434,2170,65536,0,0,0,False,False
17179,1894,1179,2150,1435,2170,65536,0,0,0,False,False
17180,3372,1140,3628,1396,2171,62234,3302,0,0,True,False
17181,3060,1926,3316,2182,2171,65536,0,0,0,False,False
17182,2222,2523,2478,2779,2171,65536,0,0,0,False,False
17183,2647,2012,2903,2268,2171,65536,0,0,0,False,False
17184,1220,2081,1476,2337,2171,65536,0,0,0,False,False
17185,3303,1228,3559,1484,2171,62128,3408,0,0,True,False
17186,1364,2061,1620,2317,2171,65536,0,0,0,False,False
17187,2797,1517,3053,1773,2171,65536,0,0,0,False,False
17188,3823,1461,4079,1717,2171,65536,0,0,0,False,False
17189,2454,958,2710,1214,2171,65536,0,0,0,False,False
17190,1174,2097,1430,2353,2171,65536,0,0,0,False,False
17191,1707,928,1963,1184,2171,65536,0,0,0,False,False
17192,1474,1839,1730,2095,2171,65536,0,0,0,False,False
17193,2308,1983,2564,2239,2171,65536,0,0,0,False,False
17194,2215,2452,2471,2708,2171,65536,0,0,0,False,False
17195,2662,1125,2918,1381,2171,65536,0,0,0,False,False
17196,2665,1612,2921,1868,2171,65536,0,0,0,False,False
17197,2488,1940,2744,2196,2171,65536,0,0,0,False,False
17198,2220,1126,2476,1382,2171,65536,0,0,0,False,False
17199,2190,884,2446,1140,2171,65536,0,0,0,False,False
17200,2394,1145,2650,1401,2171,65536,0,0,0,False,False
17201,2365,2511,2621,2767,2171,65536,0,0,0,False,False
17202,1866,1885,2122,2141,2171,65536,0,0,0,False,False
17203,2948,1201,3204,1457,2171,65413,123,0,0,True,False
17204,3410,2466,3666,2722,2171,65536,0,0,0,False,False
17205,3240,2181,3496,2437,2171,65536,0,0,0,False,False
17206,3656,1361,3912,1617,2171,65536,0,0,0,False,False
17207,2098,948,2354,1204,2171,65536,0,0,0,False,False
17208,1571,1298,1827,1554,2171,65536,0,0,0,False,False
17209,2371,1363,2627,1619,2171,65536,0,0,0,False,False
17210,2283,1121,2539,1377,2171,65536,0,0,0,False,False
17211,2227,1008,2483,1264,2171,65536,0,0,0,False,False
17212,1794,2202,2050,2458,2171,65536,0,0,0,False,False
17213,2242,2199,2498,2455,2171,65536,0,0,0,False,False
17214,3221,1591,3477,1847,2171,65536,0,0,0,False,False
17215,2081,1766,2337,2022,2171,65536,0,0,0,False,False
17216,2379,1255,2635,1511,2171,65536,0,0,0,False,False
17217,2509,1980,2765,2236,2171,65536,0,0,0,False,False
17218,2830,1360,3086,1616,2171,65536,0,0,0,False,False
17219,1879,1464,2135,1720,2171,65536,0,0,0,False,False
17220,3021,1406,3277,1662,2171,65536,0,0,0,False,False
17221,3951,2135,4207,2391,2171,65536,0,0,0,False,False
17222,3362,1270,3618,1526,2171,63014,2522,0,0,True,False
17223,1373,1163,1629,1419,2171,65536,0,0,0,False,False
17224,3244,1679,3500,1935,2171,65536,0,0,0,False,False
17225,2071,1050,2327,1306,2171,65536,0,0,0,False,False
17226,1976,1946,2232,2202,2171,65536,0,0,0,False,False
17227,1966,2185,2222,2441,2171,65536,0,0,0,False,False
17228,2414,1803,2670,2059,2171,65536,0,0,0,False,False
17229,2489,1768,2745,2024,2171,65536,0,0,0,False,False
17230,2845,1857,3101,2113,2172,65536,0,0,0,False,False
17231,3605,1062,3861,1318,2172,65536,0,0,0,False,False
17232,1193,1096,1449,1352,2172,65536,0,0,0,False,False
17233,2608,1230,2864,1486,2172,65536,0,0,0,False,False
17234,2291,1737,2547,1993,2172,65536,0,0,0,False,False
17235,1748,2208,2004,2464,2172,65536,0,0,0,False,False
17236,2247,1438,2503,1694,2172,65536,0,0,0,False,True
17237,3065,2451,3321,2707,2172,65536,0,0,0,False,False
17238,3482,1838,3738,2094,2172,65536,0,0,0,False,False
17239,2185,1804,2441,2060,2172,65536,0,0,0,False,False
17240,3366,2472,3622,2728,2172,65536,0,0,0,False,False
17241,1382,1386,1638,1642,2172,65536,0,0,0,False,False
17242,2909,2115,3165,2371,2172,65536,0,0,0,False,False
17243,1161,2196,1417,2452,2172,65536,0,0,0,False,False
17244,1823,1323,2079,1579,2172,65536,0,0,0,False,False
17245,1864,1175,2120,1431,2172,65536,0,0,0,False,False
17246,3441,2125,3697,2381,2172,65536,0,0,0,False,False
17247,1256,1501,1512,1757,2172,65536,0,0,0,False,False
17248,2524,2259,2780,2515,2172,64917,619,0,0,True,False
17249,2870,1892,3126,2148,2172,65536,0,0,0,False,False
17250,3433,1766,3689,2022,2172,65536,0,0,0,False,False
17251,2957,2433,3213,2689,2172,65536,0,0,0,False,False
17252,2248,2056,2504,2312,2172,65126,410,0,0,True,False
17253,1989,2239,2245,2495,2172,64960,576,0,0,True,False
17254,2568,851,2824,1107,2172,65536,0,0,0,False,False
17255,1418,2139,1674,2395,2172,65536,0,0,0,False,False
17256,1448,1941,1704,2197,2172,63613,1923,0,0,True,False
17257,3849,2517,4105,2773,2172,65536,0,0,0,False,False
17258,3687,2385,3943,2641,2172,65536,0,0,0,False,False
17259,1127,958,1383,1214,2172,65536,0,0,0,False,False
17260,3748,937,4004,1193,2172,65536,0,0,0,False,False
17261,1439,1574,1695,1830,2172,65536,0,0,0,False,False
17262,2371,1737,2627,1993,2172,65536,0,0,0,False,False
17263,1966,1568,2222,1824,2172,65536,0,0,0,False,False
17264,2274,1763,2530,2019,2172,65536,0,0,0,False,False
17265,3374,1563,3630,1819,2172,65536,0,0,0,False,False
17266,1874,1169,2130,1425,2172,65536,0,0,0,False,False
17267,2292,1508,2548,1764,2172,65536,0,0,0,False,False
17268,2066,1981,2322,2237,2172,64868,668,0,0,True,False
17269,2873,2342,3129,2598,2172,65536,0,0,0,False,False
17270,1189,2451,1445,2707,2172,65536,0,0,0,False,False
17271,3987,1252,4243,1508,2172,65536,0,0,0,False,False
17272,2563,1434,2819,1690,2172,65536,0,0,0,False,False
17273,1975,1711,2231,1967,2172,65536,0,0,0,False,False
17274,3006,1305,3262,1561,2172,65536,0,0,0,False,False
17275,2471,1043,2727,1299,2172,65536,0,0,0,False,False
17276,2460,1362,2716,1618,2172,65536,0,0,0,False,False
17277,3637,1102,3893,1358,2172,65536,0,0,0,False,False
17278,2196,1849,2452,2105,2172,65536,0,0,0,False,False
17279,2955,1389,3211,1645,2172,65536,0,0,0,False,False
